Index;Frequency (Hz);Z' (Ω);-Z'' (Ω);Z (Ω);-Phase (°);Time (s)
1;10000;113.561942404042;56.3973942942805;126.795034783557;26.4100202434765;7.16213398191735
2;7943.3;114.079032940187;69.0534236850396;133.350669586597;31.1870286596194;8.57915697833971
3;6309.6;114.630675398222;85.2055421104964;142.829185212953;36.623602836603;10.4061889737269
4;5011.9;115.404393574551;105.836049517002;156.586855877737;42.5235797827345;12.1782239692529
5;3981.1;116.286050826979;131.876805258734;175.823597341724;48.5948649633729;14.0802579644508
6;3162.3;117.519336532189;164.763993877483;202.38075041225;54.501308716364;16.027294959535
7;2511.9;119.266436517736;206.184931633603;238.194686994468;59.9530226553119;18.0343329544677
8;1995.3;121.781939411992;258.276527910726;285.547904276264;64.7552954756192;20.2163709489586
9;1584.9;125.417780467057;323.655359301913;347.10576379849;68.818445986414;22.3734129435126
10;1258.9;130.649207796937;405.400668752477;425.932996752919;72.1373319753324;24.6254549378267
11;1000;138.271507108664;507.651647174772;526.145611553836;74.7636809691561;26.8424959322292
12;794.33;149.271264021057;635.609049361363;652.901810299604;76.7837236220187;29.4645439256092
13;630.96;165.09201287132;794.727151175997;811.69367222507;78.2646145965759;31.8415869196077
14;501.19;187.578883792326;993.423937424498;1010.97821791212;79.3072683064036;34.4886379129246
15;398.11;220.253828832217;1239.69324094277;1259.10725546097;79.9254987799825;37.1906849061025
16;316.23;267.324031990057;1544.66287257387;1567.62416668906;80.1814724085751;39.9877368990407
17;251.19;334.733859931075;1918.68039690606;1947.66044844987;80.1037521500766;43.0497938913097
18;199.53;431.269162371617;2375.56110122017;2414.39094515431;79.7103540692871;46.0518498837303
19;158.49;566.599936124038;2930.58170584584;2984.85252939807;79.057422464027;49.1889078758099
20;125.89;751.885218874322;3595.26585950123;3673.04614493976;78.1878601351848;52.755976866804
21;100;997.217428093511;4381.22334648195;4493.27949393892;77.1772708021296;56.1880388581388
22;79.433;1310.90684865603;5303.79035218205;5463.39353019281;76.1167825868398;59.8001058490192
23;63.096;1693.05534223946;6385.58247224012;6606.21676163186;75.1504289876004;63.417170839887
24;50.119;2140.09093046313;7657.47989815935;7950.91111642968;74.38553463054;68.2012638278084
25;39.811;2640.53371551109;9146.34401951209;9519.87537870194;73.896662543608;72.2383338176157
26;31.623;3194.66322892367;10943.2627143863;11400.0382447742;73.7259079482094;76.2654108074483
27;25.119;3800.87748650614;13106.7741857445;13646.7651560188;73.8281919090088;80.5424877966498
28;19.953;4467.11599605688;15746.5463448777;16367.9212826067;74.1619641336777;85.1195747850937
29;15.849;5176.58530834309;18988.9994127041;19681.949449946;74.7511518881666;89.7716587733483
30;12.589;5966.34206520703;22960.8049752242;23723.3177011425;75.433888286005;95.5057687588711
31;10;6799.17301726577;27888.3882451255;28705.2425983403;76.2986099969695;100.742862745649
32;7.9433;7666.24590623767;33959.0491320116;34813.6229692528;77.2787370200601;105.949960732502
33;6.3096;8563.22445268594;41562.3891465719;42435.374448662;78.3580848299675;111.367060718825
34;5.0119;9492.40723864023;51063.9325791436;51938.7235656741;79.4693399196376;116.829159705035
35;3.9811;10461.6335435219;62905.7995435365;63769.7843230675;80.5577659564037;122.416263690929
36;3.1623;11525.2485627904;77790.5794040737;78639.7202338335;81.5725132995754;128.328372676002
37;2.5119;12532.6677958556;96577.2182647124;97386.9952808442;82.6061393515004;134.240484661075
38;1.9953;13713.2671097243;120031.073499087;120811.888074667;83.482351516718;137.662547652435
39;1.5849;15105.2398281095;149664.763073195;150425.096230717;84.2368151855564;142.61163963994
40;1.2589;16640.3688457744;186885.817869846;187625.186998454;84.9117851797089;146.12870263106
41;1;18542.1549240586;233374.936977346;234110.385755113;85.457266453681;151.882813616533
42;0.79433;20982.7809866816;292121.793555908;292874.408865397;85.8915643574001;155.674882606959
43;0.63096;24194.7860643833;365933.211698573;366732.195337052;86.2172213097722;159.991961596059
44;0.50119;28681.430708212;458838.581064661;459734.127448574;86.4231656714743;164.544045584566
45;0.39811;34911.7055218493;575026.906643287;576085.731941168;86.5256564043971;169.491134572076
46;0.31623;43830.6864659557;721605.546265831;722935.469788061;86.5240958047882;174.853234558538
47;0.25119;57065.5179923744;905360.750347101;907157.407296443;86.3933783159662;181.090351542791
48;0.19953;76521.4950378514;1136186.70705684;1138760.63002524;86.1469821832897;188.157482524948
49;0.15849;106851.622631065;1425052.43258834;1429052.72991756;85.7119385515935;196.309634504366
50;0.12589;151823.298302231;1787213.73920599;1793650.81984037;85.1443975282971;205.301800481663
51;0.1;220675.590380295;2238378.39252612;2249229.98920019;84.3695606904797;215.993998454668
