Index;Frequency (Hz);Z' (Ω);-Z'' (Ω);Z (Ω);-Phase (°);Time (s)
1;10000;145.935328736515;58.6597271283102;157.283450369715;21.8980062061881;7.1681349819022
2;7943.3;146.48405647722;71.7986963604715;163.133784364504;26.1116376720378;8.55015597841293
3;6309.6;147.155258880592;88.6526613417139;171.79628802504;31.066569002458;10.2271889741788
4;5011.9;147.932303557663;110.047558488087;184.37578898832;36.6457381914365;11.9992219697049
5;3981.1;149.01819969342;137.178121003229;202.544466036089;42.6309971067875;13.8362559650668
6;3162.3;150.561465618077;171.435249942826;228.163975798159;48.7090708122975;15.7882899601384
7;2511.9;152.624988581185;214.461316949842;263.226221352029;54.5618064539622;17.8453299549449
8;1995.3;155.681524807263;268.54013152771;310.403832784381;59.8977235131941;20.0323679494231
9;1584.9;159.979757243837;336.195763489431;372.318565365788;64.5524195996754;22.2244089438888
10;1258.9;166.034050753508;420.856812197971;452.424316745968;68.4700543355007;24.6264529378242
11;1000;174.857313433357;526.490164339814;554.767494728824;71.627699729665;26.9834999318732
12;794.33;187.178456487922;658.058753128103;684.161601627653;74.1221096074622;29.5055449255057
13;630.96;204.514685834314;822.79792009676;847.834107616262;76.0414331535865;33.0446109165704
14;501.19;229.20440138053;1026.48345477764;1051.76182690971;77.4128569275488;35.6266589100513
15;398.11;264.397666837432;1279.47811061018;1306.51075837885;78.3244564831551;38.2737089033682
16;316.23;314.43610932677;1591.27523077058;1622.04405825259;78.8223450863456;41.1757618960412
17;251.19;386.349906248921;1976.78475563449;2014.1857461931;78.9413083232565;44.0778138887142
18;199.53;488.724312455961;2447.07017713635;2495.39654271935;78.7055964401469;47.0848688811221
19;158.49;631.908091150085;3015.72861664996;3081.22166111794;78.1656058951247;50.3269318729367
20;125.89;827.970075763991;3696.5346798603;3788.12659315532;77.3749555876243;53.7039948644104
21;100;1089.99048062075;4501.13845066661;4631.23380967893;76.3873682048788;57.0260538560231
22;79.433;1423.50868949381;5444.7870768269;5627.79559872652;75.3482972374364;60.4531198473705
23;63.096;1834.14834242774;6545.58225174598;6797.70160836752;74.3465096116892;63.9951818384277
24;50.119;2314.13781261795;7835.28238194883;8169.8766098801;73.5455808015714;68.9242758259829
25;39.811;2858.49998630857;9341.60777941751;9769.16875052324;72.9860687238789;72.7213448163963
26;31.623;3467.63097114665;11147.9540797941;11674.8166888073;72.7214136089297;76.6934198063677
27;25.119;4133.99753030702;13320.6063797949;13947.3470561974;72.7584768847997;80.7404927961499
28;19.953;4879.95182049969;15941.1877130933;16671.3945269877;72.9794862251125;85.3975807843918
29;15.849;5690.55068766363;19147.5144819371;19975.2266060953;73.4482999206181;89.9846657728106
30;12.589;6553.84471532288;23063.779735388;23976.8808696014;74.1368764188036;95.7437737582702
31;10;7487.45421701498;27897.5701531714;28884.8817048472;74.9763894521678;100.78586674554
32;7.9433;8442.9359159632;33833.7411716312;34871.2662309529;75.9884626607691;105.987961732406
33;6.3096;9440.04261681876;41244.7074147429;42311.2313025171;77.1082582885735;111.485061718527
34;5.0119;10496.98338724;50502.0660769459;51581.4437397036;78.2581143927405;114.737121710317
35;3.9811;11569.0328076274;62049.4476194429;63118.7489576746;79.4385505078005;117.7141797028
36;3.1623;12738.5026588323;76594.6105961015;77646.6600850126;80.5575235676518;120.961239694602
37;2.5119;13916.109090359;94797.3059347328;95813.2939873069;81.6487101162934;124.183299686467
38;1.9953;15297.0478117392;117642.146132899;118632.517542658;82.591378628811;127.31535467856
39;1.5849;16700.6817795543;146388.314353462;147337.881589054;83.491561547289;132.129445666405
40;1.2589;18323.6111804578;182555.55811441;183472.84955861;84.2682596785794;135.46650665798
41;1;20233.7292478792;227857.724981096;228754.336861266;84.9254543763283;141.065611643844
42;0.79433;22673.6235247883;284951.897249239;285852.54406719;85.450559873411;144.867682634244
43;0.63096;25864.9279052839;356706.827591178;357643.33538556;85.852722703648;149.034757623723
44;0.50119;30241.2709774947;446880.422790966;447902.496916647;86.1285852067188;153.611841612167
45;0.39811;36241.3816027764;560368.800125845;561539.517661008;86.2995971125851;158.503933599816
46;0.31623;44602.5585521949;702793.870017716;704207.790331717;86.3686143188174;163.936035586101
47;0.25119;57344.7913471171;882092.395617352;883954.421619466;86.2804377626992;170.068146570619
48;0.19953;75699.3177220397;1105943.34015497;1108531.03625325;86.0843410664833;176.865272553458
49;0.15849;103741.253107665;1388655.14566757;1392524.8152853;85.7275821088706;184.912421533141
50;0.12589;145625.076466291;1740287.71073212;1746369.94334564;85.2167052221734;194.204595509681
51;0.1;210752.390180516;2181470.64063691;2191627.41494252;84.4817669928534;204.841791482824
