Index;Frequency (Hz);Z' (Ω);-Z'' (Ω);Z (Ω);-Phase (°);Time (s)
1;10000;146.693120218905;58.6260469246274;157.974317208737;21.7841675124797;7.11613298203349
2;7943.3;147.193203914252;71.6802483050328;163.718958204644;25.9651879408161;8.63315897820337
3;6309.6;147.701417104902;88.3767157837413;172.122492741409;30.8940706538681;10.3351899739062
4;5011.9;148.494564047152;109.72947148665;184.638003846156;36.4624017373974;12.1222229693943
5;3981.1;149.391569242187;136.69445248045;202.492504304661;42.4587569963214;13.969255964731
6;3162.3;150.748265185901;170.807302603832;227.816097059351;48.5695567752974;15.8162909600677
7;2511.9;152.650300693408;213.735213335131;262.649682507331;54.4654657397154;17.8633279548994
8;1995.3;155.42469965409;267.714752703015;309.561021573131;59.8622280105341;19.9503679496302
9;1584.9;159.383179377692;335.291029093754;371.245299039988;64.5755614035485;22.1224059441463
10;1258.9;165.273627328414;420.27767800919;451.606796365032;68.5328339686561;24.3744499384604
11;1000;173.579348738985;525.974682576642;553.876481736;71.7363533103575;26.8014949323327
12;794.33;185.552546892466;658.000275658796;683.662278047672;74.2518328991882;29.4435419256622
13;630.96;202.622552275997;822.888621044541;847.467746486806;76.1670586796584;33.6996239149166
14;501.19;227.572766123721;1027.87194873118;1052.76308202256;77.5159911809285;36.0966649088647
15;398.11;263.410618119837;1281.31313053012;1308.10874632317;78.3830605455968;38.7437159021815
16;316.23;314.763905100486;1594.23671198272;1625.01292603707;78.8312482723241;41.5307658951449
17;251.19;388.923395745249;1980.16846686086;2018.00113104728;78.8880255916753;44.2978178881588
18;199.53;493.587831480488;2448.80128270262;2498.05057385787;78.6039823043156;47.2848728806172
19;158.49;639.323118253923;3013.98973894394;3081.04985288996;78.0240137874151;50.39692987276
20;125.89;837.552108217705;3688.78669195715;3782.67640603054;77.2076757180574;53.7989928641706
21;100;1097.46625154179;4486.15265302579;4618.44105727501;76.2534743398668;57.2810578553792
22;79.433;1426.29452096301;5418.38725573209;5602.96675999502;75.2524504214661;60.898123846247
23;63.096;1821.37244010414;6506.67756371225;6756.79291407449;74.361814151105;64.5201948371022
24;50.119;2281.16687910001;7790.6491995151;8117.75444813454;73.6795303519784;69.1992818252886
25;39.811;2786.08420313594;9290.02529166677;9698.80585983511;73.305980613688;72.9413498158408
26;31.623;3344.1505986646;11106.6131016057;11599.1464261517;73.2431912192647;77.1234248052821
27;25.119;3946.49425724458;13295.272233166;13868.6365831851;73.4672995606407;81.1404987951399
28;19.953;4603.77649145189;15975.2867116497;16625.4185963138;73.924015761911;85.7075857836091
29;15.849;5306.93391566008;19262.5585723853;19980.2329901269;74.596844664394;90.4496737716365
30;12.589;6060.32593783101;23324.3574614408;24098.8215782809;75.4350040397205;96.0637797574623
31;10;6867.56742930082;28349.8821769805;29169.8354785328;76.3828003484451;101.145872744631
32;7.9433;7689.54736828469;34553.4875576118;35398.7660960538;77.4538204390904;106.542969731005
33;6.3096;8557.44713860593;42347.1610696473;43203.1474801164;78.5756092538135;112.000070717227
34;5.0119;9447.46050148551;52049.9581410625;52900.4031403683;79.7123827025849;115.252130709016
35;3.9811;10358.3654835253;64245.3775139596;65075.0664033581;80.8409492046699;118.444190700957
36;3.1623;11351.1263724797;79542.2713509247;80348.1238212078;81.8784077743809;121.646249692873
37;2.5119;12366.9063086725;98722.5355607739;99494.1174100045;82.8597898483188;124.953310684523
38;1.9953;13657.7492416071;122906.892181929;123663.407118545;83.6591507307559;128.355376675934
39;1.5849;14843.3472231536;153316.697365215;154033.550396542;84.4701467831256;134.47648866048
40;1.2589;16362.7956875454;191530.951358617;192228.630570603;85.116986483787;137.903549651827
41;1;18307.9023980515;239314.316295764;240013.585603661;85.6253083317338;143.632659637362
42;0.79433;20807.0795592431;299688.505004446;300409.944228857;86.0283835073884;147.434729627763
43;0.63096;24124.553272813;375373.795213773;376148.215739227;86.322767464802;151.661806617091
44;0.50119;28660.6607049501;470716.898236794;471588.625560151;86.5157186158135;156.158889605737
45;0.39811;35211.8678327976;590046.959411607;591096.684094199;86.5848454201545;161.035980593423
46;0.31623;44276.7873583787;740678.340343978;742000.564523699;86.5790039507253;166.348080580011
47;0.25119;57510.4978006145;928459.294727761;930238.743185665;86.4555212306312;172.605192564214
48;0.19953;77782.0148554256;1165761.92081549;1168353.92662428;86.1827664915571;179.632324546472
49;0.15849;108120.270252301;1461811.01850262;1465804.02737033;85.7699212719162;187.709474526079
50;0.12589;154214.110828338;1832615.47060697;1839092.56294689;85.1899075401991;197.066645502455
51;0.1;223304.815821036;2293445.05061774;2304290.61556303;84.4388375450727;208.018850474803
