Index;Frequency (Hz);Z' (Ω);-Z'' (Ω);Z (Ω);-Phase (°);Time (s)
1;10000;127.072880434555;66.293899000872;143.326194349367;27.551041203073;6.81712698278841
2;7943.3;127.91719952334;81.0253762841381;151.419686751361;32.351007811559;8.2891519790719
3;6309.6;129.050986027068;99.9005620541218;163.200120383804;37.7440630016836;10.0061849747368
4;5011.9;130.248239869157;123.657349970586;179.598842398167;43.513048134379;11.8182189701619
5;3981.1;131.790985900588;153.69226762203;202.460309916415;49.386939944689;13.8052559651451
6;3162.3;133.834121515204;191.571854559133;233.690709145597;55.0614433907961;15.7422899602545
7;2511.9;136.654790254165;239.25905045965;275.534798031507;60.2667940897252;17.7843289550989
8;1995.3;140.498980894895;298.993553512693;330.359060227885;64.8308687436958;19.9363669496655
9;1584.9;145.994284490917;374.050410524858;401.532116670422;68.6789781605976;22.0984069442069
10;1258.9;153.753222696506;467.637476011305;492.265032741291;71.7997961472868;24.3454489385337
11;1000;165.009168157351;584.633845027322;607.474080374967;74.2386191997673;26.6674939326711
12;794.33;181.181699405329;730.716105709726;752.843167826467;76.0743095445894;29.2145399262404
13;630.96;203.974000229763;911.877246005675;934.411849535645;77.3913059401956;33.3356189158357
14;501.19;237.138532256562;1135.68572545307;1160.17961992041;78.2057322043425;35.9126639093292
15;398.11;284.497965127665;1412.43056120502;1440.79810604668;78.6116163984107;38.8097169020149
16;316.23;352.047413390516;1752.16782621275;1787.18478968742;78.6393335115511;41.6367718948773
17;251.19;446.812766684168;2164.63985505912;2210.27313936137;78.3371264084052;44.5988248873988
18;199.53;579.062967481275;2663.67106905218;2725.88655017295;77.7351433047011;47.6408798797183
19;158.49;758.909578114965;3260.28572592326;3347.44779831047;76.8963770355354;50.8429418716339
20;125.89;996.938249852133;3964.24705991999;4087.68157102563;75.8838469481683;54.1650008632465
21;100;1302.51955959959;4787.62016336512;4961.63924845406;74.7804766644304;57.5970668545814
22;79.433;1677.84369841566;5747.85776440841;5987.73983704896;73.7270708613227;61.2691348453103
23;63.096;2123.30013113698;6862.44393410578;7183.42120410821;72.8074755539331;64.8662008362286
24;50.119;2632.09207388035;8167.79005997957;8581.41615057123;72.1383260208946;69.7402938239227
25;39.811;3196.59420735861;9712.60527171231;10225.1120135973;71.7826888455005;73.7423668138184
26;31.623;3814.73007578835;11558.5517054983;12171.782247469;71.7352861778968;77.8744428033859
27;25.119;4490.45730574044;13802.442631894;14514.5316638672;71.9783309379647;82.2015197924611
28;19.953;5238.23838282957;16538.6565602811;17348.3803905229;72.4256016665352;86.6836047811449
29;15.849;6067.21997350349;19874.276931467;20779.7507625939;73.023615934578;91.31569076945
30;12.589;6967.68657326574;23960.4064668855;24952.9504115573;73.7855684087353;96.1527787572376
31;10;7958.34184195894;29009.6892510025;30081.5105224655;74.6592350278008;101.91488674269
32;7.9433;9044.56779257305;35237.805338203;36380.0375426901;75.6045196683674;107.581990728382
33;6.3096;10211.5961478551;42972.577006522;44169.2095295847;76.632702400746;110.839051720158
34;5.0119;11495.0332096879;52608.466361331;53849.6659356688;77.6744966593351;113.971109712251
35;3.9811;12900.9476233477;64612.1351981249;65887.4985444214;78.7083833062754;119.973219697097
36;3.1623;14500.7691644291;79598.6568408368;80908.7045825439;79.6754457296144;125.835328682296
37;2.5119;16424.2717929627;98365.0427966147;99726.8186011614;80.5206209507475;131.82243866718
38;1.9953;18597.0504058039;121787.932351003;123199.63778408;81.3179849308642;138.494564650335
39;1.5849;21239.2843217224;151403.504281986;152885.997747878;82.0145070613454;144.650677634792
40;1.2589;24764.9499982019;188296.282921599;189917.85832434;82.5073956800782;148.157746625938
41;1;29570.2374025768;234369.86321784;236227.92325378;82.8090385556959;153.62684361213
42;0.79433;36107.7069603043;291958.110433281;294182.434468313;82.9497858005941;157.408914602581
43;0.63096;45099.1451605008;363903.81409299;366687.767461138;82.9352703012136;161.420986592451
44;0.50119;58149.5273502584;453040.198560295;456756.816087741;82.6858481212393;165.863069581236
45;0.39811;78583.1719048635;567212.982354536;572630.668282932;82.1123025684774;170.790160568796
46;0.31623;103595.231234404;696194.323578692;703859.721903237;81.5363661363561;176.192261555157
47;0.25119;157135.979746709;875987.438849483;889969.49900153;79.8303528055923;182.039371540395
48;0.19953;205495.998165847;1099413.58453156;1118453.76977089;79.4127727510919;189.156502522426
49;0.15849;281745.766965582;1350698.14003082;1379770.32243984;78.217469553655;197.243650502008
50;0.12589;463554.716979882;1706096.63809422;1767950.42751506;74.7994208118306;206.455823478749
51;0.1;697035.276148587;2038020.40537855;2153923.24583186;71.1184991258004;217.398025451123
