Index;Frequency (Hz);Z' (Ω);-Z'' (Ω);Z (Ω);-Phase (°);Time (s)
1;10000;130.817623707093;67.1725633092534;147.055785108599;27.1797059057822;7.1521339819426
2;7943.3;131.98282770781;82.0896010773417;155.42898511792;31.8804484115791;8.55415697840283
3;6309.6;133.26937260918;100.977546235717;167.204038585887;37.1510297022948;10.261190974093
4;5011.9;134.781774211771;124.805994751821;183.691760799619;42.7992455324129;12.0882219694802
5;3981.1;136.625825650055;154.862140568511;206.51609820065;48.5799208036587;13.990257964678
6;3162.3;138.99642492934;192.742729563913;237.633680152636;54.202740869052;15.9972949596107
7;2511.9;141.985488542459;240.25874960322;279.077311362897;59.418226267877;18.0893339543288
8;1995.3;146.056144306914;299.90383903995;333.57864134369;64.0334585027642;20.2813759487944
9;1584.9;151.759740379269;374.710154116048;404.275547612833;67.9517730067593;22.5084169431717
10;1258.9;159.691032204416;468.130940498317;494.618846404331;71.1642228359424;24.7404589375363
11;1000;170.918236018369;584.587770793537;609.061495388592;73.702455123531;27.1024999315728
12;794.33;187.28258530001;730.309191072985;753.940502508211;75.6168520513909;29.5245459254577
13;630.96;209.980790859589;910.937026097394;934.825223261109;77.0194442258629;33.6356229150782
14;501.19;242.798923571445;1134.29407853445;1159.98895420852;77.9179978271766;36.4126749080668
15;398.11;289.964618444257;1410.65287709553;1440.14617994404;78.3844435664874;39.1547249011438
16;316.23;356.330978042981;1749.2812500745;1785.20493439136;78.4862974862015;41.991775893981
17;251.19;450.627229212118;2163.50776197423;2209.9390796649;78.2343394316084;44.973831886452
18;199.53;581.362811670071;2662.63107729978;2725.35997119564;77.6832521772777;48.1708918783802
19;158.49;759.881979528443;3260.85252381562;3348.22039371466;76.8823692202169;51.4979528699802
20;125.89;997.193775297486;3965.35163313205;4088.81510952441;75.8841493895365;54.7950148616559
21;100;1303.29033650025;4793.07030845867;4967.10063145926;74.7884014504889;58.2220788530034
22;79.433;1682.06012705611;5755.16188253269;5995.93316883946;73.7079516793809;61.78414584401
23;63.096;2132.41150107909;6876.36813911134;7199.41786497491;72.7709586192087;65.6012128343729
24;50.119;2648.10623735546;8186.81187823423;8604.43812075594;72.0756800523516;70.290302822534
25;39.811;3224.70461512746;9730.68693124283;10251.0969173394;71.6650425155793;74.0573698130231
26;31.623;3860.25152570277;11576.6868720683;12203.3282663218;71.5590117771017;78.2644488024013
27;25.119;4557.78571454106;13819.0964310024;14551.3173557935;71.7465181887881;82.5715277915269
28;19.953;5321.47002454223;16522.5406450457;17358.3522429201;72.1476336710917;87.0486117802234
29;15.849;6167.52150381171;19845.7436912159;20782.0081839416;72.7361655551522;91.660698768579
30;12.589;7099.43275643635;23902.7196175253;24934.7538703952;73.4578645335491;96.4427867565054
31;10;8111.53286929291;28895.1291808278;30012.088495577;74.3193373619574;101.874886742791
32;7.9433;9199.5619187575;35035.8689609541;36223.529001827;75.2876475098136;107.211984729316
33;6.3096;10387.0275229663;42674.160713725;43920.0903162059;76.3200399917105;110.214038721736
34;5.0119;11633.0858187573;52145.5990889887;53427.4479085059;77.4239001912383;113.271097714018
35;3.9811;12975.8778980788;63996.1263826729;65298.3736337506;78.5380743134469;119.103206699293
36;3.1623;14423.7688872201;78780.5562933711;80090.0815257729;79.624746190416;125.150316684026
37;2.5119;16079.4601723418;97257.9068214983;98578.1389494302;80.612318091475;131.42243166819
38;1.9953;17840.1024666734;120332.125351513;121647.398852724;81.5669177566834;134.884497659449
39;1.5849;19900.9509070603;149384.035432548;150703.808475825;82.4117331657621;139.743589647181
40;1.2589;22255.0826554142;185848.91447973;187176.675142212;83.1714463468165;143.22565263839
41;1;25160.9793842772;231196.3314117;232561.429609049;83.7889732724013;148.9647586239
42;0.79433;28785.7729404318;288316.453773768;289749.889112074;84.2984327617458;152.666827614553
43;0.63096;33422.5826221065;359897.373939063;361445.969402572;84.6943315235646;156.803901604108
44;0.50119;39582.2554497594;449413.361084589;451153.104907677;84.9666403132895;161.355985592615
45;0.39811;47767.4759264473;561290.393917024;563319.30382325;85.13568007309;166.063077580731
46;0.31623;58979.453909745;702693.588281908;705164.416995069;85.2022164906361;171.645176566638
47;0.25119;74475.4968880763;877719.830811042;880873.82810235;85.1500070889436;177.547287551736
48;0.19953;96343.4708948624;1098699.04922389;1102915.0761276;84.9886270699147;184.519415534133
49;0.15849;129445.646810369;1374254.8463746;1380337.84207426;84.6189960923921;192.511564513955
50;0.12589;176173.549330511;1719296.16924893;1728298.71176187;84.1494120221684;201.788734490532
51;0.1;248644.201451226;2148086.07720977;2162428.66564837;83.3973110417417;212.690935463007
