Index;Frequency (Hz);Z' (Ω);-Z'' (Ω);Z (Ω);-Phase (°);Time (s)
1;10000;130.481778994897;67.6639080844453;146.982648999579;27.409890342658;7.09813298207894
2;7943.3;131.467814245062;83.0357249207561;155.495073219345;32.2767101514204;8.49015497856442
3;6309.6;132.604807459769;102.515256249553;167.610896797774;37.7071983612723;10.1871879742798
4;5011.9;134.122014118504;127.14766441474;184.811372045466;43.4709058825727;11.9492189698311
5;3981.1;136.046431908269;158.144994401812;208.610812014432;49.2957777660898;13.7812529652057
6;3162.3;138.662057457575;197.104762590172;240.99264224058;54.8738358470651;15.7282899602899
7;2511.9;142.117667895774;245.78718129489;283.916836445147;59.9628840436419;17.7353299552226
8;1995.3;146.780010916773;306.576842597381;339.902533120462;64.416265968443;19.937367949663
9;1584.9;153.239313530287;382.468550544272;412.024852850735;68.1660677917208;22.094409944217
10;1258.9;162.029844661416;476.92427592945;503.696769427631;71.2353651349139;24.2864479386826
11;1000;173.739610036324;594.142827635103;619.024354711355;73.6999921253952;26.688491932618
12;794.33;189.086424142748;739.146746308903;762.949269856213;75.6504953270086;29.1805399263262
13;630.96;209.131854244388;919.901713556395;943.374419339261;77.191986023799;32.5096029179211
14;501.19;235.047810313808;1142.42138537974;1166.35075980867;78.3739004235682;35.0966479113895
15;398.11;269.493739722012;1420.66350724684;1445.99850503804;79.2588622084387;37.8537009044286
16;316.23;315.306835852459;1764.92522831354;1792.86905887544;79.8708730982751;40.7057518972279
17;251.19;377.98542374154;2192.89482871963;2225.23273173535;80.220127600805;43.622807889863
18;199.53;465.426457217405;2724.19237579545;2763.66529945651;80.3046648585892;46.7148628820563
19;158.49;588.996304713861;3380.23580904772;3431.16755226775;80.1156156947346;49.7819198743127
20;125.89;764.680824270736;4184.87830261588;4254.1677412524;79.6448814256469;52.9789788662409
21;100;1015.59416858421;5167.93978167598;5266.78584169619;78.8820155780192;56.321041857803
22;79.433;1373.34424738139;6359.03138625259;6505.64021393445;77.8131447420004;59.5781018495798
23;63.096;1872.44639959972;7775.7552169819;7998.02630114425;76.4606241381605;63.0951678407
24;50.119;2561.46239336675;9443.71708124495;9784.93136936738;74.8245168246677;67.0622408306841
25;39.811;3475.29734885649;11344.9847001133;11865.343210745;72.9686566789771;70.7593078213499
26;31.623;4633.60415175805;13473.5332649578;14248.030954385;71.0216932165564;74.6763808114603
27;25.119;6030.05035311142;15827.9072732981;16937.6549708979;69.1443679408652;78.7934568010656
28;19.953;7608.43772723885;18411.369852865;19921.5176256293;67.5473008536083;83.1355367901029
29;15.849;9271.21109337123;21305.8840596622;23235.6633368109;66.4838335983536;88.3796387768629
30;12.589;10933.4917688634;24661.2732038476;26976.2791780967;66.0900584346895;92.8217157656477
31;10;12534.3911615387;28687.0891215046;31305.9106888078;66.3978028169489;97.7938107530944
32;7.9433;14037.7148374731;33713.027966975;36518.8402411721;67.3937198529178;103.095908739708
33;6.3096;15465.7630271035;40053.1195974828;42935.3259624378;68.8868647408093;108.288002726599
34;5.0119;16854.6412099092;48062.7127954349;50932.3403307882;70.6752422493346;113.620102713137
35;3.9811;18235.6277192799;58247.2266022692;61035.0516111215;72.6160762279501;119.372210698614
36;3.1623;19643.1379512231;71063.5205972168;73728.399061975;74.5483165710177;124.959311684508
37;2.5119;21141.8052641531;87292.7194052086;89816.4505588139;76.385445391406;128.551380675439
38;1.9953;22808.1590510155;107676.403384111;110065.52577912;78.0403106755488;132.023444666673
39;1.5849;24650.7424596151;133239.974375757;135501.106547004;79.5182217058163;136.742533654758
40;1.2589;26858.0322763148;165646.093235211;167809.362378396;80.7901518401139;140.039590646434
41;1;29287.6472870753;205819.560229773;207892.899486224;81.9013134934655;145.853702631755
42;0.79433;32419.3027607079;256538.247814103;258578.583380412;82.7975850590029;149.755772621903
43;0.63096;36410.5641370173;320040.617218451;322105.147196288;83.5094479835036;153.992849611205
44;0.50119;41759.24172268;400059.009810281;402232.576502246;84.0408919863272;158.494932599839
45;0.39811;48869.1335355106;500058.337473291;502440.576674559;84.4183872115339;163.047016588346
46;0.31623;58672.645130394;625865.171869077;628609.332292567;84.6443759417863;168.499119574581
47;0.25119;72584.6615018207;783418.610534063;786773.952553372;84.706590332791;174.341227559831
48;0.19953;92328.5272730711;981660.859933171;985993.205287514;84.6269441823565;181.243354542405
49;0.15849;121614.003922397;1229046.15581591;1235048.34685768;84.3489831791624;189.330505521986
50;0.12589;165566.423247629;1539033.66933888;1547913.71719024;83.8598391433184;198.647676498463
51;0.1;231468.621903654;1925118.93655784;1938984.43594052;83.1438964764415;209.584878470849
