Index;Frequency (Hz);Z' (Ω);-Z'' (Ω);Z (Ω);-Phase (°);Time (s)
1;10000;114.567011990608;56.5352168777233;127.75692147147;26.2648899420861;7.11313498204106
2;7943.3;115.044794005536;69.1792654715078;134.242599047223;31.0195285949645;8.5151569785013
3;6309.6;115.674320759442;85.3928513008543;143.779301488247;36.4354064462673;10.2021909742419
4;5011.9;116.396924493498;105.983082764399;157.418734157629;42.3188525220207;12.3242269688843
5;3981.1;117.327050805409;132.062868874846;176.652874831263;48.3815306604465;14.1862619641831
6;3162.3;118.590763999011;164.959837385093;203.163769545619;54.2873818080941;16.1582999592042
7;2511.9;120.369319046881;206.349503811018;238.890959834949;59.7438165863769;18.2653379538845
8;1995.3;123.032069170389;258.548909107059;286.329230859857;64.5522751780423;20.3973799485016
9;1584.9;126.849648839208;323.947146746127;347.897380409205;68.6159240168084;22.6044209429293
10;1258.9;132.227026018067;405.657332646957;426.663635595801;71.946235796202;24.8864599371677
11;1000;140.054979491665;507.853519706828;526.811726102433;74.5822990516016;27.1835049313682
12;794.33;151.001906862506;635.033871121919;652.740065683272;76.6242928786934;29.6605509251143
13;630.96;166.810185864183;793.941884697482;811.276373614463;78.1345263518835;32.2225959186458
14;501.19;189.117569152632;992.655359288964;1010.50983037638;79.2134542613131;34.8846469119247
15;398.11;221.302482982958;1237.90722480224;1257.53293642434;79.8642218954858;37.5166939052795
16;316.23;267.322528689891;1542.00601036377;1565.00602885201;80.1649394915795;40.2787468983059
17;251.19;333.493656911789;1916.01298722296;1944.8197310824;80.1262399932136;43.2508018908022
18;199.53;427.750433533641;2374.41581466938;2412.6377461899;79.7877152977854;46.3128568830713
19;158.49;560.767362557081;2930.80231928542;2983.96753830165;79.1681828395604;49.4249178752141
20;125.89;744.002885221655;3597.63473572995;3673.76046918534;78.3157522414614;52.551971867319
21;100;988.743943860869;4388.83691954903;4498.83363694616;77.3040151312213;55.8740338589316
22;79.433;1303.99845159275;5321.98399213842;5479.40923588793;76.2325580276622;59.4761028498373
23;63.096;1692.38451658256;6411.27610634142;6630.88430480527;75.2129295888508;62.9281668411217
24;50.119;2152.71124262668;7695.63388083709;7991.05415586824;74.3720198059375;67.6572558291818
25;39.811;2676.96586946249;9196.01134844417;9577.72264095078;73.769681984532;71.2893198200118
26;31.623;3259.37353108495;10991.7013264395;11464.7727349821;73.4833090620122;75.2863938099201
27;25.119;3908.90886946868;13142.6292682762;13711.6108693749;73.4363569776811;79.423469799475
28;19.953;4610.2563906958;15752.7681608976;16413.5361430418;73.6871858068947;83.9255547881083
29;15.849;5389.58101506235;18956.9620064289;19708.2214324659;74.1292226041441;88.39263777683
30;12.589;6243.78903367514;22853.2511655739;23690.8419085064;74.7190190441325;93.1597257647943
31;10;7147.60568168559;27696.3731160672;28603.7995861612;75.5294061344606;99.6908487483048
32;7.9433;8086.99561601798;33598.6604360418;34558.2042529692;76.4666755769641;104.70293973565
33;6.3096;9074.43103395506;41004.9886519164;41997.0760045721;77.5215189668562;109.805032722769
34;5.0119;10075.1397228326;50234.8159522599;51235.1946828742;78.6591698981626;115.202131709143
35;3.9811;11149.6115174993;61813.7497107181;62811.2528954045;79.775255146792;120.599232695516
36;3.1623;12289.7795770448;76354.6741194357;77337.4097183088;80.8562967194557;126.216337681334
37;2.5119;13489.5290872989;94452.7422939385;95411.1519783837;81.8721089959309;131.978443666786
38;1.9953;14799.8432366169;117397.339808697;118326.542897133;82.8148394052688;135.275503658462
39;1.5849;16133.3254722168;146102.499392941;146990.559287517;83.6986597066021;141.426621642932
40;1.2589;17759.7134399047;182194.638220016;183058.170037805;84.4325911556311;144.778681634469
41;1;19732.0436303949;227370.576327484;228225.179428836;85.0400911289058;150.392786620295
42;0.79433;22160.6419426264;284487.081871793;285348.898373969;85.5458350205482;154.034853611099
43;0.63096;25322.5583562886;355950.492972687;356850.088145157;85.9307950702723;158.261929600427
44;0.50119;29674.8216016349;446247.462497406;447233.040843879;86.1955134413172;162.789015588997
45;0.39811;35756.5171495582;559303.416098879;560445.215679947;86.3420333045985;167.341098577504
46;0.31623;44528.7913220149;701742.480989756;703153.840124804;86.3691869124007;172.803199563714
47;0.25119;57166.6539828853;880443.399399932;882297.345498958;86.2850346060123;178.895311548333
48;0.19953;76420.7822676081;1104458.88286089;1107099.61606565;86.0418439980919;185.557436531513
49;0.15849;106052.534231101;1386098.46844347;1390149.6697256;85.6247357691511;193.414582511675
50;0.12589;148241.516249027;1737341.42055327;1743654.42640159;85.1229564097453;202.636753488391
51;0.1;217190.560915649;2177643.66850046;2188447.78021113;84.304355127826;213.368950461295
