Index;Frequency (Hz);Z' (Ω);-Z'' (Ω);Z (Ω);-Phase (°);Time (s)
1;10000;114.402843886846;56.4754652779381;127.583262490648;26.27345186548;7.1401319819729
2;7943.3;114.928622874728;69.0929946547045;134.098584132109;31.0135182929373;8.56715897837
3;6309.6;115.513377026497;85.2381241608107;143.557925878439;36.4238740603126;10.2691899740728
4;5011.9;116.230762338141;105.785064415085;157.162559049569;42.3062579262257;12.0812209694978
5;3981.1;117.134663979038;131.821439475282;176.344609815036;48.3761618229741;13.9782589647083
6;3162.3;118.243168466393;164.594015244804;202.663851595144;54.3068025808416;15.9402949597546
7;2511.9;119.953515646323;206.082469676576;238.450896882166;59.7977874515435;17.982329954599
8;1995.3;122.359732470063;258.152195111394;285.682446032263;64.6398470802579;20.0843699492918
9;1584.9;125.925714688413;323.658780335999;347.292803997397;68.7405131505668;22.296410943707
10;1258.9;131.025614746893;405.493169231504;426.136623646936;72.0929771008417;24.613455937857
11;1000;138.484844885299;508.068666059532;526.604046409081;74.753209167219;27.1055019315652
12;794.33;149.303812686056;636.032042488802;653.32104478202;76.7894259383963;29.8275519246927
13;630.96;164.960667266106;795.601261464038;812.522854440444;78.2862197654144;32.4295999181231
14;501.19;187.441829683557;994.525271937777;1012.03505672384;79.3264616213749;35.1716509112001
15;398.11;220.093809468035;1240.99729751378;1260.36327199846;79.9430311811822;37.8387019044665
16;316.23;267.413808506787;1545.8015201075;1568.76144921615;80.1853332449447;40.8507538968618
17;251.19;335.565517657462;1921.16039786516;1950.2465205625;80.0922045788443;43.8928098891813
18;199.53;432.448124370206;2378.84464650724;2417.83234168283;79.6967642219023;47.0448688812231
19;158.49;567.821336011989;2932.03214841655;2986.50859516236;79.0396982933747;50.2869308730377
20;125.89;753.027510701468;3595.33561869306;3673.34842383843;78.1706430409557;54.6790118619488
21;100;998.546355672934;4381.66891968546;4494.00905052106;77.1620111135998;58.196076853069
22;79.433;1309.15308279827;5304.61756248889;5463.7761006895;76.1367175606194;61.9431448436086
23;63.096;1685.48082943638;6383.66504871808;6602.42569671347;75.2097008625024;66.1652228329489
24;50.119;2125.16552705337;7657.03883913798;7946.48175618893;74.4883223842059;71.0943158205041
25;39.811;2613.60827985478;9146.82541129931;9512.90509493899;74.0532744890948;75.2213908100842
26;31.623;3151.03595542316;10950.032429932;11394.3950172412;73.9460340994153;79.2434667999295
27;25.119;3734.35362896605;13136.1951222363;13656.6840527134;74.1306250370158;83.2705407897621
28;19.953;4372.28795466149;15807.826769552;16401.3502229128;74.5390841473549;87.8076257783071
29;15.849;5056.14389709473;19083.2381988685;19741.696261033;75.1603377450224;92.3797077667637
30;12.589;5785.35511096445;23127.0744201466;23839.712770815;75.9553941751739;97.868813752905
31;10;6557.88370710048;28115.4959349994;28870.1740622882;76.8706135853126;103.070908739771
32;7.9433;7366.7907960947;34332.2201245993;35113.686011545;77.8894690196364;108.443007726208
33;6.3096;8187.70745764452;42070.9385942455;42860.2663035678;78.9869492055076;113.985108712215
34;5.0119;9057.85269748284;51780.1162239138;52566.3878505202;80.0776922698524;119.477211698349
35;3.9811;9976.91094414122;63941.467007945;64715.1447121571;81.131537589387;125.319320683599
36;3.1623;10886.5778417358;79213.7715056564;79958.3589955079;82.174697085932;131.381433668294
37;2.5119;11946.2915660585;98357.2832131433;99080.1142674541;83.0748821902264;137.378540653153
38;1.9953;12998.7934648598;122487.333213072;123175.141279368;83.942240513188;140.855607644374
39;1.5849;14305.5848307245;152857.10820272;153525.064030103;84.6533784514377;146.886718629147
40;1.2589;15816.1097350574;191080.229168554;191733.678070021;85.2682949489342;150.498783620027
41;1;17710.5802157365;238703.756318737;239359.871181978;85.7567252648441;156.162892605727
42;0.79433;20225.1171622979;298882.427674146;299565.954234822;86.1287455851418;159.974959596102
43;0.63096;23647.9831582573;374527.926566919;375273.759921965;86.3870962991356;164.282041585228
44;0.50119;28047.9398260949;469640.500221344;470477.296345576;86.5822324976867;168.689123574101
45;0.39811;34668.0781477805;589133.688122482;590152.843018873;86.6322643389611;173.646215561585
46;0.31623;44115.5265924504;739374.373312956;740689.303013386;86.5854369862864;179.248316547442
47;0.25119;57909.6593656457;927152.78645807;928959.535224656;86.4259672377763;185.485434531694
48;0.19953;78057.1553186487;1163357.44954225;1165973.18790009;86.161410036266;192.382562514281
49;0.15849;109031.931229631;1458158.27061397;1462228.95067345;85.7237387504834;200.394708494052
50;0.12589;155886.009628851;1829093.22137496;1835723.96086063;85.1286903600405;209.566880470894
51;0.1;225682.440144568;2289558.32138342;2300654.22669415;84.3705232786326;220.564083443129
