Index;Frequency (Hz);Z' (Ω);-Z'' (Ω);Z (Ω);-Phase (°);Time (s)
1;10000;155.260409539744;58.6510164503185;165.969082967595;20.6945090176932;7.17113798189462
2;7943.3;155.856567969919;71.9295840320605;171.654113957071;24.7738626769986;8.59315897830436
3;6309.6;156.462972630188;88.8430610619918;179.927072179647;29.5888477482094;10.3101929739693
4;5011.9;157.321182701565;110.402636987035;192.194424425658;35.0598679214254;12.1872259692302
5;3981.1;158.384162032466;137.613991458803;209.81695219393;40.9861382111195;14.0942629644154
6;3162.3;159.886722586314;171.938087913499;234.79026839872;47.0799801442019;16.0812969593986
7;2511.9;162.062817527854;215.148989518595;269.357466048259;53.0108001034472;18.0683359543818
8;1995.3;165.201108525249;269.327591321206;315.956892162291;58.4757329378185;20.1253749491883
9;1584.9;169.422818374432;336.90063020594;377.102275277007;63.3027888535883;22.2524139438181
10;1258.9;175.794552677179;421.859537461984;457.022093665731;67.3778500356906;24.634456937804
11;1000;184.436092436315;527.184480795852;558.51602392874;70.7175523147336;26.9715019319035
12;794.33;196.771689490837;658.876467397112;687.631657993417;73.371885884096;29.6085489252456
13;630.96;213.924399848714;823.288256520752;850.62753433898;75.4342941104103;32.9626119167774
14;501.19;237.969936350825;1027.09233611459;1054.29993716785;76.9551503596352;35.5496599102457
15;398.11;271.724457262107;1279.41267085993;1307.94914390099;78.0095595558006;38.161705903651
16;316.23;319.78474553896;1592.32886561123;1624.12237831334;78.6444404149309;41.0287618964123
17;251.19;388.722802570518;1978.8956250289;2016.7134927889;78.8866482943857;43.8708118892368
18;199.53;486.559013858097;2451.50300630204;2499.32124063204;78.7741760347968;46.8378698817457
19;158.49;624.626420495391;3025.30859993797;3089.11804404421;78.3342335162644;49.8599258741158
20;125.89;815.577463472466;3716.00811053651;3804.45566099768;77.6211793993669;53.0319818661071
21;100;1071.51800016042;4533.0321205343;4657.95352386254;76.7005432997674;56.2790438579091
22;79.433;1405.29726405468;5500.05445276308;5676.74725381697;75.6672264389987;59.6211068494712
23;63.096;1819.54905579211;6623.42160181379;6868.80429782415;74.6389649339847;63.2731708402506
24;50.119;2316.62605531055;7946.29942368081;8277.10280296999;73.7467370528463;68.0672648281467
25;39.811;2890.24448662942;9481.14219927632;9911.890364375;73.0466091752162;71.9293338183959
26;31.623;3535.92188591671;11302.492521801;11842.6804731308;72.6279982144146;75.8314058085441
27;25.119;4262.51843872235;13488.4396278632;14145.9205085762;72.4628014147272;80.0184807979728
28;19.953;5068.42107798735;16109.1439131902;16887.6703496858;72.534856873116;84.3655627869974
29;15.849;5950.60921374548;19299.2428575382;20195.8046358384;72.8637001949044;88.7326427759716
30;12.589;6904.86175685043;23173.3840464811;24180.2159636121;73.4077752861772;94.9887597601764
31;10;7906.64619442025;27906.1368395908;29004.61217382;74.1809820027951;100.190856747042
32;7.9433;8939.11672400049;33758.5792280022;34922.0486125686;75.1687266324443;105.317950734098
33;6.3096;10014.1993319586;41059.1657307652;42262.7410228755;76.2933436847196;111.050056719626
34;5.0119;11121.6141145824;50171.1163545004;51389.0184452914;77.5011479463986;114.022112712122
35;3.9811;12307.4622883784;61536.7523619886;62755.4421483951;78.6899674203629;117.379175703646
36;3.1623;13543.8515840696;75762.5677823921;76963.6446168765;79.8644661759821;120.376230696079
37;2.5119;14867.7694314668;93589.5262863101;94763.1257312842;80.9733392100601;123.553289688058
38;1.9953;16330.6984648894;116047.062655536;117190.496471894;81.9896645759653;126.845348679746
39;1.5849;17787.8580434768;144321.285037176;145413.346046904;82.9736283132835;133.23647066361
40;1.2589;19535.8361314434;179746.976396408;180805.487795602;83.7971439550913;136.728531654794
41;1;21572.6427078623;224092.700239246;225128.668129844;84.5012742802784;142.082632641276
42;0.79433;24034.6611126453;280169.021478043;281198.053924211;85.0968120806865;145.754698632005
43;0.63096;27217.6648427467;350392.372477106;351447.885140354;85.5583161715029;149.911775621509
44;0.50119;31508.3169304899;439144.628066359;440273.526793666;85.8961008796606;154.483860609966
45;0.39811;37487.1055464731;549894.025329111;551170.320477169;86.1000941922936;159.255948597917
46;0.31623;46121.1091339595;689991.874051393;691531.592166764;86.175868295483;164.778051583975
47;0.25119;58219.3050653243;865802.428978227;867757.646757946;86.1530410363952;171.03016956819
48;0.19953;77081.4356305184;1085634.22737788;1088367.22817862;85.9387408459992;178.032296550512
49;0.15849;104954.526149145;1362507.5050894;1366543.87195733;85.595180535651;186.034446530308
50;0.12589;147212.882783192;1708011.2380776;1714343.61265667;85.0738711861394;195.356617506772
51;0.1;212037.040046278;2140910.91461082;2151385.42587127;84.3438389636257;206.353820479007
