Index;Frequency (Hz);Z' (Ω);-Z'' (Ω);Z (Ω);-Phase (°);Time (s)
1;10000;128.904368287602;67.7884930543179;145.642081673536;27.7390763117853;7.14913598195017
2;7943.3;130.158525045477;82.4558608906771;154.078585913932;32.3543952363229;8.66115997813267
3;6309.6;131.42705784336;101.059628471988;165.789384582543;37.5581531693392;10.3731909738102
4;5011.9;132.951136527839;124.726776084929;182.298583035042;43.1718990843323;12.035222969614
5;3981.1;134.74716993151;154.63476298623;205.106581387236;48.9314350862639;13.7372539653168
6;3162.3;137.035737157748;192.350809145594;236.172875320881;54.5329362956446;15.5792889606661
7;2511.9;140.032088097467;239.797788583071;277.690412341276;59.7168213724584;17.496322955826
8;1995.3;144.152300741878;299.351056646948;332.251321930885;64.2868904718753;19.4783589508219
9;1584.9;149.81812526175;373.861714240819;402.763022175608;68.1624740324482;21.490396945742
10;1258.9;157.869421456633;467.23443329377;493.184316342686;71.330889870099;23.7124369401319
11;1000;169.200490592025;583.293417834607;607.338470134866;73.8237275223669;25.9094809345848
12;794.33;185.389966502326;728.350217560063;751.574001080083;75.7195152907534;28.4465279281794
13;630.96;208.005051056059;908.477128079008;931.985404127939;77.1038344677023;32.6276039176232
14;501.19;240.586336192709;1131.65530974734;1156.94663889135;77.9977923198364;35.2446509110158
15;398.11;286.333113902848;1406.10354565268;1434.96126540557;78.4899007935709;37.9167029042695
16;316.23;351.672106983437;1744.74909989141;1779.83782755678;78.6041345993475;40.9637568965765
17;251.19;443.652705913059;2157.63979124807;2202.77942432759;78.3808174826086;43.925813889098
18;199.53;572.354536736165;2657.71678294535;2718.64823286718;77.8466399742799;46.9378668814933
19;158.49;748.412192861105;3256.00639434446;3340.91281694617;77.055078698971;50.3099318729796
20;125.89;985.466080261298;3969.41325110797;4089.91258505816;76.0573593827999;53.9169988638727
21;100;1291.89603559197;4800.99086413647;4971.77117778967;74.9390613632993;57.1740568556494
22;79.433;1675.52495549792;5769.11314717616;6007.49951156196;73.8051046212589;60.7711248465677
23;63.096;2137.58616166677;6895.82568436788;7219.53505897278;72.7774719365172;64.5531958370188
24;50.119;2673.18788594365;8206.40569342636;8630.81849413232;71.9572882427625;69.3122838250033
25;39.811;3275.46435854493;9749.98723275336;10285.4711998504;71.4304572668538;73.2243558151263
26;31.623;3941.29785644762;11581.3089861045;12233.58273871;71.2057695473255;77.3914338046054
27;25.119;4682.34051883269;13793.0638533673;14566.1567751199;71.2491572744566;81.4335087944002
28;19.953;5501.84206702623;16458.8885374539;17354.1141525239;71.5163592435368;86.0855947826548
29;15.849;6412.45861407133;19696.0774357569;20713.6450638826;71.9662871850223;90.6076777712376
30;12.589;7410.10978080887;23653.2489039758;24786.8092072593;72.6052257058689;95.5247667588231
31;10;8485.68056825734;28485.6936744717;29722.7441334466;73.4115893186831;100.786864745538
32;7.9433;9650.75415371454;34465.8329866486;35791.4892006325;74.3572588378359;105.973960732441
33;6.3096;10901.9984251637;41841.9811267219;43238.9286901425;75.3961803779207;108.966015724887
34;5.0119;12245.0693015464;51002.7809315893;52452.1246943854;76.4995911248549;114.408117711147
35;3.9811;13688.7601684771;62418.883743616;63902.2628922415;77.630580734282;119.965219697117
36;3.1623;15233.980217546;76686.8677887059;78185.3556908904;78.7643648606034;125.722327682582
37;2.5119;16924.8785473868;94471.459344727;95975.5601419768;79.8430202204586;128.624383675255
38;1.9953;18787.0756710476;116694.405082869;118197.032068976;80.8542124701455;131.776440667296
39;1.5849;20881.2874307008;144678.20734011;146177.330129919;81.7872598925502;137.737553652246
40;1.2589;23272.7832833967;179740.740526002;181241.15494719;82.6224034606712;141.32461664319
41;1;26172.4105560146;223311.67032501;224840.159174598;83.3153578237888;147.163724628447
42;0.79433;29676.070956682;278180.151030994;279758.584524323;83.9107546927556;151.020795618709
43;0.63096;34336.9188724759;346888.464577189;348583.750129542;84.3469651932354;155.387877607683
44;0.50119;40020.8614026026;433398.871254745;435242.749454018;84.7241624639398;159.509953597276
45;0.39811;47975.9493184281;541677.279666725;543797.726199869;84.938563156124;164.227039585367
46;0.31623;58278.6839471125;676998.994500867;679502.79142752;85.0798878266482;169.664139571639
47;0.25119;73488.9551496676;846748.939408086;849931.993113396;85.0397546752938;175.666254556485
48;0.19953;93892.4381896397;1060132.85369341;1064282.60223934;84.9387096302085;182.743384538617
49;0.15849;124248.880380959;1325909.90150182;1331718.75828813;84.6465383484069;190.825533518212
50;0.12589;170383.395441238;1659158.39308717;1667884.01119313;84.1366971596196;199.957702495155
51;0.1;236804.058085033;2076931.31491386;2090387.48771498;83.4954350635544;210.769900467857
