Index;Frequency (Hz);Z' (Ω);-Z'' (Ω);Z (Ω);-Phase (°);Time (s)
1;10000;114.704240777108;56.3797127500566;127.811325249493;26.1751540802212;7.12913398200067
2;7943.3;115.271004269992;69.1705255672762;134.432012678029;30.9666521444417;8.52115797848614
3;6309.6;115.852779674706;85.4598323838176;143.962667068328;36.4146705221792;10.2581919741006
4;5011.9;116.579938028683;106.140279270981;157.659889745279;42.3163150488192;11.8802209700053
5;3981.1;117.555842487992;132.30686982356;176.987242211324;48.3786224231048;13.6972529654178
6;3162.3;118.923956771072;165.384822056171;203.703330509443;54.2810629307331;15.6142889605777
7;2511.9;120.815304993811;206.966879394891;239.648966380426;59.72608651069;17.6763269553716
8;1995.3;123.485640955973;259.126221405567;287.045470513357;64.52003865645;19.7783659500644
9;1584.9;127.363768187693;324.444253111771;348.547848686838;68.5670242975289;21.9154069446689
10;1258.9;132.951011745564;406.143049843749;427.350147373967;71.8741300210379;24.1424489390462
11;1000;140.882682580192;508.359672982698;527.520129820718;74.5102498735667;26.4594919331962
12;794.33;151.973389326794;635.522530855312;653.440738160864;76.5513329103814;28.946536926917
13;630.96;167.639774100971;794.452841172855;811.947295523698;78.0846502073174;31.408581920701
14;501.19;189.532516323741;992.206191837608;1010.14637645487;79.1855661751721;34.0956329139168
15;398.11;220.604098642926;1237.16106651162;1256.67564344593;79.8895796553922;36.7126819073094
16;316.23;265.027783775736;1541.37580365011;1563.99459533948;80.2438267421233;39.4747329003359
17;251.19;328.814290043045;1916.5418328422;1944.54401708232;80.26474696179;42.5617898925418
18;199.53;419.14134607311;2376.89326712121;2413.56604866619;79.9992768400727;45.5488458850002
19;158.49;548.177246644044;2937.93152266673;2988.63512754854;79.4309361816588;48.6559008771557
20;125.89;726.144871020078;3611.49128334934;3683.76921961964;78.6314007433745;51.8379618691217
21;100;967.251113405565;4414.10777763361;4518.84080146113;77.6402888774837;55.0700198609616
22;79.433;1282.00837290597;5364.96329622735;5516.01093527448;76.5606551939778;58.3620818526499
23;63.096;1674.84499796088;6476.4106886597;6689.46942405601;75.5005695918567;61.864146843808
24;50.119;2148.73382174048;7781.45470819129;8072.67579011593;74.5632952874221;66.4782328321586
25;39.811;2699.07348860091;9303.33015452053;9686.94738609018;73.8215482361608;70.3003028225088
26;31.623;3315.67447066384;11111.9581605843;11596.0903479573;73.3855303626686;74.2173738126191
27;25.119;4019.163284223;13284.7725682093;13879.4400353289;73.1673810025792;78.0944458028305
28;19.953;4797.56518982229;15902.8218466776;16610.7307015002;73.2124813001489;82.4215257919057
29;15.849;5662.68808922385;19076.2983371025;19899.0249671178;73.4667851173686;88.4826417766028
30;12.589;6585.3597212516;22908.6290632265;23836.3639889726;73.9620691319396;93.1297237648701
31;10;7558.38995631844;27648.1317768062;28662.6664753895;74.7101862535883;98.1568177521779
32;7.9433;8577.52944050026;33464.3497051349;34546.153367491;75.6235424345082;103.588919738463
33;6.3096;9624.54140646909;40730.4870448701;41852.1728491744;76.7049797280667;108.9610167249
34;5.0119;10712.4062177697;49772.7145907731;50912.4617820536;77.8537173261847;114.328117711349
35;3.9811;11829.407859449;61111.9140606438;62246.2925037363;79.0447666516055;119.800218697534
36;3.1623;13062.8974935328;75295.6380948614;76420.3664414067;80.1578272075284;125.407323683377
37;2.5119;14353.0118726377;93111.5012601755;94211.2552550901;81.2369076968786;131.159428668854
38;1.9953;15682.1502619836;115501.953866068;116561.705477051;82.2680093865282;134.461491660517
39;1.5849;17266.7652914909;143552.715973078;144587.424926508;83.1413157906726;140.602607645013
40;1.2589;18916.3637343836;178835.46150903;179833.120170005;83.9619770247011;144.024665636373
41;1;20878.8531203457;222866.294528764;223842.158103881;84.6479625002242;149.688772622072
42;0.79433;23339.0346801843;278612.247026106;279588.080455407;85.2115765682447;153.335838612864
43;0.63096;26556.1575174374;348715.412169396;349725.132334756;85.6450891444703;157.587918602129
44;0.50119;30918.7491576493;436860.019774537;437952.789609659;85.9516441898847;162.145001590623
45;0.39811;36906.1812545467;547759.138904986;549001.038677273;86.1454274586619;167.027093578297
46;0.31623;45452.8315587281;686749.693019341;688252.207231379;86.2133762168026;172.544194564368
47;0.25119;57786.9591414936;861923.007556597;863857.976522894;86.1643889866149;178.536307549239
48;0.19953;76957.7344120682;1080762.42967861;1083498.92583733;85.9270201985587;185.453434531775
49;0.15849;105517.100025436;1356978.36164741;1361074.62410298;85.5536921407308;193.500584511458
50;0.12589;148402.338213683;1701220.93117312;1707681.44296553;85.0145464256731;202.562752488578
51;0.1;217055.786442176;2132107.04317614;2143127.07462468;84.1871199962519;213.339949461368
