Index;Frequency (Hz);Z' (Ω);-Z'' (Ω);Z (Ω);-Phase (°);Time (s)
1;10000;151.148752863375;58.6844819918268;162.141339327152;21.2190241870852;7.15913398192492
2;7943.3;151.587296464183;71.7491223289512;167.710002696007;25.3290753856894;8.56115897838515
3;6309.6;152.205425895685;88.5381082269387;176.0837535961;30.1866234849175;10.2481919741258
4;5011.9;152.904709231735;109.842764077891;188.26917678025;35.6924830751408;12.1702269692731
5;3981.1;153.939467867776;136.90877774029;206.013041309899;41.6488581660568;14.0222589645972
6;3162.3;155.461340080764;171.121986854114;231.194642335428;47.7454008493704;15.9842979596435
7;2511.9;157.408469604709;214.081262961291;265.722060533931;53.6739077843376;18.0263359544879
8;1995.3;160.311663825655;268.093462009737;312.368266523532;59.1218713540508;20.1783759490545
9;1584.9;164.351935741852;335.568419462403;373.654550250079;63.9056921643882;22.2004119439493
10;1258.9;170.325632565019;420.341200204489;453.538913102309;67.9418132599767;24.4674539382256
11;1000;178.924396661917;526.149183417009;555.739959811435;71.218679810638;26.8594969321863
12;794.33;191.0357354714;657.780076401331;684.959328090099;73.8053853312623;29.3915459257935
13;630.96;208.36290801628;822.506733305276;848.488319170935;75.7845042221158;33.6026239151615
14;501.19;233.298002577201;1026.51400345535;1052.69129249578;77.1957676142508;36.2996739083521
15;398.11;269.081715544661;1279.56705386853;1307.55375223592;78.1242409521649;38.9667239016185
16;316.23;320.454315604951;1593.15694672251;1625.0661602778;78.6270437957069;41.888775894241
17;251.19;394.106216585518;1977.62666758922;2016.51356214418;78.729606284788;44.9358338865479
18;199.53;498.223408418324;2446.34022789438;2496.5590470306;78.4885335826014;47.957887878918
19;158.49;644.29437124311;3012.16387033282;3080.29972868777;77.9265102243991;51.2199488706821
20;125.89;842.73768916861;3687.17927470553;3782.26093977706;77.1256798964341;54.7370158618023
21;100;1105.43744048201;4485.51043925439;4619.71815541593;76.1555511536371;58.0540768534275
22;79.433;1436.86329733293;5418.63425138091;5605.90521552593;75.1486321319879;61.4961408447372
23;63.096;1839.41485493203;6506.39796628936;6761.40972758485;74.2139445005716;65.1482088355166
24;50.119;2307.57080708388;7786.09133324243;8120.84363100895;73.4917097983825;69.9122958234884
25;39.811;2832.34728301633;9282.03726076649;9704.55598375668;73.0308064082099;73.7693678137503
26;31.623;3406.19048565366;11075.6701040262;11587.6055282262;72.9053429406125;77.9614458031663
27;25.119;4028.21955220641;13246.6728974087;13845.6092539014;73.0858543462644;82.0185177929231
28;19.953;4720.05933593914;15895.2680817391;16581.2697802412;73.4613473206727;86.4356007817711
29;15.849;5468.25771429592;19140.5630642643;19906.3556897548;74.0559175364183;92.5817157662536
30;12.589;6279.56553748909;23119.796072353;23957.4187626048;74.804486629919;97.3038037543315
31;10;7131.01160310775;28017.3406373351;28910.5984523346;75.7202008577993;102.525899741147
32;7.9433;8016.59588581852;34093.0922881111;35022.9175164232;76.7679331674972;107.822996727773
33;6.3096;8942.27947638739;41670.9344225033;42619.6097809258;77.8884256868343;111.265060719083
34;5.0119;9906.81632608051;51168.3202833506;52118.5380679297;79.0424075248968;114.462121711011
35;3.9811;10920.5010694242;63034.5414864708;63973.5161142242;80.1712773119502;117.514175703305
36;3.1623;11964.4357189756;77930.504937315;78843.5877028587;81.271702616009;120.716236695221
37;2.5119;13031.6369154296;96497.2011093802;97373.1656188693;82.308919558556;123.998297686934
38;1.9953;14241.7368749253;120004.457966156;120846.584564751;83.2319796524499;127.325358678534
39;1.5849;15635.7449315785;149656.436499105;150471.012175688;84.0355137187944;133.476474663004
40;1.2589;17198.975027816;186847.331880194;187637.230241641;84.7408421976674;136.753533654731
41;1;19066.2809363188;233343.357020449;234121.005751973;85.3287892848998;142.507641640203
42;0.79433;21509.5912913954;292023.249833137;292814.345551289;85.7873653229387;146.439710630275
43;0.63096;24762.5228574571;365806.460878191;366643.627189255;86.1273869696674;150.611788619742
44;0.50119;29104.1643241659;458521.145300343;459443.895452477;86.3680809209704;155.348878607782
45;0.39811;35091.3732059087;574797.739673885;575867.906735289;86.5064315150668;160.080963595834
46;0.31623;43694.1440580553;720848.701614193;722171.744700548;86.531268344762;165.503066582145
47;0.25119;56577.5932370723;904849.163311945;906616.254212787;86.42211900933;171.525175566941
48;0.19953;75584.9126729882;1135557.08973915;1138069.84982497;86.1918975558704;178.212299550057
49;0.15849;103245.064168226;1425387.42301318;1429121.70543984;85.8571308588426;186.204448529879
50;0.12589;148558.144281331;1785051.1665854;1791222.26135123;85.2426099124149;195.561620506254
51;0.1;214687.499997787;2236013.6769785;2246296.48227704;84.5156431060103;206.368822478969
