Index;Frequency (Hz);Z' (Ω);-Z'' (Ω);Z (Ω);-Phase (°);Time (s)
1;10000;116.423230094137;57.6598425695951;129.919305535024;26.3474030100915;7.12913198200067
2;7943.3;116.981458540216;70.7673749585142;136.72118709518;31.1716407641343;8.5111559785114
3;6309.6;117.70561287474;87.5302477647739;146.683862697915;36.6358570421532;10.2681899740753
4;5011.9;118.590438315028;108.765319130388;160.914843023525;42.5255175870345;12.0702239695256
5;3981.1;119.751552198469;135.538433878365;180.862105793731;48.5386086274637;13.767253965241
6;3162.3;121.387893755669;169.317144843365;208.33462575469;54.3622703995227;15.6942899603757
7;2511.9;123.678681491724;211.636322104879;245.125170249021;59.698304770621;17.6913249553337
8;1995.3;126.942364756111;264.617963578282;293.491108243828;64.3720632967236;19.7833659500518
9;1584.9;131.587060813197;330.90733720684;356.110685589154;68.3144949784982;21.8804039447573
10;1258.9;137.810373289374;413.289785458405;435.660585491057;71.5591732760143;24.0824429391977
11;1000;146.344412324118;515.901934019128;536.256927734429;74.1631045833768;26.3894879333729
12;794.33;157.174744506555;642.662041555214;661.602902024028;76.2570371621758;28.9615359268792
13;630.96;171.416499622333;801.044770655927;819.18028597982;77.9213796889882;31.4485819206
14;501.19;189.40370140231;998.328862101782;1016.13693910335;79.2574760267484;34.8626439119803
15;398.11;213.074684979887;1243.7534167399;1261.87296628125;80.2786951460472;37.3996899055749
16;316.23;244.4630234362;1549.77026645693;1568.9327737738;81.0359421226922;40.2617428983489
17;251.19;287.449498633252;1931.87065340501;1953.13886750329;81.5368611749461;43.1437988910724
18;199.53;347.77236689423;2407.08439929557;2432.07749146842;81.7788695250253;46.1058508835939
19;158.49;434.377131708339;2998.73232619979;3030.02954717388;81.7578290863378;49.167909875863
20;125.89;560.714411899203;3733.58588938526;3775.45550167502;81.4590810785223;52.349968867829
21;100;743.349771654166;4634.85331943495;4694.08502007532;80.888350824644;55.7770318591765
22;79.433;1008.33515574328;5735.4294337412;5823.39167287696;80.0288337917049;59.1440918506755
23;63.096;1387.29527762403;7067.53205413934;7202.40220507054;78.894530800546;62.731159841619
24;50.119;1924.69506345453;8661.29905604374;8872.57304424767;77.4714322162019;67.4252498297676
25;39.811;2658.59776176246;10516.0051319083;10846.8661830581;75.8120883671144;71.1073158204713
26;31.623;3617.19451646931;12630.738388747;13138.4796843068;74.0193310425598;75.229390810064
27;25.119;4806.68913950804;15013.7036075027;15764.3761848608;72.247352911859;79.3864667995684
28;19.953;6182.0178743124;17656.0354343032;18707.0289531953;70.7029999358842;83.9485527880503
29;15.849;7665.36707947719;20641.2312494238;22018.5894179287;69.6269211910953;88.4406367767089
30;12.589;9141.4342534244;24098.439809586;25774.029981086;69.2264010677424;93.0477207650771
31;10;10536.2374858181;28264.9851626913;30164.9081981815;69.5562338136551;98.0348127524859
32;7.9433;11816.6839457482;33443.6366072549;35469.8583164893;70.5400906080562;103.086909739731
33;6.3096;12967.3860516881;39979.1619010189;42029.5906156769;72.029341294236;108.449007726193
34;5.0119;14029.8903739946;48324.1853451196;50319.6255269827;73.8104786255481;113.791106712705
35;3.9811;15046.3773166631;58926.6466510221;60817.2932305427;75.6761152305175;119.553212698157
36;3.1623;16029.4134437946;72323.7619537371;74078.8001960948;77.5033062970461;125.230319683824
37;2.5119;17050.474704415;89330.5607847117;90943.2118289044;79.1939606506151;131.097426669011
38;1.9953;18201.2422679198;110867.059828574;112351.191249261;80.6768170136958;134.544489660308
39;1.5849;19499.109684138;138002.185312923;139372.947266018;81.9575938680133;140.610602644992
40;1.2589;20993.7097708414;172138.803930779;173414.254514044;83.0466579211182;144.072667636251
41;1;22737.7119099905;214885.376466799;216085.003094105;83.959825426394;149.691772622065
42;0.79433;25025.5529125309;268700.206917926;269863.07545923;84.6790732102504;153.50384161244
43;0.63096;28081.5642570742;336364.08314811;337534.251126005;85.2276931714676;157.620916602045
44;0.50119;32277.3831165021;421800.861191795;423034.036411953;85.6240945893654;162.162999590578
45;0.39811;38284.0802122245;528985.298593097;530368.849882159;85.8605683760461;166.995089578378
46;0.31623;46866.000647324;663548.083918207;665201.083649297;85.9599427210749;172.462190564575
47;0.25119;60076.913451792;832794.616542196;834958.746808222;85.8738912626562;178.589305549105
48;0.19953;78611.6767428139;1045135.38930148;1048087.67652838;85.6984980512729;185.511432531629
49;0.15849;109932.109707757;1312132.20581229;1316729.2790375;85.2108710667237;193.963588510289
50;0.12589;156548.758888708;1644299.52699815;1651734.9812836;84.5614358707382;203.090757487245
51;0.1;227930.147759714;2060846.98915325;2073413.24027791;83.6887243259286;214.032962459619
