Index;Frequency (Hz);Z' (Ω);-Z'' (Ω);Z (Ω);-Phase (°);Time (s)
1;10000;155.912608539064;60.0663541597018;167.082938696607;21.0695063471649;7.14213398196785
2;7943.3;156.572448553011;73.730796701402;173.064040251315;25.2159949132598;8.58916197831445
3;6309.6;157.277818759753;91.122384163968;181.767987196732;30.0868068142251;10.2761929740551
4;5011.9;158.229084545853;113.207505671291;194.556887661512;35.5824258981052;12.0632229695433
5;3981.1;159.543407611713;141.09922738639;212.986128377867;41.4893506586845;13.870258964981
6;3162.3;161.500155236741;176.304873131395;239.093513988499;47.5094516625774;15.8122949600778
7;2511.9;163.943086905344;220.162954342137;274.497836437213;53.3269978649634;17.7843299550989
8;1995.3;167.700384196271;275.336635699815;322.38747155879;58.6554928013068;20.0113719494761
9;1584.9;172.739398354974;343.904564956487;384.849645370694;63.3301357509423;22.1334099441185
10;1258.9;179.745435161557;429.416588056427;465.518020660254;67.286762253299;24.3354509385589
11;1000;188.995961894853;535.196789422651;567.587065586306;70.5501626170601;26.6374929327468
12;794.33;201.060963314153;667.003703938418;696.648729300775;73.225142152279;29.1545399263919
13;630.96;216.486431992533;831.137507956729;858.868984402965;75.4005598843923;32.4936049179615
14;501.19;236.188352448963;1034.14526888628;1060.7739509398;77.1348822983301;35.0356489115435
15;398.11;261.884667421134;1287.46337121496;1313.82856996279;78.5022527762978;37.7776989046205
16;316.23;295.986191756165;1603.09319373311;1630.1888275607;79.5390358744967;40.6247518974324
17;251.19;342.73850093504;1997.7475343588;2026.9348512125;80.264968826734;43.5068058901559
18;199.53;408.477124132246;2487.75960197533;2521.07147819331;80.6755340245029;46.4188588828036
19;158.49;502.094034158445;3097.13952640006;3137.57416886471;80.7915837243658;49.3009148755272
20;125.89;638.013648367692;3851.59031168874;3904.07599114028;80.5943965937448;52.4729728675185
21;100;835.414596754648;4777.85628586687;4850.34310506672;80.0820189266611;55.8500358589922
22;79.433;1120.87870037433;5909.04123597649;6014.41080983195;79.2592453419368;59.1720978506048
23;63.096;1526.40218802175;7264.61388504698;7423.2417809482;78.1339266165329;62.6691618417756
24;50.119;2098.16625478597;8887.34354090028;9131.65794621681;76.7165642906559;67.2532478302019
25;39.811;2877.58215981463;10768.5534219725;11146.3995033535;75.0389417886701;71.2053198202238
26;31.623;3888.31426843826;12907.5596869742;13480.5075914426;73.2354307045343;75.1173938103468
27;25.119;5126.36544540236;15278.5621696906;16115.6471993189;71.4520224479518;79.0644638003814
28;19.953;6547.49302425076;17926.7281003029;19085.0005314331;69.9359681186887;83.4015457894313
29;15.849;8062.95997856627;20903.0361176803;22404.2014486794;68.9068007290412;87.8836287781152
30;12.589;9572.1261719406;24354.8644456786;26168.3973834648;68.5438192743492;92.4957147664708
31;10;10981.6031004614;28526.8287045974;30567.5573541215;68.9454388865385;97.807812753059
32;7.9433;12268.2541306349;33749.6912313531;35910.3288431826;70.0234324286728;103.189912739471
33;6.3096;13441.5209806107;40328.6972842414;42509.7437173664;71.5668133178023;108.392006726336
34;5.0119;14525.656772023;48724.744135086;50843.8334086663;73.3998059602447;113.759109712786
35;3.9811;15551.2107461691;59406.1462214775;61407.9014831099;75.3304140710691;117.141168704247
36;3.1623;16566.6282228878;72922.2940937967;74780.4395987183;77.2006802855984;120.383228696062
37;2.5119;17608.44719773;90008.2184220113;91714.4306868867;78.9309355756161;123.67528968775
38;1.9953;18747.134401305;111604.025993069;113167.635241364;80.4645335713522;127.142353678996
39;1.5849;20127.5909820736;138868.162707335;140319.23080053;81.7529638026392;131.976447666792
40;1.2589;21627.8791341516;173089.210667709;174435.202884658;82.8776797933128;135.193503658669
41;1;23414.0059281846;216115.096911772;217379.73867587;83.8166670512131;140.932610644179
42;0.79433;25809.6623301654;270240.257175511;271469.952790145;84.5444362789172;144.794682634429
43;0.63096;28892.8714402759;338310.213354629;339541.74777208;85.1185856703504;148.826755624249
44;0.50119;33218.6098787321;424150.818023575;425449.635647209;85.5218546514664;153.358840612806
45;0.39811;39127.992872928;531737.944853935;533175.620057548;85.7914691439497;158.035929600998
46;0.31623;47908.3119314061;667408.547078349;669125.829022726;85.8942031068518;163.478028587258
47;0.25119;60552.5785726087;836927.823202043;839115.484317566;85.8618027693677;169.62014057175
48;0.19953;79449.6865694779;1051326.06744184;1054323.83676872;85.6783192681263;176.437268554539
49;0.15849;108496.623674875;1319554.81546442;1324007.71461656;85.2995915811358;184.374413534499
50;0.12589;152989.40617446;1653180.0649052;1660243.98369684;84.7127648476083;194.31159750941
51;0.1;224330.297818326;2071430.82989433;2083542.5998899;83.8191123154653;205.123797482112
