Index;Frequency (Hz);Z' (Ω);-Z'' (Ω);Z (Ω);-Phase (°);Time (s)
1;10000;97.8476195702371;35.2964590725449;104.019213026352;19.835836519346;7.11712998203097
2;7943.3;98.6491023648022;41.4234178550553;106.993200457673;22.7778608835853;9.50117497601184
3;6309.6;99.7448869035767;50.4447496798189;111.77528901178;26.8274439170529;10.9582009723332
4;5011.9;100.875510065702;61.7633984556808;118.281807222458;31.4780300030356;12.5902309682127
5;3981.1;102.090568265364;76.001967715567;127.274440581693;36.6660728984489;14.4472669635242
6;3162.3;103.430667498966;93.9305444502988;139.717036040746;42.2441538486968;16.4243009585326
7;2511.9;105.016480532503;116.534534109739;156.871791038439;47.9760290998299;18.5163399532507
8;1995.3;107.016279851856;145.12336521852;180.314379031953;53.5943458498094;21.4103949459439
9;1584.9;109.627364868932;180.816521423826;211.453951365111;58.7719587826391;23.3574289410282
10;1258.9;113.057216810614;225.467342061165;252.225011862599;63.3692110011198;25.5944729353802
11;1000;117.985223527168;281.352824531405;305.090027438714;67.2492738831086;27.9915169293282
12;794.33;124.858498339694;351.039172420666;372.58307151752;70.420416205812;30.3785589233015
13;630.96;134.474796761499;437.854079956472;458.038935352198;72.9271049385016;32.8706049170097
14;501.19;148.048108454818;545.983699069289;565.699957633403;74.8285770938458;35.5876579101498
15;398.11;167.050542462673;679.407803218035;699.643371161786;76.1863225978845;38.3897079030753
16;316.23;194.160743211469;845.607829981893;867.612238463195;77.0684130235242;42.1637828935467
17;251.19;232.788879713124;1049.04644332713;1074.56461079611;77.4885017259754;45.1058348861187
18;199.53;287.432720817609;1297.95522142648;1329.40036325588;77.5133395342066;48.237889878211
19;158.49;363.750832550346;1598.93321374212;1639.78720881362;77.1835729085061;51.4799518700256
20;125.89;468.495491535028;1959.97991903234;2015.19460812068;76.55678705512;54.7020098618907
21;100;607.969649724403;2385.96728021986;2462.20774047719;75.7046402361965;57.9790708536169
22;79.433;787.760847701096;2888.16188997998;2993.66769296518;74.7433979935398;59.9561068486254
23;63.096;1010.33951407481;3473.10974145892;3617.08131093535;73.7801056858883;61.9181458436717
24;50.119;1274.92825627476;4153.81543127765;4345.06900932173;72.9372082884567;65.8652168337063
25;39.811;1580.3258739911;4954.44999016529;5200.38504084597;72.3088251854911;69.7222878239681
26;31.623;1924.71144599381;5900.81562382658;6206.78170848109;71.9348552065677;73.6793638139775
27;25.119;2311.56966308152;7032.60697805262;7402.76402535115;71.8046605278196;75.736398808784
28;19.953;2745.58178348976;8401.70245218816;8838.93791272093;71.9031908183986;80.6674947963342
29;15.849;3221.84737101774;10049.285240371;10553.1243868568;72.2239090763297;83.5695457890072
30;12.589;3739.65129402192;12046.0174144702;12613.1489862999;72.7531952486452;86.2065927823493
31;10;4292.78072778744;14485.5405233062;15108.2378399736;73.4928434711434;88.8636427756409
32;7.9433;4880.55319604968;17501.612014108;18169.3759549369;74.4181770393393;91.7906967682508
33;6.3096;5506.17426908545;21249.704622006;21951.4897354152;75.4731459018121;94.682749760949
34;5.0119;6150.56253815076;25879.4026865021;26600.2425354702;76.6309705472448;97.7248087532686
35;3.9811;6855.07304618648;31688.6678881956;32421.6547849877;77.793538983944;100.736863745664
36;3.1623;7626.35728332411;38936.9407756208;39676.7776208843;78.9180911585402;103.863922737769
37;2.5119;8447.61970738567;47984.2802039359;48722.2066968487;80.0154068709991;106.995980729861
38;1.9953;9357.88471660967;59391.7585933904;60124.4625355181;81.0459746028729;110.288040721549
39;1.5849;10318.9024851786;73598.1583334189;74318.0237800334;82.018814581824;113.645101713074
40;1.2589;11612.0076098171;91509.1620246605;92242.9696789193;82.7681328656769;117.162167704194
41;1;12957.946081303;114007.482675732;114741.511549671;83.5156609559026;122.811275689931
42;0.79433;14804.3962508902;142331.290514211;143099.148871662;84.061810495261;126.613341680332
43;0.63096;17183.2054268827;177621.125221688;178450.34792278;84.4743567933039;133.017463664163
44;0.50119;20408.3864638726;222012.254843824;222948.297905362;84.7478692532113;137.524543652784
45;0.39811;24994.5440696547;278001.226122364;279122.569776769;84.8624623330109;142.266630640811
46;0.31623;30917.3528615594;347800.482123349;349171.96060566;84.9201053820629;147.468728627677
47;0.25119;38302.3148336513;434412.424061614;436097.720127844;84.9612386958414;153.530841612372
48;0.19953;52841.0785303908;545216.247610784;547770.879327332;84.4643166626966;160.187964595564
49;0.15849;74367.6182913271;680484.006490489;684535.627808861;83.7631045119856;168.275112575146
50;0.12589;104627.30515769;856974.996218817;863338.298194168;83.0392585144567;177.472284551926
51;0.1;162637.639626401;1058521.94166626;1070943.37049732;81.2650420858418;188.309485524564
