Frequency (Hz);Z' (Ω);-Z'' (Ω);Z (Ω);-Phase (°);Time (s)
10000;99.8563759224859;45.6832703856774;109.810095189394;24.5836099735676;1121.04876016962
7943.3;100.47426416504;57.2860068527317;115.657962720417;29.6898869897472;1122.57578516577
6309.6;101.557962043637;70.2341597475395;123.478163453704;34.6664645228961;1124.2678181615
5011.9;101.921863882295;87.5107004510949;134.336104717542;40.6495787759235;1126.06485115696
3981.1;102.682466500798;108.077126347199;149.078349085828;46.4662381963612;1127.82688315251
3162.3;103.452905597949;134.888228842334;169.992170281105;52.5134963822518;1129.72891714771
2511.9;105.860364280621;169.345739727996;199.710781605921;57.9899269906437;1131.58595514302
1995.3;108.439016190285;212.025239486587;238.146430608693;62.9128035843792;1133.60799213792
1584.9;110.727293245299;265.51863319852;287.681556664727;67.3627564245634;1135.68002813268
1258.9;114.78769440797;330.684575999401;350.04071704789;70.8570176465261;1137.84706912721
1000;122.614402161966;412.988867456505;430.806332660678;73.4640998221819;1142.75016211483
794.33;130.600870946558;515.069423481437;531.369079357747;75.7719571602261;1145.062204109
630.96;141.024352225589;642.1692468963;657.471831776852;77.6141043365483;1147.43924610299
501.19;154.279673808291;800.298679208516;815.033860458133;79.0885106263733;1149.9312920967
398.11;171.680882380331;998.927592302402;1013.57321395051;80.2481208954085;1153.87236608675
316.23;194.810005476006;1246.13796116555;1261.27346618067;81.114810018956;1156.33941008052
251.19;226.536275957702;1555.10142889934;1571.51491831594;81.7118508797993;1159.11146307352
199.53;271.336912191785;1939.53658539301;1958.42433757236;82.0361324357387;1161.79351406675
158.49;334.570600694223;2417.97315711015;2441.01038001769;82.1221078809191;1164.67556605948
125.89;426.499842148696;3011.83881920023;3041.88678096249;81.9400608176167;1167.64762105197
100;557.640821953124;3743.37439988478;3784.68164896617;81.5271038158461;1170.67967504432
79.433;749.566833242301;4641.09881346835;4701.23905304486;80.8255908911862;1173.78173503649
63.096;1023.16743460301;5733.81925259041;5824.39308603124;79.8823866450761;1176.88879102864
50.119;1408.9746402959;7044.98094326397;7184.49483456905;78.6902360352842;1180.5108580195
39.811;1939.4332976859;8602.29348385576;8818.21153627878;77.2947851148552;1184.05292301055
31.623;2647.27219853211;10418.6288191523;10749.6919288132;75.7434001442868;1187.7199940013
25.119;3550.08064596419;12495.9704265644;12990.4714885343;74.1402559304148;1191.32705799219
19.953;4624.61885405254;14850.8555014206;15554.2601453535;72.7031918092227;1195.30913298213
15.849;5825.70629966945;17521.1158809633;18464.2453299384;71.608224353042;1199.35620597192
12.589;7097.77158469108;20608.2868024825;21796.3264428165;70.995602260225;1203.60328596119
10;8371.17847117353;24279.3213926687;25681.9406643022;70.9765058491147;1208.26037194944
7.9433;9568.20703174479;28792.6215984357;30340.8247137918;71.6176021144807;1213.07246393729
6.3096;10713.7460071195;34409.9393534845;36039.2602562199;72.7057021581144;1218.14955592447
5.0119;11769.7185658278;41512.600619604;43148.8387482391;74.1708217450053;1223.13165191189
3.9811;12775.0953411886;50456.9059025823;52049.0385524892;75.7919585329969;1228.18374189913
3.1623;13768.4163362326;61800.424559181;63315.5728403594;77.4402841825544;1233.41083888594
2.5119;14832.9117219001;76091.6222929099;77523.8689263929;78.9693851293538;1238.85793787218
1.9953;15876.0208674265;94133.1536147811;95462.5510241945;80.4268731960124;1244.36504185828
1.5849;16870.0936249605;116870.109329095;118081.423236297;81.7861427170274;1250.022146844
1.2589;17914.1329126102;145546.478092252;146644.786620831;82.9832189628706;1255.89425582917
1;19367.7471182142;181104.341775194;182137.015014141;83.8958472435886;1264.01840580866
0.79433;20869.0089752291;226496.477358453;227455.863391992;84.7357255012726;1270.16551979314
0.63096;22775.3834293584;283248.164932974;284162.34977254;85.4028585136593;1277.09264577565
0.50119;24894.5690868359;354761.612664371;355633.999204582;85.9859822344796;1284.16977975778
0.39811;27721.2864254626;444517.309369594;445380.857301103;86.4315034853985;1291.59191373904
0.31623;31481.5271043338;557422.919866257;558311.201876735;86.7675449789582;1299.59906371883
0.25119;36782.2436340659;699617.425407644;700583.667652035;86.9904569237817;1308.54622769624
0.19953;44010.7990441173;878018.815553834;879121.146884239;87.1304438120982;1318.31840967157
0.15849;54072.389478781;1102796.04708224;1104120.89227772;87.1929165759647;1329.20561164408
0.12589;69778.4511685935;1384508.71425216;1386265.99615213;87.1147666010467;1341.32283561349
0.1;92979.1445892885;1740288.85811307;1742770.90605767;86.9417420057033;1355.21009257842
