Frequency (Hz);Z' (Ω);-Z'' (Ω);Z (Ω);-Phase (°);Time (s)
10000;99.6515021274648;45.4467169078843;109.525458017602;24.5156664771929;4435.51312980141
7943.3;101.013948258761;55.4068901326286;115.211723435564;28.7450907750772;4437.01015579763
6309.6;100.378780062321;68.3355234605778;121.431640248458;34.2461173296815;4438.79218679313
5011.9;101.219535622828;84.2780556891128;131.712509134243;39.781657981161;4440.64922178844
3981.1;101.755958242;105.594084357121;146.643737298823;46.0604450041098;4442.57625878357
3162.3;103.712633182644;131.654327452658;167.598246466631;51.7702078253981;4444.51329277868
2511.9;104.955479623699;164.86969442307;195.442239145475;57.5193099976807;4446.55533077353
1995.3;107.293630255216;204.639480241103;231.06111738389;62.331724619833;4448.68237176816
1584.9;110.057123254223;258.979121837804;281.394306848726;66.9761951815083;4450.86440976265
1258.9;113.44691438058;323.653346683367;342.960188945916;70.6834246589907;4453.13645375691
1000;120.2705862097;405.301480464902;422.769800215515;73.4720857048941;4458.05454674449
794.33;128.838671805023;507.056377384189;523.168780794936;75.7433385263065;4460.38158673862
630.96;140.979047582405;633.782463782911;649.27290352823;77.459261247808;4462.8036307325
501.19;158.338946689839;791.6759741306;807.354983916296;78.6898064370326;4465.33067972612
398.11;183.287298689001;988.963819581287;1005.80498621826;79.5003534925866;4469.45175871572
316.23;219.204288020881;1232.57852237042;1251.91866097426;79.9158324887314;4472.13880470893
251.19;270.591591731133;1532.1184502;1555.82992481789;79.9841233349683;4475.07085970153
199.53;343.873587042436;1900.36561184689;1931.22720117433;79.7432413226016;4477.87791269444
158.49;448.52660967709;2349.34961993563;2391.78171167022;79.191429999466;4480.88996768684
125.89;593.177874147652;2887.93371291557;2948.22338376397;78.392952128425;4484.00202467898
100;787.586350335877;3530.64451988514;3617.42214636754;77.4248276875947;4487.15408267103
79.433;1041.74050079719;4286.91794871455;4411.67641265904;76.3416065504255;4490.47114366265
63.096;1361.53772990969;5172.96374954758;5349.14375803278;75.2540393696952;4493.79820765425
50.119;1741.93308579883;6205.32387586669;6445.18233099746;74.3197245142255;4497.51527664487
39.811;2184.93270140606;7414.0014265641;7729.25274931336;73.5795664080249;4501.31234463528
31.623;2677.29106519699;8857.25742175175;9253.04795637416;73.1814614238464;4506.02643662338
25.119;3215.96886626994;10568.0986361881;11046.590629376;73.0745162994096;4509.76350261394
19.953;3802.80978667815;12656.7106517309;13215.6606643517;73.2766848184058;4514.19058660276
15.849;4435.42616574799;15196.3308278109;15830.3972123279;73.7288051751834;4518.43766159204
12.589;5127.42758620849;18308.1697930038;19012.6167273542;74.3544451849595;4522.75974358113
10;5852.51538085179;22163.5782071007;22923.2662425182;75.2081064508578;4527.61183356888
7.9433;6626.84132606537;26939.0763625302;27742.1855885055;76.1800043347879;4533.44594155415
6.3096;7450.66067537239;32845.5594392961;33680.0106796283;77.2193550129637;4538.25302954201
5.0119;8270.25206998213;40247.7392636254;41088.6551877013;78.3882832029844;4543.53512752868
3.9811;9135.69658302189;49469.3457219616;50305.8358266315;79.5368492316676;4548.89722551514
3.1623;10060.9649770719;61029.2210557499;61852.9614403503;80.6387094278239;4554.22932450168
2.5119;11075.3539803069;75426.2672268301;76235.065773975;81.6465643161078;4559.64142448801
1.9953;11971.6474146296;93688.5134185327;94450.2932149752;82.7181281883802;4565.23852947388
1.5849;13013.4377883812;116535.753060741;117260.101076649;83.6282320326248;4571.2906414586
1.2589;14099.9504643303;145337.732028615;146020.084078589;84.4587869276022;4577.41775344313
1;15296.5393963701;181217.531347914;181861.97454481;85.175110951793;4585.7469104221
0.79433;16798.1010577468;226894.6410273;227515.613367641;85.7658427425054;4592.06902740614
0.63096;18547.2631335936;283868.308098959;284473.579287625;86.2617469512315;4598.83615138905
0.50119;20817.2383116099;355824.99266516;356433.419892248;86.6517757389067;4605.97828237102
0.39811;23592.896785576;445877.102079048;446500.856591725;86.9711071930579;4613.57042435185
0.31623;27419.5904724113;559340.75145262;560012.4196634;87.1935351023134;4622.1475843302
0.25119;32623.7946779581;701639.782543327;702397.81920692;87.3378640856105;4631.27475030716
0.19953;40287.2108759078;880619.28710576;881540.349719068;87.3806174460152;4641.26693528193
0.15849;50090.3990263135;1105895.68901739;1107029.50415147;87.406619559366;4649.31408426161
0.12589;66149.4759389827;1388842.03350851;1390416.4653826;87.273106948017;4658.71626123787
0.1;88668.3898544453;1743669.35400872;1745922.36352839;87.0889250084966;4670.08846920916
