Frequency (Hz);Z' (Ω);-Z'' (Ω);Z (Ω);-Phase (°);Time (s)
10000;100.534856813562;45.0975033797624;110.186397734072;24.1598497858865;3352.78408053503
7943.3;100.146414073218;55.9332410716521;114.707592200796;29.183998977601;3354.69611553021
6309.6;100.786128016229;68.9508503956579;122.114959651912;34.3772161735247;3356.65315252527
5011.9;101.851477347073;85.1626016797279;132.764423557824;39.9005125322356;3358.71519152006
3981.1;101.631309029824;106.339786623023;147.095456062197;46.2969581861231;3360.86223051464
3162.3;102.595908995321;131.327693110578;166.651983247492;52.0023109631965;3363.10926950897
2511.9;104.481890984173;163.902417523817;194.371983613329;57.4839559433734;3365.3913125032
1995.3;107.838786968935;208.161961350102;234.43678492944;62.6134799013424;3367.74335649727
1584.9;109.679814348842;260.616674579737;282.755570669434;67.1763413445801;3369.97539649163
1258.9;112.419181067269;322.827827578621;341.841891129463;70.800215707478;3372.38744148554
1000;120.791256333091;406.428787236613;423.99868714555;73.4479703631213;3377.37553847295
794.33;129.214664114072;508.217878384874;524.387110188775;75.7347751507879;3379.74758046696
630.96;140.89515806736;634.680060412618;650.130928853712;77.4836543387961;3382.24462546065
501.19;157.458760113361;792.890546859072;808.374096835689;78.7678638942235;3384.73667045436
398.11;180.696445462376;990.133908182824;1006.48713928005;79.6575104598328;3388.82275044405
316.23;214.077920434572;1234.84120696577;1253.26061233818;80.1646892587443;3391.37979343759
251.19;261.540301692452;1536.79356222553;1558.8899198812;80.3416135381826;3394.17684843053
199.53;329.468295521104;1907.70939841859;1935.95054342;80.2014679622604;3396.94889642353
158.49;426.093217786094;2362.88442057718;2400.99525514935;79.7778476674986;3399.80594941632
125.89;562.671208022173;2913.60021572787;2967.43409453801;79.0696596578825;3402.80300740875
100;749.030469110579;3575.90248783838;3653.50862133712;78.169520333162;3405.73505840135
79.433;996.977113029576;4359.07234266412;4471.63002186944;77.1172824742216;3409.08712239288
63.096;1314.46996091008;5277.92800339012;5439.15023575416;76.0149767815114;3412.39418238453
50.119;1704.13978905214;6352.52094834798;6577.12815899391;74.9832808995611;3416.11625337514
39.811;2168.03486935647;7614.9413557227;7917.55688617653;74.107921775173;3419.61831836629
31.623;2696.09417421936;9103.50056086707;9494.34812180208;73.5028094571645;3423.9723983553
25.119;3289.07866547166;10874.602889993;11361.1190682391;73.1717930742735;3427.75946834574
19.953;3942.86961927058;13001.9220480758;13586.6183349208;73.1299245653154;3431.93654433519
15.849;4663.12101679381;15567.3984652181;16250.8028291571;73.3247276713924;3436.21362332439
12.589;5434.68145905166;18707.4413443117;19480.8655919655;73.8009395826232;3440.54570331346
10;6269.72333159286;22553.9695172547;23409.2069844319;74.4647300870692;3445.30779230143
7.9433;7138.66745610132;27311.5224289318;28229.0600345609;75.35178300402;3450.18488228912
6.3096;8047.90268107101;33135.361101066;34098.6934186932;76.3483667634826;3455.13697427662
5.0119;9019.08009412458;40477.3387764972;41469.974200276;77.4386666546622;3460.2940692636
3.9811;10034.1225680057;49625.8242230984;50630.0903172374;78.5691593684204;3465.34616525084
3.1623;11096.5373494846;61051.1360185838;62051.3847573777;79.698486875282;3470.62826123751
2.5119;12255.1936623837;75352.6732057175;76342.7477298936;80.7624211939026;3476.18536422348
1.9953;13362.7379107001;93316.1210924145;94268.0286216076;81.8507257832212;3481.74246720945
1.5849;14568.5345018125;115760.590309495;116673.717975957;82.8270052322748;3487.48957219494
1.2589;15652.6019996101;144254.236521964;145100.960382393;83.807232107241;3493.51168417973
1;17146.6193813246;179420.830638911;180238.289559585;84.5410219277217;3501.75084015893
0.79433;18725.4778455851;224340.282924663;225120.425690925;85.2286341156794;3510.05499213796
0.63096;20445.9057273728;280613.146126328;281357.020242838;85.8327053579796;3516.67711412124
0.50119;22899.7555707663;351093.066005411;351839.082255342;86.268215971286;3523.73924410341
0.39811;25576.2460839612;440065.795513445;440808.403668338;86.6737602982408;3534.84345107538
0.31623;29361.1613398571;551628.887823597;552409.72807937;86.9532330291333;3543.00060305478
0.25119;34508.0498690624;692017.953063763;692877.805149166;87.1452630075271;3552.12277303175
0.19953;41533.9189226326;868888.773578658;869880.892577884;87.2632766142958;3561.98495400685
0.15849;52136.5861815575;1090738.9119768;1091984.24792622;87.2633832027185;3570.34210898575
0.12589;66578.5566601531;1369723.75191392;1371340.89881549;87.2171977874961;3579.72428096206
0.1;89395.4827021468;1719791.56054931;1722113.40046589;87.0244195228067;3590.97148893367
