Frequency (Hz);Z' (Ω);-Z'' (Ω);Z (Ω);-Phase (°);Time (s)
10000;99.3681500398641;45.1396366978798;109.140350208168;24.4307144255825;8014.36039376569
7943.3;99.8929643659256;54.8920782223442;113.981334355148;28.7891885403579;8016.19742676105
6309.6;100.97218269165;68.9813937066836;122.285789670069;34.3398055318847;8018.25946275584
5011.9;100.653994309975;85.6939970254851;132.191859419392;40.4101442431046;8020.39650275045
3981.1;102.462403374535;106.825368379012;148.020956065679;46.1942564810928;8022.5935457449
3162.3;102.182349907588;132.90021912364;167.641584565848;52.4445704001264;8024.88558873911
2511.9;103.028244756053;166.238935428725;195.576590802654;58.2110205253075;8027.25263173314
1995.3;103.777094317098;211.748509830616;235.811612776781;63.8907114469557;8029.57467272727
1584.9;105.534890881431;260.972066915416;281.503166773413;67.9820095400533;8031.77671372171
1258.9;111.135657485505;328.117291057979;346.427613010225;71.2883943871106;8034.87377071389
1000;113.290063356932;412.688154705481;427.955782166374;74.6494608341005;8040.20687370043
794.33;119.010043812423;517.514737381163;531.022498520476;77.0491645764622;8042.62891469431
630.96;127.386230276848;648.783401023515;661.171046785766;78.8914973698491;8045.55597068692
501.19;139.724601376219;813.290470368097;825.205643110433;80.2516601328986;8048.4980256795
398.11;157.519185717891;1019.38450252008;1031.48294113249;81.2159120297725;8053.09411166789
316.23;183.77991088255;1274.66040874303;1287.84091147197;81.795660795658;8056.00116166055
251.19;221.767583766508;1592.23045633377;1607.60028840706;82.0707926248908;8059.00321765297
199.53;276.448399633898;1984.95890876224;2004.11715903405;82.071325771747;8062.02527364534
158.49;355.281405928651;2467.31865710508;2492.76678273309;81.8060206030434;8065.54234063646
125.89;466.359648773543;3058.33878995151;3093.69156124624;81.3298762675703;8069.14940762736
100;619.056616897141;3774.50776829427;3824.93659919193;80.6858490854988;8072.62146961859
79.433;821.624354543883;4634.84341666531;4707.10527574915;79.9475388114301;8076.01353461003
63.096;1079.73257135447;5665.64098717559;5767.6087090932;79.2102094050068;8079.53559760113
50.119;1398.03644984623;6897.04929430635;7037.31446527653;78.5413600267085;8083.46767059121
39.811;1774.53494645436;8357.56225205197;8543.87623231469;78.0125926377141;8087.21974258173
31.623;2197.86085442416;10123.4381285247;10359.2756444395;77.7508270953639;8092.00383056965
25.119;2659.7899060702;12271.3594889332;12556.3030407467;77.7704384289241;8096.29091055883
19.953;3158.10461893062;14891.2474374894;15222.44642062;78.026241832205;8100.81299154741
15.849;3698.76595315315;18116.3185631182;18490.0478056869;78.4606487656283;8105.26507453617
12.589;4246.05460981136;22134.0337093402;22537.6225009584;79.1406619030403;8110.20216552371
10;4860.58957212936;27086.4396897981;27519.0942085266;79.8267005248687;8115.3942625106
7.9433;5486.12906364643;33265.1029734116;33714.4581438685;80.6349961827096;8120.88136349675
6.3096;6170.84012793383;41014.0154020664;41475.6401672772;81.4436357497365;8126.31846548302
5.0119;6914.26477599942;50712.0198871998;51181.2076687564;82.235955012934;8131.94056946882
3.9811;7704.7284194736;62867.1915250102;63337.5608171026;83.0129221801405;8137.86768045386
3.1623;8613.16889626608;78039.1159074355;78512.9944025175;83.7017624013347;8143.80478943887
2.5119;9714.73929200657;97063.2550574238;97548.2016331114;84.2844894781564;8149.96690242331
1.9953;10682.6199000871;121069.036514926;121539.417353311;84.9575217627004;8156.33402140724
1.5849;12103.5339163331;151015.943427707;151500.200338561;85.417687640476;8162.95614339052
1.2589;13539.164392161;188854.208135048;189338.904884216;85.8994185360383;8172.48732136645
1;15419.8764542008;235800.701069033;236304.344468125;86.2585450876374;8181.07147934478
0.79433;17734.3110217894;294933.765060222;295466.464357659;86.5589588544233;8188.17860932684
0.63096;20627.2837417165;369174.211879834;369750.028467419;86.801974038143;8195.9157543073
0.50119;24415.9225281055;462489.220434412;463133.259754608;86.978022843671;8204.07290728671
0.39811;29359.780151;578881.667263118;579625.72526057;87.0965545713657;8212.47505926549
0.31623;36051.5550772364;725689.478289274;726584.429728057;87.1559389822894;8221.20222024346
0.25119;45075.0866604075;909609.665129414;910725.812928506;87.1630673523;8230.67939621953
0.19953;57785.7422956609;1139888.2172051;1141351.97889857;87.0979195579985;8241.16659119305
0.15849;76008.2669026486;1430047.13506773;1432065.66370155;86.9575416121297;8252.53380116435
0.12589;102314.890407689;1793338.08726111;1796254.38956192;86.7346573951106;8265.31604013208
0.1;140355.180534419;2247031.96739691;2251411.16618144;86.4258072261343;8279.74330609566
