Frequency (Hz);Z' (Ω);-Z'' (Ω);Z (Ω);-Phase (°);Time (s)
10000;99.9326761563152;45.4663615349619;109.789479436742;24.4641071720668;6877.54234563587
7943.3;100.09971072599;55.8971687162787;114.649228335489;29.1796411826668;6879.09937063194
6309.6;100.617122635511;68.3099140027202;121.614348324975;34.1729529582918;6880.98140562719
5011.9;100.968806882336;84.5454570953816;131.691435859396;39.9408642762814;6882.85344162247
3981.1;101.901522428461;106.067020834819;147.085462170849;46.1474503128977;6884.77047761763
3162.3;103.128142593076;132.956128764202;168.263917613554;52.200861616066;6886.7625136126
2511.9;103.14088536243;166.184509516618;195.589706878007;58.1745745652904;6888.82455160739
1995.3;105.966084279102;206.618023329754;232.20641374032;62.8485347011397;6890.99159360192
1584.9;108.514743861326;258.703784424032;280.540723800673;67.2441154286333;6893.06862959667
1258.9;114.887708652515;324.744935718933;344.468371370317;70.5173260471422;6895.31067059101
1000;117.335036436989;407.266632729651;423.832066873919;73.9281114713638;6900.37876857822
794.33;125.025910756281;510.169231300411;525.265764090988;76.230049563767;6902.840809572
630.96;136.213874788129;638.840686155979;653.20107315668;77.9636132384989;6905.26785656587
501.19;152.631408808201;799.19788919379;813.642189814777;79.1878079661849;6907.84990355936
398.11;176.619722592214;999.418189206012;1014.90454887362;79.9780209163913;6912.00098354888
316.23;211.592379615842;1246.64499317229;1264.4742283309;80.3670208511508;6914.66303054215
251.19;262.202418698495;1552.18599144088;1574.17643877573;80.4118497510461;6917.58008453479
199.53;333.901103722564;1925.45572483785;1954.19285009898;80.161945446966;6920.46213652751
158.49;436.088568569754;2379.72314078484;2419.35021574473;79.6156614020738;6923.48419451988
125.89;577.546907349772;2926.69771139678;2983.1392733301;78.8368307484086;6926.59624951203
100;765.691231332207;3581.68438496543;3662.61465284627;77.9329682209717;6930.46332350226
79.433;1008.57958361186;4352.64639288584;4467.97083674242;76.9538686541252;6934.11038949305
63.096;1312.02247217115;5261.81143169625;5422.92010914889;75.9989180765966;6937.89746248349
50.119;1672.4226993502;6326.67601215825;6543.99167543178;75.1928657538196;6942.28454247242
39.811;2080.26302243078;7575.59174977775;7856.02218694637;74.645019024029;6946.41661846198
31.623;2527.29894741692;9081.80337113101;9426.8972860375;74.4490924069881;6951.3607104495
25.119;3007.09734446998;10891.0098878242;11298.5278163043;74.5647335088733;6955.34778543944
19.953;3510.21274354866;13105.3620727906;13567.3176628216;75.0055413170329;6959.49486142896
15.849;4035.67205589538;15841.6388661538;16347.6044394391;75.7078489227712;6963.94194341774
12.589;4595.03399807844;19215.7492865172;19757.513965218;76.5514878473793;6968.55902940608
10;5151.19741483655;23431.6439007337;23991.1811025929;77.6013612840177;6973.48112039365
7.9433;5736.88866365853;28674.5366415892;29242.7930121091;78.6862608571245;6978.4132133812
6.3096;6333.23670510658;35249.2867559156;35813.7139091113;79.814345724684;6983.57530636817
5.0119;6944.108271303;43483.5793781576;44034.55819263;80.9267653928893;6988.65240135535
3.9811;7571.00091592279;53836.3199879001;54366.0685051667;81.9949910166755;6993.95949734195
3.1623;8246.87204297511;66807.8204058117;67314.9000286592;82.9629099136317;6999.46160032806
2.5119;8984.67400591584;83035.7985558494;83520.4658080891;83.8244839454901;7005.01870331403
1.9953;9739.86993878034;103694.236747932;104150.659148948;84.6340227907103;7010.8108092994
1.5849;10666.8464237742;129465.506790026;129904.191853175;85.2899581690399;7016.62791928472
1.2589;11586.0722437871;161984.634126339;162398.456775556;85.9088436704455;7025.9440912612
1;12781.5284913456;202514.032281302;202916.979923828;86.3886079414998;7034.21824524031
0.79433;14364.7004461006;253706.059767999;254112.395175658;86.7594037324627;7042.87240821846
0.63096;16448.4585520326;318195.329961167;318620.181090015;87.040845450269;7049.68453020126
0.50119;19089.3922531048;398946.678248707;399403.125904481;87.2605160532949;7057.19667018229
0.39811;22584.1933723835;500323.898486295;500833.354706739;87.4154718673135;7065.0338151625
0.31623;27450.8681631493;627478.527929829;628078.699826619;87.4950271993347;7073.53597214104
0.25119;33921.6589759159;786863.546267157;787594.387608117;87.53150946793;7082.82314611759
0.19953;43219.8561072398;988400.445271427;989344.932859458;87.4962183788798;7092.78532709244
0.15849;56187.6731109574;1240638.98382917;1241910.68229816;87.4068861227076;7104.47754706292
0.12589;74926.5408649524;1556291.93938321;1558094.53728428;87.243664759665;7117.10477703104
0.1;103854.673715153;1954585.57941585;1957342.73455439;86.9585142516105;7131.29204099522
