Frequency (Hz);Z' (Ω);-Z'' (Ω);Z (Ω);-Phase (°);Time (s)
10000;99.9517394237453;47.0720409842864;110.481343475985;25.2179826567761;2272.40407826273
7943.3;100.913267144105;56.8482866150499;115.824069936971;29.3942175971744;2273.74110125936
6309.6;101.689027765276;70.5788977679746;123.782224806268;34.7632005737227;2275.50813425489
5011.9;102.066822040497;86.8097057949334;133.990899622509;40.3817743538924;2277.18516325066
3981.1;102.829805606857;107.16366221163;148.519424385338;46.1823055719159;2279.01219924605
3162.3;104.355886591209;134.1544845701;169.963457238626;52.1214214744935;2280.94923324116
2511.9;104.658962050768;167.578812249831;197.575698537569;58.0137478575975;2282.9512702361
1995.3;106.732697683384;210.231483147658;235.773504154383;63.0834907018682;2285.02831023086
1584.9;111.465870586135;262.453671114141;285.143068979091;66.9887363226337;2287.1503482255
1258.9;115.481456937028;331.361298117094;350.907789577468;70.7862388418723;2289.50239321956
1000;122.05633738721;411.923642033556;429.626391603879;73.4950136171347;2294.33048320737
794.33;130.083479835848;513.944866059259;530.151900001191;75.7962873196101;2296.66252620148
630.96;140.699446903042;641.293961654727;656.547240961103;77.6254142219384;2299.07957119538
501.19;154.461719007719;799.578825231828;814.361541575933;79.066347086716;2301.59161718904
398.11;172.839818980993;998.180654772154;1013.03416654462;80.1763645357618;2305.71769517862
316.23;197.431188868944;1244.5963129353;1260.15834580831;80.9862359679192;2308.19473717237
251.19;231.854801477521;1552.32342624726;1569.54282153888;81.5051082880278;2310.88679016557
199.53;280.054039862962;1934.54097550535;1954.70689648161;81.762794204531;2313.51383615894
158.49;349.886968915264;2410.11637218386;2435.38124705053;81.7398317330445;2316.39088915168
125.89;451.530043033819;2998.21895410594;3032.02840958363;81.4356487118289;2319.33794414423
100;593.408936685999;3719.51130729233;3766.54995071276;80.9354516072902;2322.47000213633
79.433;797.506218831523;4596.36674548587;4665.04056017558;80.1567227709697;2325.71206412814
63.096;1081.97078164926;5655.73760757003;5758.30084816908;79.1698853996783;2329.00912611982
50.119;1471.75389943691;6923.53493503943;7078.23392783957;77.9991201865316;2332.51118811098
39.811;1990.87104081219;8417.91015834555;8650.13172935082;76.693802772602;2335.93325310234
31.623;2660.80405723827;10170.1772204573;10512.4870000644;75.3384423519046;2340.31733509127
25.119;3488.54933903254;12174.9724304743;12664.9094025056;74.0111667802704;2344.11440208168
19.953;4469.37004188218;14496.1432460025;15169.4903533342;72.8647149159183;2348.14147807151
15.849;5571.70181374606;17170.9319241263;18052.2786441014;72.0225550475688;2352.35855806087
12.589;6729.7917501413;20298.9477530583;21385.4477830524;71.657884961533;2356.69063704993
10;7906.23080885595;24035.0666481812;25302.0337993889;71.7916039708968;2361.43772303794
7.9433;9070.46663594831;28623.0744242624;30025.8847411815;72.4169291623287;2366.26481202576
6.3096;10163.3190094114;34350.5751377444;35822.5496800672;73.518072957889;2371.37190901286
5.0119;11247.3906605461;41517.9327984187;43014.4457191412;74.8421384751925;2376.56400299975
3.9811;12292.4754802825;50562.4457646084;52035.2368605382;76.3356448729283;2381.74609898667
3.1623;13357.5203648899;61955.0018967346;63378.5895261392;77.8332459012107;2386.94819497354
2.5119;14464.1714371542;76267.3485712447;77626.804091442;79.2613390898225;2392.2702959601
1.9953;15597.1088518607;94308.9735922745;95590.0219927014;80.609248878869;2397.83239994606
1.5849;16856.5325551668;116996.907603873;118204.987537128;81.8014293868612;2403.34450093214
1.2589;17927.9497273878;145492.209680325;146592.613930891;82.9752679857482;2409.29161191712
1;19554.160948948;181052.148153149;182105.039911824;83.8357820960994;2417.52076389635
0.79433;21197.977198254;226245.135968821;227236.035405584;84.6473140530934;2423.77787688055
0.63096;23130.4216281355;282641.257314602;283586.136369665;85.3215294237463;2430.5700028634
0.50119;25489.6093634715;353881.410804107;354798.214620941;85.8801757780205;2437.69213584542
0.39811;28421.438474035;443238.599850068;444148.887831526;86.3310909388979;2445.17927582652
0.31623;32197.7648659984;555857.073325301;556788.812772074;86.6848727547067;2453.44142680566
0.25119;37421.9796961506;697397.177493883;698400.478050247;86.9284831817533;2462.39359278305
0.19953;44663.6041226743;874869.770768123;876009.105738688;87.0774892637591;2472.18077375834
0.15849;55236.4661089154;1098501.81694904;1099889.68039005;87.1213947585612;2483.35798373012
0.12589;70961.4686332125;1379336.89336437;1381161.0316783;87.0549534418892;2495.45520569958
0.1;92607.5983099267;1731690.76089418;1734165.23394716;86.9388443580418;2509.42246366432
