Frequency (Hz);Z' (Ω);-Z'' (Ω);Z (Ω);-Phase (°);Time (s)
10000;100.595138665596;46.7362214770591;110.92184780783;24.9194498230189;9.45317697613302
7943.3;100.987046654062;57.0720933653039;115.998307888553;29.4726460524597;10.9702049723029
6309.6;101.586192237962;70.3763667898495;123.58231044914;34.7132464371383;12.6722339680057
5011.9;102.357043959674;87.3071553441307;134.534396428746;40.4630757419478;14.4542699635065
3981.1;103.285557044283;108.646699780322;149.906676526109;46.4490732135963;16.2512999589694
3162.3;104.523820167633;135.521049950325;171.146673827084;52.3579431163559;18.2183369540031
2511.9;106.357975155458;169.393984760572;200.01585175239;57.8763818616884;20.1603739490999
1995.3;108.880391241175;212.089530475712;238.404925566229;62.8253985295508;22.9644299420204
1584.9;112.326588523935;265.003429296951;287.826475551798;67.0294453074406;24.9064609371172
1258.9;116.956684249344;330.85466236069;350.918328954768;70.5315661346376;27.033501931747
1000;123.187092020946;412.895525148699;430.880232000027;73.3875639345394;29.2255409262126
794.33;131.302623991101;515.047472457095;531.520722033855;75.6980498613547;31.4925859204889
630.96;141.733836128105;641.814325471749;657.277801758393;77.5470608890223;33.8296289145884
501.19;155.157865510397;800.031604522435;814.938360530712;79.0243295737908;36.246670908486
398.11;172.446974532463;997.979803872604;1012.76929651476;80.1963245307012;40.2827498982958
316.23;195.631801316491;1245.17680460377;1260.45114003265;81.0711540026104;43.0247988913728
251.19;227.108996191397;1553.36105795891;1569.87549587038;81.682010342279;45.9368518840206
199.53;271.146732108072;1937.20424488999;1956.08814646802;82.0321841099387;48.763903876883
158.49;334.500339299979;2414.71911516815;2437.77744721503;82.1132610487833;51.6109558696949
125.89;423.965160545727;3008.29093621549;3038.01922546136;81.9780100530661;54.5480098622795
100;556.930016969421;3741.34965073645;3782.57428914057;81.5332341904055;57.5400648547253
79.433;747.142234033204;4641.23301384808;4700.98557822819;80.8550247504529;60.8021268464894
63.096;1020.02958964612;5735.28343227106;5825.28423445899;79.9152994797658;64.0641868382535
50.119;1405.1968954454;7046.5386055335;7185.28250204844;78.7222108803721;67.6412548292222
39.811;1942.01477977981;8608.9222384836;8825.24580468673;77.2879008652599;71.1283168204183
31.623;2654.94464872694;10427.6317292098;10760.3082933449;75.7156100517553;74.7703858112229
25.119;3560.53376572391;12495.5759598879;12992.952676978;74.0954395186548;78.4424548019518
19.953;4656.58112178954;14836.4127970551;15550.0126182722;72.5749267145432;82.4245267918981
15.849;5881.15831779795;17489.5608475639;18451.9040155656;71.4139178048424;86.5966037813646
12.589;7168.3648469996;20564.6371528967;21778.1945029885;70.7826069662664;90.953685770364
10;8444.88503905296;24217.7309439512;25647.8961202753;70.7759943083548;95.530767758808
7.9433;9637.69134929355;28687.0266615598;30262.6930927386;71.4297146733962;100.222857746962
6.3096;10775.5898089259;34256.9157455103;35911.6918582963;72.5389142779119;104.939944735052
5.0119;11822.4699909494;41299.2492666603;42958.1050172914;74.0255125673899;109.887036722562
3.9811;12821.1191297839;50223.9007868091;51834.5570636361;75.6794268181894;114.999130709655
3.1623;13821.1475262601;61473.9361959595;63008.4831619326;77.3289210994883;120.346231696155
2.5119;14881.4577157601;75719.7088018376;77168.2064375027;78.8811721832615;125.663328682731
1.9953;15769.2966764536;93553.5091796093;94873.2301415381;80.432211517679;131.045426669142
1.5849;16871.5999384474;116333.043792793;117550.108305263;81.7480168031442;136.637529655023
1.2589;17998.4766202011;144732.200420887;145847.026021512;82.9112553128836;142.4296396404
1;19229.491203248;180256.015353122;181278.802960856;83.9107858009222;150.478790620078
0.79433;20765.0146415497;225542.144143296;226496.014573809;84.7397719199461;156.700903604368
0.63096;22447.7132261747;282082.133367644;282973.903026986;85.4500680265268;163.288023587737
0.50119;24597.4902689408;353371.121571177;354226.179280982;86.0181727336089;170.225152570223
0.39811;27429.962047047;442853.637729127;443702.318303413;86.4556780835717;177.887294550878
0.31623;31006.7931890628;555533.38364118;556398.024406708;86.8053818745304;186.249448529765
0.25119;36216.7967287966;697372.995620168;698312.789074883;87.0271187722579;195.096612507428
0.19953;43199.4145128962;875542.053005985;876607.138914687;87.1753058494851;204.82379348287
0.15849;53392.6366719829;1098891.33133106;1100187.68022794;87.2183156574365;215.585992455698
0.12589;68615.1618685914;1380214.50978719;1381919.00394536;87.153974785375;227.898219424612
0.1;90998.5674259578;1734463.40226188;1736848.8803173;86.9967322951985;241.845480389399
