Frequency (Hz);Z' (Ω);-Z'' (Ω);Z (Ω);-Phase (°);Time (s)
10000;100.339695648532;46.05652362081;110.404972219888;24.6554074796905;5740.13028350756
7943.3;101.383970613387;55.3573561229923;115.51253773623;28.6352839146571;5741.75231250347
6309.6;100.290524128997;67.4152292803871;120.842882988598;33.9089702431721;5743.48934549908
5011.9;101.502205860283;83.3369295871507;131.330657607114;39.3872155912797;5745.39638049427
3981.1;101.771413295361;104.740670636541;146.041188195412;45.8237493358396;5747.24841348959
3162.3;103.425996973959;131.626709324639;167.399305427742;51.8414247653619;5749.22045248461
2511.9;105.632359105883;164.246728034422;195.282316045994;57.2536240244652;5751.31248947933
1995.3;106.413872554498;207.255175860965;232.977724671705;62.8220525402848;5753.44953047394
1584.9;111.758347771345;256.514830370735;279.803120955982;66.4582124379236;5755.61657146846
1258.9;112.909035296285;323.755024304043;342.87864619082;70.773865929916;5757.86861146278
1000;119.407997260148;405.28719073078;422.511510825595;73.5836749346291;5763.02170744977
794.33;127.763746378844;507.037605095921;522.886897780165;75.8569903723339;5765.43375244368
630.96;139.975918907778;634.552380124432;649.807649228337;77.5603407553198;5767.99579743721
501.19;157.510879842716;792.844503835125;808.339090067028;78.7636046697549;5770.50784443087
398.11;183.191075887739;990.629290501087;1007.42511457854;79.5229953696285;5774.79392842005
316.23;220.334891272917;1234.49450929859;1254.00325270735;79.8803010561018;5777.65597941282
251.19;273.739421527887;1534.89973281845;1559.11848834672;79.8879835018143;5780.47303140571
199.53;349.454741748361;1902.50506044219;1934.33299137934;79.5918506199254;5783.65508839767
158.49;457.232937442014;2348.14361473097;2392.24588921868;78.9811902237579;5786.71214438996
125.89;603.207290084878;2883.30186898271;2945.72379942362;78.1837375117654;5789.86920538199
100;801.8363713145;3518.73966016239;3608.94310877333;77.1628701193364;5792.9112593743
79.433;1056.23441221674;4267.09643636123;4395.87797041246;76.0970291863644;5796.22832036593
63.096;1370.96247786437;5139.71463378811;5319.41769674912;75.0647122262973;5799.70038635716
50.119;1744.80558983565;6158.75319451062;6401.13954364506;74.1823086688276;5803.35245534794
39.811;2169.52363443707;7356.42342853106;7669.66742826713;73.568392328852;5807.11452433845
31.623;2638.30460095848;8789.68922383855;9177.10672375026;73.2923966732873;5811.59360732714
25.119;3142.21529480883;10503.2941169266;10963.2433278476;73.3446710347793;5815.36567531761
19.953;3674.54469754603;12591.3505612259;13116.5692042526;73.7311254985169;5819.63775430683
15.849;4248.06808308455;15164.3168909502;15748.097955235;74.3505385564437;5824.01983729576
12.589;4856.02129146109;18316.7449057606;18949.5141554034;75.1516823137716;5828.4019192847
10;5486.28005939502;22230.1295410792;22897.1161569155;76.136729039453;5833.23900627249
7.9433;6133.17308491098;27120.637998224;27805.4817890319;77.2572367481074;5839.74513025606
6.3096;6820.59247217957;33224.8064476372;33917.6686279365;78.3991409056302;5844.54721724394
5.0119;7500.80840882039;40821.8590812604;41505.2563615274;79.5883296373923;5849.67931023098
3.9811;8217.55982284193;50392.8101720612;51058.4332552359;80.7382935136382;5854.94640821768
3.1623;8983.17924069052;62357.6575020084;63001.3885434929;81.8024272025942;5860.26350620426
2.5119;9763.42877524989;77434.3509282038;78047.4422714902;82.8136959150088;5865.87561319009
1.9953;10544.3168769706;96385.3583919692;96960.4039324832;83.756811956355;5871.64271917553
1.5849;11339.366414493;120156.101499695;120689.974555831;84.6088519800802;5877.58482716052
1.2589;12359.5379263325;150001.491136564;150509.818686174;85.2896915798522;5883.72194214503
1;13522.5724431464;187635.783239814;188122.425876073;85.8779231110747;5893.69312711986
0.79433;14922.6960582751;234920.822678388;235394.307037231;86.3653274186395;5900.07524610374
0.63096;16750.5929039194;294348.511769121;294824.742420526;86.7429620753133;5906.85737008662
0.50119;19073.7299682976;369045.600057228;369538.174072047;87.0413610026098;5914.14450406822
0.39811;22094.0320808839;462805.112447967;463332.190077018;87.2668097417848;5921.85664604875
0.31623;26176.9744680985;580852.466175567;581442.018996341;87.4196270110576;5930.06380002803
0.25119;31956.7682670105;728856.399925302;729556.637109239;87.4894697933165;5939.2259700049
0.19953;39623.8114769309;914762.881673979;915620.650774349;87.5197300601127;5949.02315098016
0.15849;51006.6121947423;1148161.39057856;1149293.80634496;87.4563302987828;5959.99035595247
0.12589;67173.7448525149;1441796.59768886;1443360.5721041;87.3325010517807;5972.31258392136
0.1;92602.3799918902;1809006.43777274;1811375.02817152;87.069607729708;5986.37984288584
