Frequency (Hz)	Z' (Ω)	-Z'' (Ω)	Z (Ω)	-Phase (°)	Time (s)
10000	121.632814449778	47.721470745845	130.659405788947	21.4220846609973	4690.22684615832
7943.3	121.768300163834	57.4756500307561	134.651287670217	25.2677000558968	4691.83387415426
6309.6	122.199883994127	71.9047995028365	141.785442975367	30.4733870345457	4693.6409081497
5011.9	123.235019074513	89.3796446137984	152.235313897875	35.9525498703782	4695.51294314497
3981.1	124.419659871498	110.470395160885	166.384975191696	41.6014039422175	4697.44497514009
3162.3	125.330765151728	137.88282298845	186.331622567888	47.7302371392818	4699.34701313529
2511.9	127.819377321223	170.890275094444	213.404028407713	53.20491926321	4701.4040511301
1995.3	129.618247713406	215.14564638595	251.17432054078	58.9324050444328	4703.5810911246
1584.9	132.484505162247	269.541385581542	300.340977306299	63.8250419168795	4705.69313111927
1258.9	139.6403887969	338.471037767454	366.144891526192	67.5808022658827	4707.90517011368
1000	143.361498852155	421.279917735627	445.004818446355	71.2065675391624	4712.97326710089
794.33	152.611051261093	526.858620711794	548.516307128011	73.8456932504135	4715.3853100948
630.96	165.684341897825	658.329386079931	678.858513776246	75.8735248929936	4717.87235708852
501.19	184.483330770841	822.132373000024	842.576844013028	77.3525522572871	4720.39940308214
398.11	211.575209862331	1026.64113466261	1048.21566903458	78.3552346396517	4724.54548207167
316.23	250.555050513301	1279.03393669988	1303.34402387387	78.9164542643976	4727.23752706487
251.19	306.655566131339	1589.92215555114	1619.22515326057	79.0831543880484	4730.08458105768
199.53	386.512097496096	1969.58142822908	2007.14787794416	78.8973225110944	4732.91163505055
158.49	499.720244843672	2431.72718216757	2482.54252966576	78.387376981074	4735.96369204284
125.89	655.130257998921	2983.87117524125	3054.94400036749	77.6167856523824	4739.01074703515
100	864.652070312924	3640.1189125766	3741.40199663098	76.6379365667655	4742.00280102759
79.433	1136.25517042155	4412.55200559324	4556.49986441069	75.5597544486433	4745.30986301924
63.096	1472.67111783191	5313.18097349256	5513.49728197808	74.5080549630108	4748.80692901041
50.119	1873.35909048577	6349.70816247268	6620.29214087096	73.5623205825058	4752.50899700107
39.811	2328.50693518709	7577.10970412415	7926.82382897127	72.9173845503337	4756.31606699146
31.623	2830.30398607881	9035.4733364112	9468.38946530038	72.6071701463269	4760.7351499803
25.119	3378.33495758125	10776.3767818028	11293.513343021	72.5940783559874	4764.35721697115
19.953	3965.87208229854	12897.7946951251	13493.7485292543	72.9081478931824	4768.51429496066
15.849	4597.82526680119	15489.0439779791	16157.0566792286	73.4668097736291	4772.98137394938
12.589	5265.20986324048	18669.6561372493	19397.8992467508	74.2505052523268	4777.4084559382
10	5987.35144582152	22608.9314746178	23388.2910824999	75.1672815046221	4782.24554592599
7.9433	6742.73517492618	27482.9207758858	28297.9754048377	76.2151750496266	4787.08263591378
6.3096	7548.15222294974	33579.5267827641	34417.426123044	77.3313773148721	4792.13472990102
5.0119	8374.43929787182	41162.0151482472	42005.2702005149	78.5000899993169	4797.34682788786
3.9811	9242.68396090368	50660.402162533	51496.6363374417	79.6604507162077	4802.60892487458
3.1623	10163.4266794216	62500.9015110818	63321.8598239655	80.7638349655016	4808.03602286088
2.5119	11177.3978893848	77366.4695453775	78169.7181362031	81.7791649166942	4813.62312684677
1.9953	12190.1126328463	96046.2822347181	96816.7711562031	82.7667417547429	4819.54523683182
1.5849	13221.9806850792	119572.162695183	120300.967846647	83.6900156330908	4825.33234681721
1.2589	14202.3772883652	149045.73070786	149720.864821444	84.5567933224954	4831.26445580223
1	15582.0274036592	185811.136799008	186463.342607999	85.2064208944407	4839.60361078118
0.79433	17177.0164886656	232665.399486424	233298.602682547	85.7776776394527	4845.99072676505
0.63096	19019.9096053826	291138.916422683	291759.533892504	86.2622167413054	4852.8628557477
0.50119	21420.5944392524	365041.836651948	365669.775032554	86.6417441465034	4860.16498872926
0.39811	24425.8837755271	457514.636976184	458166.200025346	86.9439826783238	4867.97213370955
0.31623	28490.1216616961	573884.024744039	574590.776891445	87.1579193427836	4876.43428968819
0.25119	34304.3597260572	720077.744964551	720894.408280053	87.2725026757823	4885.40145866555
0.19953	42393.1987629404	903333.19398068	904327.39793102	87.3130949212688	4895.41364164027
0.15849	54219.2388648406	1134617.53362468	1135912.26486539	87.2641246315049	4906.49584961229
0.12589	70469.3289489758	1424817.8518409	1426559.44048857	87.1685448944986	4915.9980245883
0.1	96104.8838125595	1789084.61769885	1791664.00811627	86.9251778323382	4927.26523355985
