Frequency (Hz)	Z' (Ω)	-Z'' (Ω)	Z (Ω)	-Phase (°)	Time (s)
10000	120.149421446827	49.151027825157	129.814124848864	22.2486117921098	8307.46082302568
7943.3	121.049759582943	59.6024369932959	134.927739144433	26.2146960046355	8309.00284702178
6309.6	122.731274287096	72.0864327862525	142.33558753868	30.42792216981	8310.98988301677
5011.9	123.549873369967	89.8818537623174	152.785204929946	36.0356834629815	8312.92191901189
3981.1	123.378407537543	110.512598512502	165.635943793869	41.8514633865363	8314.92395600683
3162.3	122.914272905592	139.198459995951	185.699030016731	48.5550259699612	8316.87099500192
2511.9	126.318024441078	173.915632134267	214.9485761743	54.0084272249098	8319.04803199642
1995.3	128.502768709577	218.041085283016	253.090648656608	59.4869789940623	8321.48507899027
1584.9	129.400110040656	271.85172863885	301.077649191143	64.5457773740887	8323.71711898463
1258.9	131.63963865121	340.980214360857	365.508551267678	68.8903003256215	8326.05416397873
1000	136.329396941901	428.751920933121	449.904338914823	72.3610003472063	8331.14225996589
794.33	142.895569061018	537.781788188052	556.442625401766	75.1196126764712	8333.72430595937
630.96	152.414816797801	673.500284521852	690.53088970047	77.2486030731262	8336.38135595266
501.19	166.466436546638	843.764980579855	860.029311680398	78.839441770436	8339.1784049456
398.11	187.049289916339	1057.14033813604	1073.56095838689	79.9659981966443	8343.4944879347
316.23	217.095467051017	1320.61920100746	1338.34431888199	80.6646898094281	8346.26153692772
251.19	261.186846513068	1649.34302985508	1669.89550539038	81.0014716509968	8349.27359392011
199.53	324.043388336718	2052.57756589607	2077.99874435587	81.0286753972246	8352.47065391204
158.49	413.242179056121	2546.92968203144	2580.23640462726	80.7840075332426	8355.8127159036
125.89	538.303410538139	3150.16693771844	3195.82889049013	80.3029067811441	8359.10977589528
100	707.303408051186	3875.23330633431	3939.25263083794	79.6562936219043	8362.80184488595
79.433	931.041247912098	4744.69960338363	4835.18480842899	78.8980442180602	8366.32890787705
63.096	1212.59400473589	5782.01615885346	5907.79951264123	78.1556859002923	8369.95097586791
50.119	1549.72081506827	7005.86700957756	7175.22174992126	77.5268376082981	8373.89804785794
39.811	1947.23991236367	8467.16681202972	8688.19066889301	77.0485751966256	8377.64011684849
31.623	2377.2522512255	10228.519340751	10501.1397557633	76.9159358874443	8382.24920483685
25.119	2849.34014855334	12362.7407835319	12686.8474792976	77.0212251589859	8386.20627882686
19.953	3342.63775807879	14971.0101844571	15339.6340609824	77.4137769810152	8390.64335981566
15.849	3860.3543238577	18198.2738682371	18603.2122841484	78.0235228483653	8395.25044680403
12.589	4394.2878418754	22217.2835231519	22647.6809582211	78.8120430565348	8399.76252879264
10	4961.10032304904	27212.2375594102	27660.7734780706	79.6678025231863	8404.6896197802
7.9433	5593.57381632267	33479.4806784783	33943.5368596034	80.5149331869794	8409.916714767
6.3096	6223.99231055685	41343.3424412152	41809.2100438821	81.4387535645923	8415.15881375377
5.0119	6913.15090632843	51136.8816404648	51602.0573171707	82.3009097007068	8420.58091174008
3.9811	7687.3799125988	63450.3985501226	63914.3871604041	83.091956601368	8426.07301372621
3.1623	8575.48665325848	78886.0496370789	79350.7895277917	83.7958945380327	8431.59511871227
2.5119	9611.57495844725	98105.0934475955	98574.802731445	84.404462043316	8437.41722369757
1.9953	10805.7222844128	122383.953556456	122860.065612047	84.9542329398817	8443.29433268273
1.5849	12153.7717543659	152698.61819029	153181.533368358	85.4492391526218	8452.19549966026
1.2589	13421.6388711767	190545.016890021	191017.129733452	85.9708459714163	8458.31261364481
1	15485.8589114382	238355.563450613	238858.08852556	86.2827420985067	8466.73176962356
0.79433	17788.5131329552	298154.473329243	298684.651707649	86.5856625220905	8473.34889160685
0.63096	20685.545743899	373197.399921307	373770.238396193	86.8274619214899	8480.53102258872
0.50119	24402.8857204818	467235.947640114	467872.772875963	87.0102618803258	8488.03316056978
0.39811	29292.3513966903	585413.051934754	586145.445453524	87.1354763602532	8496.04531054955
0.31623	35809.7217922761	733565.862314842	734439.385197007	87.2052700554107	8504.56246752804
0.25119	44995.6585610733	920000.751733603	921100.424752773	87.1999928471722	8513.98464350425
0.19953	57532.4286212161	1153301.85356973	1154735.96366893	87.1441690967161	8524.18183047851
0.15849	74871.6989326301	1445570.21728731	1447507.86678661	87.0350782774525	8535.55904344978
0.12589	99899.970677671	1813208.43232663	1815958.37595518	86.846437799915	8548.20627541785
0.1	137705.132777179	2271768.72273343	2275938.45109728	86.5312133946146	8562.55354238163
