Frequency (Hz)	Z' (Ω)	-Z'' (Ω)	Z (Ω)	-Phase (°)	Time (s)
10000	120.670760500441	49.9618402555945	130.604815843369	22.4912352114494	2535.32594459892
7943.3	122.19357732284	59.573387552077	135.942115782354	25.9907560377121	2536.82797059512
6309.6	122.503748909773	74.1834490942894	143.214358974489	31.1974476993243	2538.51000259088
5011.9	123.636958045255	89.873755012814	152.85087253525	36.0140247635042	2540.31703658632
3981.1	125.619954983888	112.877634341975	168.883786743413	41.9417396935109	2542.12407058175
3162.3	125.784496983866	139.9723484506	188.186072843504	48.0559251733022	2544.07110657684
2511.9	128.497928669886	176.199525192012	218.077945584466	53.8976595797183	2546.10314357171
1995.3	131.472309157004	218.685054827645	255.162930850162	58.985935635733	2548.2451835663
1584.9	133.906171074734	272.11620297317	303.278898989744	63.7985761970288	2550.30721956109
1258.9	137.863018909006	338.69340326102	365.676678768604	67.8515284517573	2552.49926255556
1000	145.915779776823	428.183654849071	452.363412609582	71.1819939718526	2557.34235154333
794.33	154.577214284232	534.02867358685	555.950302984722	73.8566544691223	2559.68939353741
630.96	165.927422448597	665.966996765139	686.326416729543	76.0094609439976	2562.15144053119
501.19	180.773815707474	830.029933661588	849.48741204311	77.7133101368977	2564.69848852476
398.11	200.470204030459	1035.91557845811	1055.13477262206	79.0475146246341	2568.75956451451
316.23	227.318416555796	1291.76899807232	1311.61762983203	80.0195873038494	2571.39161250786
251.19	264.611853855043	1610.13330010823	1631.73180312146	80.6673435214341	2574.16866450085
199.53	317.335136767653	2007.05275921208	2031.98483441392	81.0153394255823	2577.01071449367
158.49	393.1581666779	2498.74238984347	2529.48351938221	81.0582518565895	2580.07777148593
125.89	502.115754391487	3103.68824962616	3144.0421405693	80.8102907445275	2583.23983047795
100	656.737758792078	3846.84706765526	3902.50392001739	80.311806935567	2586.36188747006
79.433	877.765327940644	4750.01857819669	4830.43977957995	79.5303066536457	2589.56394946198
63.096	1182.23419196335	5836.40678047999	5954.94095620436	78.5489917304199	2592.87100745363
50.119	1603.76717536961	7132.98650436653	7311.05776370752	77.3284456980883	2596.58807844425
39.811	2152.76488875695	8651.91211148227	8915.7153303074	76.0274304108803	2600.07014343545
31.623	2855.67814682729	10419.1310415496	10803.3878639642	74.672752438248	2603.83721142594
25.119	3718.27120324135	12458.0206993066	13001.0699746292	73.3815274331236	2607.56428041653
19.953	4720.60451209562	14787.5818301468	15522.7794979799	72.2954809424137	2611.68635840613
15.849	5837.78984066821	17480.1339810855	18429.1853922117	71.5323759007908	2615.99343739525
12.589	7008.55811292454	20649.7807931858	21806.7267976849	71.2527316279013	2620.450519384
10	8173.51879497769	24460.5965171173	25790.0599352748	71.5229270429575	2625.17260837208
7.9433	9297.46295802855	29135.1311387278	30582.6533173101	72.3013269193445	2630.02969635981
6.3096	10365.9657851976	35002.4077894811	36505.0927641749	73.5033405025839	2634.99178834729
5.0119	11423.1921902864	42347.4739182853	43861.1202213996	74.9038254580802	2640.09888333439
3.9811	12445.2768526015	51639.5484803772	53118.0560939039	76.4499509910287	2645.43098132093
3.1623	13501.6788638654	63337.265180202	64760.3620484798	77.9663120276313	2650.87308330719
2.5119	14690.381299868	78085.8091971261	79455.6536736405	79.3454088183345	2656.52018929293
1.9953	15772.4489590412	96638.2466498679	97916.9079461063	80.7304150656255	2662.15229227871
1.5849	17133.5299356647	119774.081506313	120993.340514002	81.8591404881659	2668.02440026389
1.2589	18307.4374535715	149224.867047704	150343.683643582	83.0057012270783	2674.25151724816
1	19854.443770065	185666.360896573	186724.922027016	83.8962063469884	2682.41067122756
0.79433	21590.5028533305	232104.532627158	233106.550486105	84.6856051999803	2688.68778321172
0.63096	23613.962135049	290051.125739026	291010.781158004	85.3456378784927	2695.29990719502
0.50119	26152.1882008605	363208.872315415	364149.175306397	85.8816299155468	2702.25703617746
0.39811	29286.9981384229	454751.056226635	455693.154874199	86.3151109340101	2709.74917415854
0.31623	33560.7933569732	570408.31533671	571394.761138054	86.6328022921881	2718.03132913763
0.25119	39314.4733379412	715576.694568519	716655.868338107	86.8552762299382	2726.97349211505
0.19953	47404.447192301	897533.409732488	898784.403068742	86.976654701295	2736.74067309039
0.15849	59337.3689782827	1127374.14788063	1128934.62727779	86.9871168331203	2747.71787806268
0.12589	77023.5583453224	1415260.80727204	1417355.20641104	86.8848318244692	2760.11510803138
0.1	102752.644045789	1778071.75847418	1781038.26015666	86.6926237473698	2773.95236099644
