Frequency (Hz)	Z' (Ω)	-Z'' (Ω)	Z (Ω)	-Phase (°)	Time (s)
10000	122.575941165571	51.4365290537482	132.930725845165	22.7643775249258	267.065949325723
7943.3	123.148576913664	61.7073681760236	137.743861144779	26.614562816069	268.522972322045
6309.6	123.631104884492	73.8257687406156	143.996160452643	30.8433508189805	270.24000631771
5011.9	124.497989251353	91.3302391697691	154.40518745961	36.2633276263389	271.962035313362
3981.1	125.524795613003	113.477547151139	169.214739373156	42.114368123999	273.879073308522
3162.3	126.87805462537	141.406448137938	189.983747516744	48.0997070424374	275.776106303732
2511.9	128.841114363593	176.570755869022	218.580110208158	53.8823140553137	277.723144298816
1995.3	131.486142620397	220.541053556338	256.762462219326	59.1966861264403	279.765180293661
1584.9	135.377065044519	275.887511282295	307.312330734721	63.8629699422565	282.659237286354
1258.9	140.365858697067	344.375359344417	371.882995593186	67.8244102984837	284.696271281211
1000	146.967224989921	429.263638679828	453.725287717011	71.1003068287641	286.9583132755
794.33	155.676432614206	535.189872725199	557.371825211053	73.7813033291446	289.355357269448
630.96	166.89603538629	667.351388175798	687.904180775075	75.9590547098985	291.78240226332
501.19	181.223332669419	831.358608345267	850.881326609998	77.7027736304228	294.229447257142
398.11	199.928606149048	1037.22665489954	1056.31935568311	79.0898676287233	298.270523246939
316.23	224.605339684862	1292.7630382797	1312.12950266241	80.1437872664973	300.712569240774
251.19	258.703889190418	1613.10990902154	1633.72313470359	80.8887266505882	303.524620233674
199.53	306.423475577147	2011.47934719223	2034.68535910732	81.3383049466389	306.226669226852
158.49	374.634080077742	2506.13856297997	2533.98523886999	81.4980061009192	309.068724219676
125.89	473.087929380273	3120.3889345241	3156.0480496383	81.3789359885717	312.145782211908
100	615.76778338719	3876.77943736751	3925.37753204111	80.9748252274646	315.142837204341
79.433	820.865178649489	4803.97758055172	4873.6044398333	80.3034040234114	318.214893196585
63.096	1115.15910783291	5932.73204911038	6036.62897669917	79.3544867365451	321.376952188601
50.119	1530.31019921736	7275.93842500137	7435.12806011034	78.122399112685	324.789013179987
39.811	2097.78096747832	8867.60855138264	9112.36338213468	76.6904106299853	328.181079171422
31.623	2853.01924213139	10715.5384669182	11088.8449999076	75.0908378521133	331.718143162492
25.119	3801.10132135931	12819.4195680572	13371.0840741178	73.4843205963616	335.270211153524
19.953	4925.06478588648	15183.6807920882	15962.4692808227	72.0287168415996	339.202282143597
15.849	6175.46814853606	17860.3627079596	18897.8560401295	70.926463501298	343.249355133379
12.589	7462.35143617136	20981.4519647277	22268.9922426927	70.4213478545999	347.476433122706
10	8710.83919519432	24680.8563729122	26172.951510765	70.5600710495187	352.188524110809
7.9433	9914.95384924369	29271.284119237	30904.9249120869	71.2874075979342	356.890610098938
6.3096	10993.7833200481	35017.5771483355	36702.7789278659	72.5702968159099	361.822699086485
5.0119	11994.599493981	42251.3083089989	43920.8773915446	74.1514420160307	366.794794073932
3.9811	12984.5281474988	51464.0721812762	53076.8188260449	75.8396458993044	371.906888061025
3.1623	13958.3589651325	63092.5310927798	64618.1341783627	77.5250336668479	377.088982047942
2.5119	14985.2822209891	77723.3244695524	79154.7462243548	79.087114131687	382.431083034454
1.9953	15964.8585844411	96293.3302784793	97607.797668739	80.5863321632318	387.933184020563
1.5849	17109.254171927	119558.970181407	120776.95943001	81.8560900536564	393.59028900628
1.2589	18064.4296421929	149058.241336345	150148.869221788	83.0899987340926	399.257391991972
1	19469.599873435	185618.441007405	186636.73529413	84.0121160174833	407.19154097194
0.79433	21056.4564933605	232314.100588919	233266.404980433	84.8209836021337	413.303654956509
0.63096	22911.4795493095	290528.546100695	291430.561188291	85.4909083267949	420.265781938931
0.50119	25283.6536275954	363981.458048566	364858.554708424	86.0263818397961	427.55791692052
0.39811	28391.5034425158	456470.534595505	457352.628090878	86.440908306184	435.205059901213
0.31623	32578.5935326992	572307.220314072	573233.738696693	86.7419533993892	443.322210880719
0.25119	38498.5022762518	718358.922981251	719389.79482913	86.9323224459393	452.254373858167
0.19953	46760.4728939168	901649.228053274	902860.937395304	87.0312405461938	462.166557833142
0.15849	58299.5687647791	1132541.58498469	1134041.1286359	87.053200069322	472.92875680597
0.12589	76538.8965160254	1423061.70423344	1425118.52725859	86.9213320740994	485.415989774442
0.1	104427.63469058	1786124.0640116	1789174.1958033	86.6539506902494	499.428246739065
