Frequency (Hz)	Z' (Ω)	-Z'' (Ω)	Z (Ω)	-Phase (°)	Time (s)
10000	121.274762891949	48.7458742047063	130.704737352857	21.8974506808103	3610.75485888372
7943.3	122.310425517743	59.4130975728273	135.977043479882	25.9084700372052	3612.23188287999
6309.6	122.372340748219	72.2636076770178	142.116215734504	30.5628021318436	3613.97391487559
5011.9	123.314008301575	88.4024347841754	151.727832381443	35.6363160034597	3615.8709528708
3981.1	124.875373208172	109.693725972587	166.212431399186	41.2969001195814	3617.69798586619
3162.3	127.014216780506	137.775022098368	187.388814977232	47.3271702781213	3619.68502086117
2511.9	127.049748923877	171.17118400452	213.169446532869	53.4157933044796	3621.70206085608
1995.3	129.781303948228	216.196376866771	252.158799618061	59.0238754213361	3623.72409585098
1584.9	131.727604626463	270.012746888368	300.431431948835	63.9942425538773	3625.87113684556
1258.9	136.407886557564	337.118918189847	363.670560420545	67.9703461214887	3628.19317783969
1000	144.067602370379	422.460545132827	446.350071408838	71.169584152713	3633.16127382715
794.33	153.148605111994	528.115593652825	549.873235852615	73.8283330574791	3635.54831582112
630.96	165.791196323164	659.792817523018	680.303816565237	75.894878808717	3637.97035981501
501.19	183.576626357322	823.409113271948	843.62488439118	77.4316235545818	3640.47740580868
398.11	208.795224735203	1028.10076542025	1049.08847564442	78.5200287326535	3644.6684847981
316.23	244.788880594122	1281.53286010331	1304.70229078786	79.1860489382619	3647.25553279157
251.19	296.517455676677	1594.54670055221	1621.88217258928	79.4657617785805	3650.05758578449
199.53	370.635663781449	1978.93744708905	2013.34652128193	79.391955514173	3652.78963477759
158.49	475.736880261264	2447.41385930296	2493.22284963637	78.999823645225	3655.70168977024
125.89	622.941697761095	3014.43422701107	3078.12768867461	78.32401639353	3658.74874476255
100	822.618196846884	3689.69711679685	3780.28643246549	77.4314587886665	3661.79580275485
79.433	1087.98219116909	4489.30284032982	4619.25808333919	76.3770271154445	3665.22786474619
63.096	1425.67431830957	5426.59064877004	5610.74267198255	75.2799000642173	3668.5499257378
50.119	1835.05378337733	6517.91003944546	6771.30516740985	74.2759542195194	3672.44700072796
39.811	2314.01274491228	7788.32773140956	8124.82023403962	73.4526356020502	3676.16406871858
31.623	2856.98221554852	9295.83300257295	9724.96059589369	72.915707734832	3680.56815070746
25.119	3453.83555297688	11085.1230936085	11610.7249570153	72.6943264937986	3684.24521769818
19.953	4116.36182679883	13244.0631013099	13869.0173451692	72.7343331742436	3688.44229568758
15.849	4834.80854129857	15864.5718655075	16584.9333464704	73.0511346444693	3692.72437567677
12.589	5609.37779437083	19068.5706113643	19876.5063429308	73.6077642500784	3697.2264576654
10	6425.01379257376	22988.3641288122	23869.3461903258	74.3848630858348	3702.06854765318
7.9433	7290.38767030212	27834.5933053923	28773.5006014194	75.3228842349745	3706.83563464114
6.3096	8177.77586684414	33865.6440823654	34839.0279319298	76.4242739216114	3711.89272962837
5.0119	9138.94383816053	41401.5806107153	42398.2449111117	77.5522004410753	3717.03982361538
3.9811	10149.3929995717	50798.8391121378	51802.8207089211	78.7013196172843	3722.08691860263
3.1623	11219.8937377329	62504.5237954701	63503.5551003603	79.8234829416056	3727.4090175892
2.5119	12420.6606607698	77176.3612646715	78169.4540681018	80.8572915907979	3732.83111557551
1.9953	13502.5333694228	95570.5837800305	96519.7124500907	81.9582846399699	3738.46322156129
1.5849	14779.7655763652	118738.056560057	119654.367016635	82.9046762568533	3744.15532754692
1.2589	16184.7561498743	147719.723754434	148603.711655251	83.7473879197221	3750.23244053157
1	17467.0907367701	184008.098866112	184835.27722577	84.5774086459188	3758.4615925108
0.79433	19095.6913471692	230032.352310014	230823.587480363	85.2545820823445	3764.90870949452
0.63096	21003.6930215975	287646.749083879	288412.564530517	85.8237282776238	3771.66083647747
0.50119	23384.535133332	360237.625910639	360995.822143602	86.2859016917874	3779.02297045888
0.39811	26482.0183556932	451451.827382503	452227.873691121	86.6428951078978	3786.6201134397
0.31623	30574.7990733433	566276.395196026	567101.202691884	86.9094462779839	3794.91226641877
0.25119	36192.1836861646	710191.836579754	711113.43603148	87.0826656430598	3804.00443339581
0.19953	44106.7600030534	892171.376408941	893260.975953496	87.1697417695321	3811.9715823757
0.15849	55341.0708962968	1118937.85743865	1120305.56677067	87.1685396673493	3820.54374235405
0.12589	72597.2003045167	1405131.9738194	1407006.118445	87.0424002084487	3830.01591733014
0.1	96473.317674305	1763897.85015807	1766534.10009979	86.8694262944471	3841.02311930235
