Frequency (Hz)	Z' (Ω)	-Z'' (Ω)	Z (Ω)	-Phase (°)	Time (s)
10000	121.149543437231	48.7657030272756	130.595963439893	21.9260110043495	7158.26754392711
7943.3	121.162169609127	58.2091472698352	134.419403994633	25.6607211730862	7159.80456992323
6309.6	121.780388299226	71.0617313972342	140.997278851342	30.26457051786	7161.66660291853
5011.9	123.139223951985	87.5334496135468	151.080684658048	35.407097023181	7163.54863991378
3981.1	124.393637009063	110.392090362262	166.31353084729	41.5871837671753	7165.50567590884
3162.3	123.696382641204	136.22944245106	184.008847800985	47.760540223893	7167.50771290378
2511.9	126.269538021915	171.861319247479	213.261129336201	53.6946197280364	7169.61974989845
1995.3	126.052805212901	214.902511798017	249.14333079402	59.6059009278864	7171.82179389289
1584.9	129.317323750665	270.209382229785	299.559811168048	64.4250663402306	7174.05883388724
1258.9	134.877727860739	337.286993443666	363.255443757066	68.2040192460094	7176.39087588135
1000	140.397806510435	423.056156995751	445.74438419901	71.6407673279464	7181.49897086846
794.33	148.826039903643	529.698409657103	550.208683452619	74.3065631495675	7184.01101786212
630.96	161.276401380886	663.023510060547	682.356397006269	76.3286592168418	7186.62306685552
501.19	179.401302656653	829.119998688943	848.307019669681	77.7908096714021	7189.27011484884
398.11	206.026272905295	1036.5385259888	1056.8154715873	78.7581919065749	7193.57619683797
316.23	244.629769788213	1291.7789465301	1314.73821385287	79.2766362126143	7196.26824683117
251.19	300.431514725947	1606.39010303579	1634.24241107978	79.4067620462417	7199.32530182345
199.53	380.303373908884	1991.87923118366	2027.85934616464	79.1907832508322	7202.32735481587
158.49	491.637078618813	2457.42269745002	2506.11917733682	78.6866478456926	7205.36941480819
125.89	644.399090575049	3016.19848516729	3084.26709120001	77.9402849474234	7208.46647080037
100	847.513764382475	3680.26671022743	3776.59140485517	77.0316751641773	7211.81853379191
79.433	1108.20451179064	4459.73372074645	4595.36093249661	76.0451489486076	7215.1505947835
63.096	1430.4400345375	5372.69633140227	5559.85832210417	75.0912753841831	7218.72765977446
50.119	1804.01649943099	6446.42130192694	6694.0886707719	74.3658429388362	7222.41472876516
39.811	2225.03325819822	7698.62066328363	8013.70907365783	73.8798002402067	7226.05679775596
31.623	2679.12871166103	9211.95075512509	9593.63160479368	73.7838864810291	7230.67088474431
25.119	3158.10870265885	11035.4277242029	11478.4282736756	74.0299855244345	7234.60295473438
19.953	3659.08190201236	13270.5743676992	13765.7918193713	74.5849252317018	7238.98503672332
15.849	4163.75729041803	16018.2708781752	16550.5853884419	75.4291112750354	7243.46211871202
12.589	4690.87690844285	19459.2091408766	20016.6217568934	76.4467435713	7248.09920270031
10	5239.03994787147	23735.1090497427	24306.4382659939	77.5527171550331	7252.976296688
7.9433	5800.67956941789	29101.6213471786	29674.100635093	78.7272616067137	7258.11338867502
6.3096	6369.89265910149	35843.0325680109	36404.6496502846	79.9228141793275	7263.29548766194
5.0119	6980.61689434155	44240.9551952051	44788.2923185257	81.0334349977136	7268.64258564844
3.9811	7587.00199349633	54803.6667419749	55326.3453303646	82.1180896212015	7273.98968163494
3.1623	8288.35374846721	68128.4956316942	68630.8146891577	83.0636160344838	7279.50678662101
2.5119	9078.94798864482	84719.1407628829	85204.2258821808	83.8832279223511	7285.05888860699
1.9953	9924.26163031741	105768.440734848	106233.017581108	84.6396265188148	7290.87099659232
1.5849	10908.1615758727	132028.352309819	132478.201235565	85.276958824204	7296.77310457742
1.2589	11897.9132618226	165273.840103558	165701.546651086	85.8824322000241	7304.50224955791
1	13238.7546283924	206605.642812806	207029.360879571	86.3336472325317	7312.68139953725
0.79433	14840.2122055795	258859.790884024	259284.830321458	86.7188730413621	7321.21055851572
0.63096	16937.2463804918	324285.73998473	324727.749772632	87.0101930530419	7328.0326844985
0.50119	19697.0611359021	406677.083357074	407153.809198942	87.227094234642	7335.53482447956
0.39811	23315.6479590235	510088.288765548	510620.878710922	87.3828863471217	7343.25696446006
0.31623	28430.8376589757	639843.84205542	640475.178868184	87.4557913993322	7351.78412543853
0.25119	35008.9574827928	802678.176674768	803441.275025102	87.5026167298022	7360.92129441546
0.19953	44838.1794831718	1006714.61034902	1007712.64209076	87.4497820175879	7370.98847939004
0.15849	58276.970723188	1263915.81716701	1265258.62897734	87.3600605285954	7382.16568536182
0.12589	78297.1340449079	1587347.90617129	1589277.7656615	87.1761311146912	7394.75791833003
0.1	107983.014541905	1990051.02683437	1992978.5299481	86.8940949211588	7409.69019829233
