Frequency (Hz)	Z' (Ω)	-Z'' (Ω)	Z (Ω)	-Phase (°)	Time (s)
10000	121.196569130827	49.1032780800266	130.765975266075	22.0555286083518	1380.82356951376
7943.3	122.590967535164	60.6672070550396	136.781048881293	26.3296579945953	1382.35559750989
6309.6	123.162076550358	73.4460580293574	143.398816383707	30.8091721609745	1384.04762650562
5011.9	124.182786643509	90.7610876418425	153.81462716035	36.1618330153756	1385.84966150107
3981.1	125.567074461485	114.078327433261	169.649506273336	42.2553067376819	1387.72669749633
3162.3	126.8851036265	141.438504771784	190.012315796596	48.1045804734715	1389.65873349145
2511.9	127.153434931697	174.897206063189	216.233736275445	53.9821697059996	1391.60076648655
1995.3	132.788163794522	222.619366109917	259.214348775491	59.1847375567623	1393.60280548149
1584.9	133.717818127629	276.092510725509	306.769505269883	64.1580483761355	1395.69484247621
1258.9	140.164279199986	342.032713849507	369.638204880002	67.716285873631	1397.91188547061
1000	146.551070906475	429.258885801184	453.586163174218	71.1498457631095	1402.79997445827
794.33	155.256130449683	535.421991239727	557.477510528742	73.829444724551	1405.12201845241
630.96	166.406769932395	667.213713079971	687.652057367166	75.9958196702365	1407.53406144632
501.19	180.737421287042	831.216931729785	850.639525914336	77.732719345367	1410.03610944
398.11	199.431882869148	1037.53558698381	1056.52883072947	79.1194890612893	1414.13218742966
316.23	224.222843817803	1292.81698516354	1312.11723592715	80.1606463017995	1416.65423242329
251.19	258.572610610994	1612.48239350841	1633.0827487708	80.8897880823846	1419.49628241612
199.53	306.869744464668	2012.47184276987	2035.73376402941	81.3300947799174	1422.20333440928
158.49	375.517917151766	2506.13467257413	2534.11221203408	81.478229316305	1425.20038840171
125.89	475.024355716024	3120.19002803532	3156.14225749957	81.3436385269685	1428.16744539422
100	618.2678274307	3875.62555569825	3924.63100869588	80.9361363547529	1431.17450038663
79.433	824.550418552147	4800.76449803981	4871.05975721649	80.254310067559	1434.33155737866
63.096	1118.39845035628	5926.69739803097	6031.29813071667	79.3136531949712	1437.73862037006
50.119	1535.0903323381	7266.99475743598	7427.36259603905	78.0721137455651	1441.20068436132
39.811	2097.69686112612	8850.77566504082	9095.96404973421	76.6665165354415	1444.66774835256
31.623	2851.20138341352	10701.3629521102	11074.6791538887	75.0810570894344	1448.32981834332
25.119	3785.91627049221	12792.5510073005	13341.0090803343	73.5140417696355	1452.00188633405
19.953	4897.23696135788	15165.2744093989	15936.3884794535	72.1034664380797	1456.06396232379
15.849	6137.345550386	17867.6837534753	18892.3564734273	71.0429880151287	1460.1410353135
12.589	7410.94160952623	20974.1676865658	22244.9492173839	70.5398199301384	1464.28311330304
10	8648.56583352669	24714.5104625081	26184.0546588619	70.7130782929317	1468.83019629156
7.9433	9837.2302676352	29299.6329437744	30906.9505124395	71.4407368484147	1473.49728227978
6.3096	10939.7902591695	35061.9804219687	36729.027784916	72.671404574466	1478.29437426767
5.0119	11948.8987097303	42358.8495238413	44011.9110396132	74.2469082158557	1483.38646825481
3.9811	12938.6166964432	51572.5478858451	53170.8143388388	75.9162117642541	1488.30355824239
3.1623	13936.8212532202	63274.0000914243	64790.6943489092	77.5782953498113	1493.56565722911
2.5119	14992.5486812818	77932.9996817354	79362.0120419964	79.1106208891569	1498.84775221577
1.9953	16013.733568424	96468.7304237674	97788.8317364205	80.5748903793999	1504.43985720165
1.5849	17077.3269756939	119869.759888046	121080.115759164	81.8918793785692	1510.10696218735
1.2589	18214.9171997802	149404.116911624	150510.376249404	83.048968593047	1516.22907617189
1	19560.5172124206	185927.446697838	186953.548426326	83.9942835956706	1524.34822615139
0.79433	21153.6818264408	232638.445325906	233598.211676521	84.8044151565215	1530.60034213561
0.63096	23037.1750322824	290954.445876963	291865.039031807	85.4728825611468	1537.1374611191
0.50119	25468.1753846738	364488.02795384	365376.724052181	86.0030207435259	1544.63960110016
0.39811	28576.8718056434	456882.247835974	457775.082316467	86.420950999473	1552.52674808025
0.31623	32810.6619653919	572931.946597236	573870.677914725	86.7223657805035	1561.26890705818
0.25119	38685.4525722764	718961.929593139	720001.958639706	86.9200347467087	1570.53608203478
0.19953	46976.687128178	902370.164982423	903592.122466738	87.0199166244038	1580.25326101024
0.15849	58986.0639189315	1133111.29787848	1134645.56982192	87.0200591680735	1591.20046198261
0.12589	76298.214046301	1422482.33847866	1424527.08670294	86.9297470565496	1603.40768895178
0.1	102902.534270733	1787538.97370247	1790498.39823012	86.7053132219289	1617.35994991656
