Frequency (Hz)	Z' (Ω)	-Z'' (Ω)	Z (Ω)	-Phase (°)	Time (s)
10000	121.517317310771	47.97599388712	130.645146851552	21.5444970779245	6011.80231582166
7943.3	120.783083721452	57.9468414618302	133.964136053892	25.629809165034	6013.31434081784
6309.6	122.354762439551	71.0127533176949	141.469074448795	30.1301961339767	6015.18137581313
5011.9	122.005670323175	87.8248776289873	150.328283172375	35.7479470248144	6017.05840980839
3981.1	124.040077709418	110.271805531287	165.969310335641	41.6371409546299	6018.97544680355
3162.3	125.167449794163	136.088062919094	184.896866812408	47.3935992355643	6020.91748279864
2511.9	126.164524160559	169.768714938966	211.515729270161	53.3819175753289	6023.05952079324
1995.3	126.410717444686	212.686903253186	247.417437340843	59.2748160964442	6025.18156278788
1584.9	132.755205626133	267.198540661311	298.360528140656	63.5799269424235	6027.42360378222
1258.9	137.172062183822	333.558433879206	360.66245085358	67.6456494816092	6029.68064377652
1000	142.283121786145	421.125231778132	444.512033116535	71.3317321962154	6034.7187407638
794.33	151.448255877202	526.900064508731	548.233756884371	73.9636236263606	6037.08078175784
630.96	164.661746896825	658.656580325468	678.927081281306	75.9639528760716	6039.57282675154
501.19	184.065354551467	823.25359025775	843.579592343504	77.3969260757441	6042.14987674504
398.11	212.037512475625	1027.88078480625	1049.52313670103	78.3441757621416	6046.34595473444
316.23	252.626720932596	1280.08320116844	1304.77326077859	78.8360365634625	6048.97300172781
251.19	311.159880092867	1589.97135286949	1620.13251739636	78.9270719490109	6051.80005472067
199.53	394.38446290068	1968.43443189395	2007.5540384366	78.6705452439667	6054.76710971318
158.49	511.124783173234	2427.33397012846	2480.5641992324	78.1089211216796	6057.74416370567
125.89	670.612221023707	2974.46911097612	3049.1289318652	77.2947452617375	6060.84122269785
100	882.886880903581	3622.01301181822	3728.06484684107	76.3009663045652	6064.04327968976
79.433	1153.18740480049	4378.9261509219	4528.22652103648	75.2461779307073	6067.3153416815
63.096	1485.85199954889	5259.79141292562	5465.63462665129	74.2254082328478	6070.81740467266
50.119	1876.31861823547	6284.05007548755	6558.19006345288	73.375201535547	6074.75447966272
39.811	2312.39499718697	7495.00290522886	7843.61136036229	72.8537031357065	6078.32154365371
31.623	2791.39491536553	8933.34384367941	9359.30113859648	72.6475824353769	6082.82062864235
25.119	3295.99098692019	10670.8480407656	11168.2834175611	72.8352281882902	6086.70269963255
19.953	3828.28586427313	12790.4639769177	13351.0951387301	73.3371471955183	6091.40478862068
15.849	4388.35725652803	15400.2918139925	16013.3278042713	74.0949459177409	6095.93186960925
12.589	4974.27008903875	18629.9209285246	19282.5650970452	75.0505205522346	6100.29395259824
10	5601.64807582668	22635.3504892092	23318.1807381013	76.1000831187883	6105.19104358587
7.9433	6248.21459011696	27611.9341526291	28310.0528648972	77.2494635257185	6110.08813157351
6.3096	6906.43578958616	33873.5442259013	34570.4476936555	78.4759872838129	6115.21022656058
5.0119	7587.46738907928	41669.9623446505	42355.1109452558	79.6803661261082	6120.43232654739
3.9811	8287.09457292784	51425.8157481508	52089.2547635633	80.845679897115	6125.6594215342
3.1623	9062.03172945725	63706.7047599746	64347.9964757276	81.904209286679	6130.98652052075
2.5119	9853.62797742101	79115.1225943648	79726.3858922427	82.9004859827491	6136.76362650616
1.9953	10652.0878839186	98562.8389017001	99136.7751576034	83.8317522008554	6142.29573149219
1.5849	11704.3136807059	122901.85411718	123457.914708523	84.5599566303349	6148.06284047763
1.2589	12583.4977289574	153679.945806173	154194.261106187	85.3189957341241	6154.11994846234
1	13840.6237858376	191791.153330238	192289.909674231	85.8724008403565	6162.47410344125
0.79433	15367.9547018661	240426.823406925	240917.478496815	86.3426597558655	6168.98622442481
0.63096	17210.2055292193	300974.22000913	301465.872503775	86.7272960754428	6175.9183514073
0.50119	19626.0484616986	377509.942076821	378019.758934722	87.0239769045972	6183.34048738857
0.39811	22963.1405102387	473380.434087671	473937.06459732	87.22282458762	6191.05763036908
0.31623	27225.9323831006	594008.958963865	594632.571192887	87.3757297504145	6199.51478934773
0.25119	33185.7864241144	745427.762370212	746166.097683919	87.4509255962723	6208.61695832475
0.19953	41283.3072383555	935221.044402172	936131.782042051	87.472442792675	6218.61414129951
0.15849	54022.9830526866	1174348.17822322	1175590.11836358	87.3661063209868	6229.8263522712
0.12589	71677.1459535891	1475242.62982669	1476982.88077757	87.2183755778191	6242.27357923977
0.1	97281.1818936303	1851626.36646129	1854180.09624881	86.9925459398592	6256.43584120402
