Frequency (Hz)	Z' (Ω)	-Z'' (Ω)	Z (Ω)	-Phase (°)	Time (s)
10000	101.372930761457	50.4122332937255	113.21600751143	26.4409207073736	6284.76836813249
7943.3	101.986129181073	62.6696801665142	119.702378245011	31.5704002835103	6286.22039312882
6309.6	102.583799111964	76.294874057788	127.844998524532	36.6393693061948	6287.91742512453
5011.9	103.370009465006	95.2093463696636	140.535328273478	42.6467412562161	6289.79946211978
3981.1	104.828273186762	117.508826042407	157.471556343306	48.2642142956111	6291.74650011487
3162.3	105.784426972578	147.641316980238	181.626824752226	54.3785500253754	6293.67353111
2511.9	107.376938393647	183.769074547683	212.840033026931	59.7021007189506	6295.81057010461
1995.3	107.930504259981	230.818125959445	254.805810414998	64.9392198848453	6297.96761109916
1584.9	112.48195400423	289.002082487715	310.119966559468	68.7336089474269	6300.13465309369
1258.9	115.045498241267	364.553658457274	382.275864475073	72.4853952556566	6302.41169308794
1000	124.441918362507	453.166825594302	469.942510170082	74.6447865464163	6307.4197910753
794.33	134.336344867135	567.343454677893	583.030744573653	76.6787653156053	6309.87183306911
630.96	148.484912929797	709.523813906403	724.894345313893	78.1800644570691	6312.34887706285
501.19	168.945264575927	887.265590750959	903.206914805947	79.2192980580843	6316.54995605224
398.11	198.924006795101	1106.53058263465	1124.26895838371	79.8086405763871	6319.94902204366
316.23	241.880047505184	1377.58844302964	1398.66217356084	80.0413897812235	6322.63606903688
251.19	304.0174223435	1711.51132843875	1738.30308647904	79.927555826222	6325.57312402946
199.53	393.450902355133	2119.77083481106	2155.97588221196	79.4849855041698	6328.51517702204
158.49	518.794463857503	2617.64934354905	2668.56436712926	78.7897653349559	6333.88327900848
125.89	690.305357829785	3208.30378900677	3281.72739416359	77.8572432221827	6336.97533500067
100	921.003887939796	3909.18735076439	4016.21636680303	76.7428838866336	6340.09239299281
79.433	1215.39308365184	4727.44563251479	4881.18044699967	75.581907433215	6343.47445298427
63.096	1576.30647657326	5678.60112162211	5893.32273056335	74.4860313841342	6346.9065179756
50.119	2001.9135597232	6785.4419397666	7074.59399672851	73.5623236042385	6350.66358896612
39.811	2479.83011564426	8080.25040324355	8452.21887918041	72.9387418072507	6354.36565695677
31.623	2997.50436530257	9633.43437687932	10089.008390999	72.7161379313354	6358.96474394516
25.119	3542.55895090731	11489.1381790567	12022.895658622	72.8633854083515	6362.79181293549
19.953	4121.5650760394	13761.0358365256	14365.0062989951	73.3265266303908	6367.17389292443
15.849	4726.42846147293	16553.7004553398	17215.2294427503	74.0648453375953	6371.46597291359
12.589	5373.02041485828	20026.1531667711	20734.4196696571	74.9812388877592	6375.86805290248
10	6025.267131271	24330.1497888624	25065.1158535455	76.0907608192733	6380.71014489026
7.9433	6693.35904553771	29695.0144051917	30440.0219421245	77.2976156412976	6385.57723487797
6.3096	7404.62014421093	36377.3432413688	37123.3013184497	78.4946067333339	6390.64932686516
5.0119	8108.45193184429	44786.0154925379	45514.1096411747	79.737834008689	6395.70142285241
3.9811	8818.98587730524	55342.4118274202	56040.6732541632	80.9458651906134	6401.01352083899
3.1623	9555.15289989209	68571.3054718629	69233.8420214844	82.0671310951578	6406.50062182514
2.5119	10398.8107832715	85221.8442142751	85853.9340798572	83.0431320880458	6411.87772181156
1.9953	11152.4909470142	106176.348900037	106760.456724696	84.0037857939529	6417.67982979692
1.5849	12094.713003009	132551.756398076	133102.404962646	84.7864712543526	6423.56693678205
1.2589	13052.7364558338	165861.754865447	166374.564330102	85.5002975693521	6432.83311175866
1	14196.7652705655	207274.717329948	207760.334492312	86.0817877773187	6440.94725973817
0.79433	15662.1656356178	259643.409032615	260115.365340988	86.5479966228829	6449.49641971659
0.63096	17559.4065093467	325366.268649603	325839.748238189	86.9108511589808	6456.25354369953
0.50119	19980.9781328393	407903.183659179	408392.270649726	87.1956302066161	6463.65068068085
0.39811	23163.8680844724	511748.106355365	512272.085070948	87.4083214575446	6471.64782866066
0.31623	27230.6556706414	642271.482472027	642848.478107453	87.5722605620397	6480.12998263924
0.25119	32805.3226734737	805497.616822376	806165.367590446	87.6678163751347	6489.15715261645
0.19953	40451.7424401727	1011423.90704282	1012232.51439785	87.7096848425905	6499.20933859107
0.15849	51013.01812722	1270502.08282195	1271525.80409261	87.7007031358221	6510.42654656275
0.12589	66503.5782691065	1594871.93253733	1596257.87613341	87.6122419957989	6522.89877753126
0.1	87349.2157028866	2002829.90261987	2004733.77392417	87.5027475544187	6536.99103849568
