Frequency (Hz)	Z' (Ω)	-Z'' (Ω)	Z (Ω)	-Phase (°)	Time (s)
10000	101.994067650272	50.3297993040624	113.736003683247	26.2644088240259	4949.74764950309
7943.3	102.748567470631	62.046838897656	120.029489436798	31.1265435112903	4951.21467649938
6309.6	102.435744617979	76.6215241251373	127.921615588214	36.7963405422111	4952.9917094949
5011.9	103.131718531122	94.3081693673716	139.750428180408	42.4411656313458	4954.74374249047
3981.1	103.364026401751	118.390718163063	157.16387657839	48.8765883003509	4956.65077748566
3162.3	105.647922851856	148.403663378694	182.167864638988	54.5531015189038	4958.62281348068
2511.9	106.723530989543	183.340069138774	212.140267320201	59.796017114745	4960.6748494755
1995.3	107.710007262673	232.320707403758	256.074904575024	65.1263171681321	4962.81688947009
1584.9	112.272110016483	290.344455077489	311.295565792058	68.8592160075605	4964.96393246467
1258.9	116.751301704538	364.027854310145	382.291963247139	72.2178740132118	4967.29597245878
1000	125.364691251924	453.662616327046	470.665566262703	74.5524460522652	4972.26906644623
794.33	135.272835496827	567.287242164828	583.192554090266	76.5879627911017	4974.71110944006
630.96	149.264086535561	708.991184261203	724.53313719208	78.1111264799018	4977.37316243334
501.19	169.283289850687	885.120066412466	901.162784511589	79.1726698407386	4979.98020942676
398.11	198.062093610587	1105.71809512876	1123.31700726935	79.8445770632489	4984.20628741609
316.23	239.368198069123	1376.62503886424	1397.28079922212	80.1360050309404	4986.90833740927
251.19	299.242958441458	1712.87509393075	1738.81782702648	80.0903138781419	4989.69538940223
199.53	384.42794777029	2121.82092541338	2156.36473875571	79.7306458152864	4992.53244139507
158.49	505.248255188487	2620.18566314288	2668.45436699047	79.0856622277944	4995.61949738727
125.89	672.611625299269	3218.88578618637	3288.40874938022	78.197418687686	4998.70655537948
100	898.799457872393	3929.05918472526	4030.55164246107	77.1148989282848	5001.77861237172
79.433	1193.22458940854	4762.22167008607	4909.4337917734	75.9335359157156	5005.08067436339
63.096	1559.07649819873	5733.1624830959	5941.36950414751	74.7868715435294	5008.53773635466
50.119	1995.72136778179	6855.31430715184	7139.90462314879	73.7686481391493	5012.20980434539
39.811	2492.14508348069	8174.94051324025	8546.36996110827	73.0460645817007	5015.97687433588
31.623	3042.63087453987	9737.11322150483	10201.4203191079	72.6471386937111	5020.4809593245
25.119	3626.68123574111	11617.2564609503	12170.1875279376	72.662652862856	5024.10802631535
19.953	4265.73918535736	13892.7642857169	14532.9085284393	72.9310242573292	5028.26010330486
15.849	4944.42417795321	16677.1813285734	17394.7034328742	73.4860469446838	5032.60718429389
12.589	5665.38074386155	20097.6489399432	20880.901127253	74.2572426259982	5037.06426328263
10	6444.55280843931	24328.7410893945	25167.8347081261	75.1634143324397	5042.06635927001
7.9433	7257.19697427087	29584.8440338802	30461.9419018615	76.2174215872759	5046.85344525792
6.3096	8085.77724108864	36099.3196356632	36993.7923407466	77.3748739918057	5051.76054024553
5.0119	8946.72948809265	44270.6146220862	45165.5984965369	78.5748707684404	5057.02263523225
3.9811	9867.54678847691	54518.2651792931	55404.0586760799	79.7408020880325	5062.12973021935
3.1623	10801.6563561045	67356.6758003833	68217.2819373017	80.8893307676779	5067.47682720585
2.5119	11820.8345449349	83373.4238885432	84207.2439890859	81.9302867778137	5073.10393119164
1.9953	12771.1951773262	103635.753103285	104419.695209009	82.9747707748006	5078.70103517751
1.5849	13850.1990558543	128999.158926714	129740.552710733	83.871823601737	5084.57814816267
1.2589	14922.9793239468	161018.139307903	161708.183151263	84.7050174794563	5092.15228614355
1	16221.8563739677	200969.91419543	201623.547821023	85.385213714107	5100.35143812285
0.79433	17709.3248810881	251333.706030612	251956.845461333	85.9695205203418	5108.71059410175
0.63096	19591.6804412363	314853.43002591	315462.384986851	86.4393743821547	5115.40771708484
0.50119	21961.2776366395	394485.198121754	395096.025356613	86.8135914078913	5122.67985106648
0.39811	24943.6748873135	494564.869538024	495193.494603925	87.112699635231	5130.44199404688
0.31623	28936.4393647029	620771.854033654	621445.904551223	87.331166681146	5138.8291500257
0.25119	34111.6529620047	778324.29790305	779071.445744276	87.490501305844	5147.92632000274
0.19953	41184.6120393321	977395.186862218	978262.502383824	87.5871485883886	5157.67849697811
0.15849	51314.4199453454	1226925.38473063	1227997.9924213	87.6050807667047	5168.78070295008
0.12589	65319.2278432926	1541287.70555061	1542671.18752102	87.573277259125	5181.20293491872
0.1	86504.0618372245	1934447.84037877	1936381.0058613	87.4395701773775	5195.25019288325
