Frequency (Hz)	Z' (Ω)	-Z'' (Ω)	Z (Ω)	-Phase (°)	Time (s)
10000	101.614769303404	52.2662265384898	114.268629890958	27.2193230776809	2800.54285492931
7943.3	101.493200233951	64.4002085076874	120.200900785154	32.396243035053	2802.03488092554
6309.6	102.531606071795	78.4108450260199	129.07746070231	37.4068808494467	2803.79691392109
5011.9	102.98281811283	97.371130688477	141.727195407278	43.3956294940037	2805.62394791648
3981.1	104.862733946937	121.876111144568	160.779287965052	49.2911544837236	2807.48598191178
3162.3	105.573726642048	151.200264281622	184.410768871892	55.0758021248767	2809.46301890679
2511.9	107.443638511648	188.918680904522	217.334772761576	60.3718304303148	2811.57505890146
1995.3	109.666797115593	235.949665433598	260.190412982146	65.0715156383728	2813.57209689641
1584.9	114.956342303225	296.607855388009	318.105612200744	68.8151574758043	2815.67413289111
1258.9	119.965659767052	369.011052447539	388.021798810047	71.9906329417313	2817.8961748855
1000	127.579972109159	461.340548902798	478.656193259117	74.541650409794	2822.70426787336
794.33	137.058321131779	575.264806050097	591.366705582347	76.5989714519681	2825.09630986732
630.96	149.294143516391	716.931733143155	732.311307625344	78.2368149218137	2827.54335486114
501.19	165.25301158439	893.787321099411	908.935824574965	79.5248341803789	2830.06039985478
398.11	186.248635176985	1114.98783828376	1130.43639079162	80.5168134230498	2834.14647884447
316.23	214.695077741327	1389.82360275125	1406.30850924355	81.2185602890014	2836.72352383796
251.19	254.221478572015	1733.23309782726	1751.77782026467	81.6556567353202	2839.41557283116
199.53	309.545797807828	2159.83359086634	2181.90277995493	81.8439503199443	2842.27262782395
158.49	389.642031490854	2689.92004765241	2717.99388804807	81.7578819556335	2845.11967881676
125.89	504.743097749504	3343.18996168391	3381.07744877722	81.4145244344307	2848.1567348091
100	669.959015527648	4146.68411732976	4200.45643369881	80.822314845329	2851.19879180142
79.433	905.336107666045	5120.02706218479	5199.45291211955	79.9724659406117	2854.48585179312
63.096	1235.32374799144	6296.08825702109	6416.13217620636	78.8992959721001	2857.74291478489
50.119	1686.69758413799	7695.25293460832	7877.93541912695	77.6370329887716	2861.30998077589
39.811	2278.92690659979	9342.12119285771	9616.06656734788	76.2909506720398	2864.81204376704
31.623	3038.4842419087	11260.8169361759	11663.5493979488	74.8996080311922	2868.57411575755
25.119	3977.66871027787	13460.4741136986	14035.890129745	73.5372039223977	2872.32118174809
19.953	5072.40540440608	15979.6861949476	16765.4307274119	72.3890861409227	2876.42825873772
15.849	6277.97128474354	18893.0767377074	19908.8239750359	71.6188938265059	2880.76034072678
12.589	7563.19244367483	22305.077874688	23552.4601461494	71.2692608184085	2885.27242471539
10	8824.5100226968	26385.0102307121	27821.5876976038	71.5074035543202	2890.02451170339
7.9433	10033.4992437947	31409.259384365	32972.9083059039	72.2842307497171	2894.78160069138
6.3096	11201.3180320596	37677.3287430168	39307.1320101671	73.4429984463165	2899.83869467861
5.0119	12294.2850650313	45609.7560422855	47237.6893115768	74.914253496229	2904.84578466597
3.9811	13377.5703654965	55631.8309015581	57217.6546036567	76.4790173643059	2909.96788065304
3.1623	14429.2342557285	68261.9673683194	69770.3303002085	78.0644976472877	2915.39498163934
2.5119	15608.2940435194	84172.0060960883	85606.9240960618	79.4947782371446	2920.74708162582
1.9953	16732.9128802754	104215.879317476	105550.650757698	80.8784350133825	2926.32418461174
1.5849	18044.1477787691	129347.036872254	130599.568210214	82.0583861153799	2932.12129159711
1.2589	19306.9091056604	161206.474554621	162358.50509765	83.1704948333947	2939.55543257834
1	20811.3262415837	200859.208008058	201934.476356956	84.084605327968	2947.47957755833
0.79433	22504.648977939	250893.152182218	251900.442710111	84.8743922669016	2955.69873153758
0.63096	24517.9209274915	313633.602989031	314590.472472527	85.5300636250188	2962.23584952107
0.50119	26914.5239620579	392801.277071328	393722.28139765	86.080251843366	2969.392982503
0.39811	30064.448316915	492333.13295015	493250.225395905	86.5055578531167	2976.91512148401
0.31623	33945.1494094125	617194.038806438	618126.811185723	86.8519522800508	2985.02227246354
0.25119	39347.8700699769	773573.579077448	774573.648613053	87.088155971194	2993.93943444103
0.19953	46127.8201383744	972057.876456912	973151.730704231	87.2831368219952	3003.6166154166
0.15849	56335.7733376199	1220393.39449772	1221692.98790294	87.3569897615304	3014.62881938879
0.12589	71001.7974687969	1532808.1791767	1534451.74879981	87.3478759281362	3026.86104635791
0.1	92308.426109912	1926550.77386711	1928760.93122472	87.2568376730886	3040.85330232258
