Frequency (Hz)	Z' (Ω)	-Z'' (Ω)	Z (Ω)	-Phase (°)	Time (s)
10000	101.597413423102	50.7023851265847	113.546317737693	26.5215783150277	3862.59151924789
7943.3	101.630302026314	62.0016828123433	119.050102736295	31.3861487050524	3864.0935482441
6309.6	103.478128341652	76.728460613071	128.821503302605	36.5567306198449	3865.89058223956
5011.9	102.879427374713	95.1398025829538	140.1276511345	42.7617212693504	3867.74761523488
3981.1	104.871820908365	118.225064283418	158.035643591737	48.4252957289993	3869.62964923012
3162.3	106.464693540046	148.569973113169	182.7779195675	54.3747563044587	3871.61168722512
2511.9	106.321243578699	183.623697935964	212.183574481625	59.9284290067272	3873.65372221996
1995.3	110.888555782545	232.149840004585	257.273823032373	64.4680873875188	3875.84576521443
1584.9	114.073618082065	290.800874398681	312.374677100066	68.5812145547302	3878.04780520887
1258.9	120.532660796204	366.830508174142	386.125295786111	71.8105826023471	3880.24484420332
1000	126.033307794436	454.811154248078	471.950824453222	74.5113463260772	3885.16293719091
794.33	135.869883910289	568.60548521615	584.613396332729	76.5610114820671	3887.59498218477
630.96	149.46866053843	709.901006864337	725.465588453479	78.1101195626622	3890.00702717868
501.19	168.536344821905	886.148660997564	902.033230493037	79.2315431651536	3892.59407317214
398.11	195.60527821012	1107.05791880463	1124.20579097054	79.9798683815927	3896.72015416173
316.23	233.905395699463	1378.34486074412	1398.05088937315	80.3686504202175	3899.27219915528
251.19	289.302966629403	1716.07806262588	1740.29311425587	80.4308360437529	3902.04424814829
199.53	3549.07181411682	-309.844345562575	3562.57129896871	-4.98943855675064	3910.77741312624
158.49	478.94328795873	2636.30902704156	2679.46113223191	79.7032664889682	3914.51148311681
125.89	636.191987381484	3249.40760648801	3311.10103106361	78.9223537113573	3917.49353710928
100	851.571900225664	3982.07219430977	4072.10923993316	77.9290343625466	3920.71059610116
79.433	1137.68284205556	4846.37474164662	4978.11916144823	76.7890645248591	3924.01765609281
63.096	1504.48248212338	5862.82889519382	6052.78697736305	75.6076661291022	3927.41471908423
50.119	1947.49880197791	7032.46663654552	7297.14592000402	74.5210099481868	3931.14179007482
39.811	2467.54622567281	8408.10806142313	8762.70880198587	73.644501023864	3934.72385606578
31.623	3054.34724689877	10030.5880462435	10485.3103749046	73.064334017398	3938.46592505633
25.119	3714.6133922852	11958.7070621049	12522.3411250206	72.744161458704	3942.41299604636
19.953	4422.70323949291	14282.7015039943	14951.7847161074	72.7946240530777	3946.6750750356
15.849	5207.69957939819	17095.8772101606	17871.461957382	73.058358339965	3951.06715702451
12.589	6018.16670494583	20544.3080426335	21407.6370353931	73.6727944106747	3955.53923901322
10	6909.87703508702	24748.7059445118	25695.2300353185	74.400184320818	3960.41633000091
7.9433	7847.22367616539	29998.4621675763	31007.8482298156	75.3406173990331	3965.66842898765
6.3096	8757.33090804224	36380.9997408242	37420.1548202944	76.465718467179	3972.85456296951
5.0119	9793.88001500025	44442.0420495185	45508.4078745829	77.5721321137005	3978.33166395568
3.9811	10743.0832702904	54732.7612307062	55777.1368043384	78.8950179735459	3983.77376394194
3.1623	11902.5681558738	67485.182738187	68526.7905122639	79.9974395048002	3989.28586392802
2.5119	13831.8642206975	83087.98330411	84231.427848303	80.5485024430073	3995.03296991351
1.9953	14275.8505901591	103313.719366262	104295.371514575	82.1327101209772	4003.38412689243
1.5849	15526.2453481669	128386.244396519	129321.661158733	83.1044851978148	4009.1762318778
1.2589	16818.642170045	159918.065236696	160800.044507122	83.9962521584787	4015.12334286279
1	18321.2990287386	199228.470166717	200069.12136327	84.7457866788275	4023.80750684086
0.79433	19800.6225028713	248979.189309174	249765.292545932	85.4529958453452	4030.53462782388
0.63096	21786.6839189237	311595.429734732	312356.16118104	86.0004009361961	4039.89380480025
0.50119	24135.9508254065	390092.507661674	390838.468751503	86.4594872277817	4047.15093678193
0.39811	27114.4150557668	488925.126069564	489676.393555943	86.8257883319364	4054.83307676253
0.31623	30998.3418083286	612963.419646097	613746.731982423	87.1049456724469	4063.24523374129
0.25119	36073.530786998	769124.625397394	769970.122158076	87.3146777094605	4072.40240471817
0.19953	43160.6319652343	966025.247381103	966988.944471115	87.4418074832099	4082.17958369349
0.15849	53228.6428034298	1211741.6567051	1212910.19082581	87.4847631908738	4093.30179166541
0.12589	67345.8852878328	1521056.61041596	1522546.77443923	87.4648435057077	4105.61401963432
0.1	87823.6469096487	1912622.14078487	1914637.41903709	87.3709431995089	4119.64627759889
