Frequency (Hz)	Z' (Ω)	-Z'' (Ω)	Z (Ω)	-Phase (°)	Time (s)
10000	101.713252821263	54.5559640892117	115.420704456287	28.2077856976463	525.128726674177
7943.3	102.127460686539	64.121923189355	120.588719454939	32.1231386550264	527.45276866831
6309.6	102.875499063536	79.122384133185	129.783357864138	37.5641777157078	529.054796664265
5011.9	103.713628237541	98.1128887891575	142.767838215574	43.4104348475122	530.841830659753
3981.1	104.876766047265	122.139187798282	160.987941326538	49.3484352927912	532.673863655128
3162.3	106.398430860808	152.357456595222	185.831699851794	55.0715781911729	534.535900650427
2511.9	108.542606513046	190.310078052486	219.087706722648	60.3018958055293	536.52293364541
1995.3	111.687131619603	238.258565452105	263.137149374066	64.88448905453	539.291986638419
1584.9	115.726658356678	297.40948145597	319.131726900213	68.7382139255465	541.254020633465
1258.9	121.252428801188	371.148280483508	390.452554859168	71.9080240817571	543.376060628107
1000	128.578190220401	462.897913691641	480.423593821565	74.4764134048772	545.603104622485
794.33	137.978435744902	576.711606222839	592.98762675349	76.5448878049189	548.110150616155
630.96	150.156201250803	718.689875979115	734.208432673547	78.1989256978724	550.552195609989
501.19	165.43071205375	895.809260315603	910.956393774037	79.5369648960176	554.593269599787
398.11	185.228583484624	1115.73221180072	1131.00309309455	80.5739952381472	557.762331591785
316.23	211.410258978445	1391.27295119504	1407.24366132105	81.3597425730057	560.134372585797
251.19	246.614648507721	1734.29210566781	1751.73853432533	81.9068542085967	562.776422579126
199.53	296.773039800578	2162.08951638714	2182.36232418534	82.1842992590245	565.438468572405
158.49	368.748564070678	2696.13949404829	2721.23936375894	82.2120281344092	568.225520565368
125.89	471.497744094844	3361.763340519	3394.6668290635	82.0161670692021	573.428620552232
100	621.926915418835	4181.68595825926	4227.68146170275	81.5406163097009	576.295670544993
79.433	839.622897079515	5183.94886646079	5251.50382836958	80.7999311666764	579.417730537111
63.096	1150.37464646752	6404.12598658463	6506.6267358197	79.8165487731219	582.564788529165
50.119	1598.5697034423	7870.36792603505	8031.07193268276	78.5186992750889	586.031852520412
39.811	2212.73327692546	9593.74426002362	9845.61412414429	77.0122313768463	591.23294950728
31.623	3024.52358078731	11599.8898665673	11987.7098649922	75.3862233908811	594.67501249859
25.119	4050.24794750291	13865.7374303719	14445.1785355623	73.7166648637997	598.237079489597
19.953	5289.18463686566	16441.8242748038	17271.6258530106	72.1674912021115	602.184151479631
15.849	6639.36634368785	19349.9843216515	20457.347792269	71.0618809679682	606.241226469388
12.589	8065.67827161133	22721.4194070051	24110.5384811325	70.4560908240591	611.190318456893
10	9435.31805525791	26722.3227366842	28339.1559374549	70.5525105929571	615.677399445564
7.9433	10707.2578775547	31637.5131752365	33400.2636392248	71.3023552937564	620.329487433819
6.3096	11908.8154010407	37814.1834844163	39645.0798567637	72.5192288645491	625.12157442172
5.0119	12967.9741905673	45619.0294669649	47426.4082987003	74.1313105236791	630.193669408914
3.9811	14019.4870554741	55557.0016283987	57298.5728202414	75.8374144814956	635.545769395401
3.1623	14999.8189893935	68099.8835358756	69732.2644642664	77.5782618207403	640.677865382444
2.5119	16018.3377289316	84005.1795485231	85518.7542856987	79.204282537888	645.804959369499
1.9953	16954.5626090566	103979.744045392	105352.951382529	80.7390573493572	651.81707035432
1.5849	18080.4819089938	129231.821151277	130490.487868416	82.0355959602306	657.714179339431
1.2589	19195.1545586213	161181.147447757	162320.104272715	83.2085989764864	665.163319320624
1	20538.244520047	201045.576882071	202091.918373323	84.1670609217212	673.117466300542
0.79433	22079.9178877916	251418.960590107	252386.640926459	84.9810916451859	681.301616279879
0.63096	23873.8511187468	314563.882813985	315468.535892648	85.6598526308651	687.878738263273
0.50119	26205.5728374202	394343.679509021	395213.448172567	86.198076870629	694.900866245544
0.39811	29193.2687173555	494176.459344223	495037.998449004	86.6192047855045	702.358004226717
0.31623	33066.2795138083	619968.774642581	620849.949965939	86.94699969265	710.455154206273
0.25119	38314.0168061357	778276.880546692	779219.395727103	87.1816448741587	719.187318184227
0.19953	45328.1552084864	977163.774986097	978214.539249793	87.3440976479333	728.92949615963
0.15849	55674.2588114026	1226416.31486874	1227679.3557238	87.4007916483068	739.521695132887
0.12589	69862.4727517669	1540754.45250158	1542337.52726257	87.4038141175577	751.618916102345
0.1	95844.6302532441	1933417.32170528	1935791.50039935	87.1620192862487	765.661178066891
