Frequency (Hz)	Z' (Ω)	-Z'' (Ω)	Z (Ω)	-Phase (°)	Time (s)
10000	101.746716807703	51.3388495882599	113.965222143393	26.7743697239872	8594.82414130015
7943.3	101.545311449073	63.0056155945811	119.503798574528	31.8182774621496	8596.471170296
6309.6	101.36829170352	77.1065552414942	127.361498986544	37.25870710804	8598.33320329129
5011.9	101.952449696269	96.0274212239002	140.055587628565	43.2857962973198	8600.23524128649
3981.1	102.540517911097	118.844225313472	156.966581487383	49.2118997726094	8602.27227728135
3162.3	104.257856981445	149.70001732967	182.427508701037	55.1449032577026	8604.33431627614
2511.9	103.447899453064	185.597066389368	212.479973064736	60.8656243634209	8606.371352271
1995.3	108.751393891594	234.918486886094	258.869776440234	65.1590499558716	8608.62339526531
1584.9	109.892094148432	293.264820353641	313.17810781308	69.4580380292164	8610.9654372594
1258.9	115.030937589895	368.247197672887	385.795431798699	72.6525401854805	8613.3424832534
1000	117.872999793311	461.664481334329	476.474697550635	75.6771381891474	8618.4505782405
794.33	124.807874792776	578.932303868571	592.232739784674	77.834204399814	8620.96762323415
630.96	134.845206478957	725.452086045507	737.878010824371	79.4701772808344	8623.54467222764
501.19	149.789650268793	909.007901998528	921.266685180471	80.6426820974858	8626.23672022085
398.11	171.194631337547	1138.53416998024	1151.33299180185	81.4488348353295	8630.62280520977
316.23	202.859019834255	1423.43429330654	1437.81673703195	81.8891776350719	8633.30985120299
251.19	249.241234995096	1777.74901509664	1795.13585945437	82.0191250245274	8636.31190719541
199.53	315.996121576282	2214.03472514386	2236.47117419252	81.8773679188201	8639.23396118803
158.49	411.331693627456	2748.95839511444	2779.56219938547	81.4898655319988	8642.2960201803
125.89	544.861205806043	3401.07767323847	3444.44524894701	80.8984096655453	8645.57308317203
100	728.002825804981	4186.02592912245	4248.85881074736	80.1342154245884	8648.88014116368
79.433	969.129214267303	5128.59107923533	5219.35416425812	79.2992247639176	8652.30720315502
63.096	1275.61763371883	6249.86530289055	6378.71590931354	78.4641919349524	8655.99427114572
50.119	1645.88443414182	7576.67713952019	7753.38455431421	77.7440309187414	8659.87134213593
39.811	2075.13136609124	9152.87802812999	9385.16629497637	77.2259054410987	8663.65341212638
31.623	2549.40909186072	11049.0756789742	11339.3809388944	77.0072423066012	8667.53048711659
25.119	3054.2666649028	13355.5307873262	13700.319247067	77.1185817010732	8671.42255910676
19.953	3591.53852858273	16168.5889240612	16562.6814494987	77.4761943429377	8675.7246370959
15.849	4150.45874151608	19651.3207006834	20084.8378894662	78.0741073072863	8680.31672408431
12.589	4720.69284862298	23986.5675539248	24446.6841103254	78.8661566716989	8684.93880907264
10	5338.17932695686	29368.651317387	29849.8549197313	79.6981287912279	8689.96590005995
7.9433	5970.0774541927	36112.9457508336	36603.0965303717	80.6129442995944	8695.03299404715
6.3096	6631.42204813554	44588.7077803746	45079.1373021283	81.5407344698148	8700.22009003406
5.0119	7368.15885456035	55164.9966305182	55654.8885377657	82.3922683364669	8705.65719302033
3.9811	8165.05422838598	68520.1364619296	69004.907153868	83.2045159525514	8711.2142940063
3.1623	8992.22047093903	85129.7561952847	85603.3610255262	83.9702304191391	8717.00640099168
2.5119	10075.7026113452	106108.265760302	106585.570532653	84.575639886175	8722.79851097705
1.9953	11050.1018360427	132368.750909208	132829.179655115	85.2280308185714	8728.81062096187
1.5849	12427.8079997101	165166.454190735	165633.354133815	85.6969369085209	8737.56678493977
1.2589	13928.1552140659	206682.200891412	207150.973140329	86.1447102728709	8743.65889692438
1	15761.9125992508	258127.721383188	258608.504182023	86.5057176358591	8752.02305290327
0.79433	18100.6474032179	323288.243222148	323794.567036073	86.7954014070663	8758.62017288661
0.63096	21097.2151401463	405006.352386086	405555.468413079	87.0180965758423	8766.01230986795
0.50119	24895.5774980876	507207.568448939	507818.183281033	87.1899716072365	8773.57444884885
0.39811	29963.5927532676	635335.136210932	636041.313276777	87.2998246880414	8781.60659682857
0.31623	36419.192446535	796220.016329519	797052.490104784	87.3811100070961	8790.34376080652
0.25119	45371.4446913787	997779.652736656	998810.694480523	87.3964163896924	8799.87593478245
0.19953	56850.264412174	1251124.10418858	1252415.05765677	87.3983067138624	8810.14812575651
0.15849	71821.8846199733	1567735.16596582	1569379.47409676	87.3769705011633	8821.46033672795
0.12589	94454.393421227	1967954.18923756	1970219.61298081	87.2521269937667	8834.22757169572
0.1	122163.21175572	2466620.94843622	2469644.25648126	87.1646547739557	8848.69983865918
