Frequency (Hz)	Z' (Ω)	-Z'' (Ω)	Z (Ω)	-Phase (°)	Time (s)
10000	100.470408430261	52.5024307698516	113.36140527925	27.5900432096292	1643.55043285043
7943.3	101.966991929199	64.3151561709122	120.555824232503	32.2414689699503	1645.08245984657
6309.6	102.114396980744	78.9306379609814	129.063533500631	37.702691700704	1646.79449184224
5011.9	103.960664546979	98.0401429795587	142.897478663907	43.3211759513841	1648.56152383778
3981.1	104.606486903754	122.394444417724	161.005953699447	49.4805829187208	1650.43355983306
3162.3	105.513808356696	152.895839307912	185.769484662052	55.3903441537879	1652.33559382825
2511.9	107.325910446106	190.19617114821	218.388265647504	60.5643715646336	1654.30763082327
1995.3	107.934316844825	236.889600037521	260.319994158527	65.5045050136627	1656.30966981822
1584.9	114.118233124056	294.960247295089	316.266530976226	68.8488646778273	1658.4567088128
1258.9	119.685050149389	370.449861399617	389.304008507821	72.0953776063044	1660.58374780743
1000	128.215632279519	462.793830469729	480.226381909284	74.514768646149	1665.506841795
794.33	137.629026028381	576.795981431017	592.988493143409	76.5796188072428	1667.73387878938
630.96	149.729448702326	718.713976164377	734.144868089883	78.2319119843565	1670.26592578298
501.19	165.033732473795	895.39644923349	910.478409493698	79.5568135408628	1672.72797177677
398.11	184.865923802981	1116.50720768269	1131.70833459462	80.598533821607	1676.80404876648
316.23	211.086312653685	1391.92595441027	1407.84064934589	81.3767692645689	1679.33609576008
251.19	247.140376718474	1736.31966063987	1753.81992511463	81.8991754144857	1682.19814675286
199.53	297.549218619587	2165.60819323208	2185.95388425627	82.1766856774328	1684.92519974597
158.49	369.734086166431	2698.89372434211	2724.10180238672	82.199340814404	1687.86225173856
125.89	474.15741665024	3361.39649273012	3394.67401043205	81.9708518610174	1690.78430573118
100	625.879354547521	4179.94171745649	4226.53968723611	81.4841407964483	1693.86136472341
79.433	845.67492531255	5181.43458810333	5249.9933781002	80.7303449100416	1697.09842271524
63.096	1162.49933210833	6399.04231055791	6503.77945424525	79.703499533122	1700.45048770678
50.119	1606.94346412202	7854.17835072472	8016.88124284483	78.437019542871	1704.01755069777
39.811	2216.1567577524	9576.908759181	9829.98128973852	76.9707337432519	1707.51961868893
31.623	3026.95964660673	11580.383174508	11969.451080589	75.351380818081	1711.16668367972
25.119	4042.07110505417	13846.3843065521	14424.3092445721	73.726287318545	1714.72875167073
19.953	5260.95361201733	16420.8860970492	17243.0604336951	72.2354852324144	1718.74582666058
15.849	6609.80154326447	19324.7503126971	20423.894121578	71.1173559193185	1722.86790165018
12.589	7997.38854950535	22689.8718817014	24058.0238095273	70.5842231760243	1727.04997863962
10	9370.68698746571	26702.0488842091	28298.5722118935	70.6622358718695	1731.68206562792
7.9433	10640.2030488582	31639.7291180086	33380.9283810665	71.4125948002104	1736.5641556156
6.3096	11815.1523383534	37856.7305607042	39657.6584473195	72.6667650256544	1741.39124460341
5.0119	12901.1591892434	45682.5600330477	47469.3185078447	74.229850748855	1746.44333859065
3.9811	13945.9752831746	55665.9086035029	57386.2667129728	75.9351842632413	1751.51043057786
3.1623	14949.8016810462	68257.1846322188	69875.1731605684	77.6460595518569	1756.65752556487
2.5119	16051.6630792121	84059.3030235763	85578.164927848	79.1891530081333	1761.94462555152
1.9953	16976.5762357795	104209.020801497	105582.783431277	80.7472901087873	1767.38672653778
1.5849	18128.5461486399	129426.815802139	130690.262966084	82.0265723695786	1772.87382652392
1.2589	19267.8372054143	161300.117291542	162446.844810355	83.18810545951	1781.73499350155
1	20597.6707856114	201192.887800315	202244.510786381	84.1545539164504	1789.55413648181
0.79433	22181.6118290173	251695.063127586	252670.59327538	84.9635972000123	1797.70828846122
0.63096	24083.0092406716	315010.974804275	315930.222646118	85.6281654988929	1804.34541044447
0.50119	26414.2960322005	394523.110710888	395406.373140181	86.169622709307	1811.40254142665
0.39811	29456.1174073586	494629.057176213	495505.365314792	86.5919504723362	1818.81467640793
0.31623	33238.6564581178	620406.224880501	621295.977899113	86.9332742699065	1827.0268303872
0.25119	38641.2308890713	778535.773283033	779494.127627676	87.1585581677132	1835.77399036512
0.19953	45838.0563211153	977479.273933543	978553.451977429	87.3151302301743	1845.2861683411
0.15849	55981.7775989646	1226602.96653525	1227879.79742979	87.3868518297398	1856.08336631384
0.12589	69450.9900659606	1541046.64517468	1542610.83965635	87.4195733414159	1868.35559628286
0.1	92770.6865149388	1935807.98945919	1938029.66239696	87.2562851140142	1882.33785524755
