Frequency (Hz)	Z' (Ω)	-Z'' (Ω)	Z (Ω)	-Phase (°)	Time (s)
10000	100.894687763333	50.6488477088133	112.893949320107	26.6565215486788	7440.75877421389
7943.3	101.82521833908	62.2438186317807	119.342649742946	31.4366511556554	7442.39080020977
6309.6	102.353862249833	76.3524332459508	127.69497711357	36.7216625987482	7444.24283720509
5011.9	102.626536870879	95.0322292254408	139.868976766353	42.7997036711211	7446.17487020022
3981.1	103.873501361453	117.157131154003	156.574256074631	48.4392589689254	7448.15190919522
3162.3	105.606181165689	146.455912813359	180.560238974129	54.2054445015018	7450.21894819
2511.9	105.463429586901	184.182654028171	212.23992325925	60.2044441325596	7452.38098718455
1995.3	105.736130209331	231.417616959787	254.429248851211	65.4440481230163	7454.62802717887
1584.9	112.699469235113	290.303512672919	311.411784998757	68.783162487684	7456.85006817326
1258.9	114.835488934979	362.977225269978	380.709410947022	72.4441360127988	7459.16211116743
1000	122.255723730627	455.435627624066	471.559193415022	74.9739319646051	7464.19520815472
794.33	131.263886668653	570.331724736387	585.242244018785	77.0388785361611	7466.73225314831
630.96	144.393915743645	713.647529623129	728.108782697323	78.5616363893986	7469.25929714193
501.19	163.824185149905	892.98384084451	907.886834164613	79.6042841462043	7471.87134713534
398.11	191.878305549723	1116.25971073802	1132.63101933399	80.2465197305109	7476.15242912453
316.23	233.107501830023	1392.19849570544	1411.57917201053	80.4946606467591	7478.86447511768
251.19	292.825021182479	1731.39281879302	1755.9805198232	80.4005840587198	7481.88653111005
199.53	377.905184390763	2146.99242236397	2179.99742891539	80.0172772243452	7484.78358810274
158.49	497.870311776523	2650.34022021349	2696.697634187	79.3608920259174	7487.81564309508
125.89	663.732384767317	3255.58466140319	3322.55506593234	78.4767445611598	7490.95770208715
100	884.209722194299	3971.92901017336	4069.15800807484	77.4497658428433	7494.13975907912
79.433	1168.56613362821	4818.06924176331	4957.75534159245	76.3668351541534	7497.48182407068
63.096	1519.44491964622	5802.23108832272	5997.88283197808	75.3253352229973	7501.02888606172
50.119	1926.82963316226	6955.602691756	7217.55368811313	74.5162916100919	7505.02096305164
39.811	2389.19107955798	8305.30953118151	8642.12939172829	73.9510433289539	7508.68802804238
31.623	2882.55199375607	9920.1181874574	10330.4332363086	73.7973836223536	7513.22211503094
25.119	3408.81920149383	11879.9912431428	12359.3786367124	73.9898106970459	7517.05918302125
19.953	3945.09900381666	14267.3238574308	14802.713812093	74.5431920088081	7521.48126801008
15.849	4501.47270922689	17234.3031712643	17812.4805221217	75.3617973611505	7525.95834699878
12.589	5068.47833999547	20916.9243840173	21522.2489152435	76.3789330107688	7530.57043498714
10	5655.4669248451	25493.5216628615	26113.2907331268	77.4920972275503	7535.46252597479
7.9433	6240.67114782512	31254.9395045743	31871.8876097713	78.7082536949343	7540.41961596227
6.3096	6843.7753929487	38481.7384338944	39085.5658079015	79.9156820408226	7545.45170894957
5.0119	7455.65828475355	47516.3274556625	48097.6944908252	81.0825819840005	7550.67880593637
3.9811	8066.95086146818	58885.3382872781	59435.3326011433	82.1993668901986	7555.97590492299
3.1623	8724.15850892293	73204.8712307659	73722.8873118913	83.2038538424247	7561.41800390925
2.5119	9568.80858453286	91248.5835473767	91748.9296783893	84.0135416728428	7567.06010889501
1.9953	10167.6845747686	113930.358869161	114383.165202174	84.900164181979	7573.00222088001
1.5849	11208.7955253787	142412.584768713	142853.006260406	85.4997272929489	7579.07433086468
1.2589	12215.585085598	178268.775872785	178686.812524497	86.080025290804	7586.98348184471
1	13451.3621878876	223050.294850668	223455.528411538	86.5488770216686	7595.30763382369
0.79433	15122.5028434811	279590.754322105	279999.4285613	86.9040030348852	7601.77975380735
0.63096	17188.1159279742	350484.884058666	350906.091829096	87.1924091716476	7608.79188378965
0.50119	20045.0691104435	439780.090502524	440236.678160794	87.3902786083035	7616.07401777126
0.39811	23851.7340007497	551404.483937288	551920.112082346	87.5231389434872	7623.97116275132
0.31623	28671.8466906961	691601.940478784	692196.01188296	87.6260395818778	7632.35331773016
0.25119	34932.7107809902	868460.191711649	869162.469777856	87.6965915988868	7641.49048770709
0.19953	44112.5113835235	1088898.88267875	1089792.03995973	87.6801524199473	7651.5876756816
0.15849	54882.9648513559	1366610.38468413	1367711.98845275	87.700241864418	7662.72488165348
0.12589	71466.9081872095	1714442.26151371	1715931.17199674	87.6129946069625	7675.69212062074
0.1	95698.7304075906	2152979.37139128	2155105.19943645	87.4549098801176	7690.05938558447
