Frequency (Hz);Z' (Ω);-Z'' (Ω);Z (Ω);-Phase (°);Time (s)
10000;96.8011137443465;46.0687331203547;107.204401931359;25.4502995133526;17970.9947456276
7943.3;97.1894214778189;56.3219927006566;112.329651067587;30.0926109407184;17972.1717676246
6309.6;97.6759833212887;68.9849123885826;119.580583102112;35.2321387239148;17973.4287906215
5011.9;97.6560931194777;85.8262569550608;130.010995328381;41.3110193461298;17974.7008126182
3981.1;97.726162130751;107.071830298581;144.964752986007;47.6127996176373;17975.9628356151
3162.3;98.3561605869556;134.18166548112;166.369028598157;53.7583061390816;17977.2048606119
2511.9;98.8317126557642;167.335225298119;194.341928188551;59.4330054241024;17978.4668846087
1995.3;101.672059711729;209.002168032146;232.420123845081;64.0587398965748;17979.7289056055
1584.9;101.933186367848;262.355790406445;281.462138204933;68.767340904885;17980.9609316024
1258.9;106.269912758727;331.859353633993;348.459359111101;72.2435957192629;17982.2029505993
1000;109.136746298469;414.647564563793;428.769672658062;75.2539861951695;17986.1110275894
794.33;114.369698196843;520.114284898567;532.540418392054;77.5984073973808;17987.3930495862
630.96;122.017448191834;652.41969625318;663.731660931086;79.4067523486432;17988.640071583
501.19;133.236825623621;817.693994411717;828.477833257625;80.7454333494176;17989.9270975798
398.11;149.595583950232;1025.56477945456;1036.41784797209;81.7009921658604;17992.7531485727
316.23;173.664412187861;1283.82819022188;1295.52080263844;82.2963171666453;17993.9351705697
251.19;208.707014463167;1605.1367049571;1618.6483433676;82.5917103728097;17995.2221945664
199.53;258.863074166495;2002.50176601879;2019.16403842662;82.6342317738515;17996.4992185632
158.49;331.763058080744;2492.17909413259;2514.16454591553;82.4172722029387;17997.8112435599
125.89;432.535068141146;3093.75642319069;3123.84624961049;82.0411216244258;17999.1582655565
100;574.17782950121;3826.10202565404;3868.94519095382;81.4653896220009;18000.4802895532
79.433;762.275834327827;4713.04255234326;4774.28890493636;80.8126816049324;18001.8423165497
63.096;1005.41736773836;5776.55710645424;5863.40140937638;80.1265033761062;18003.2493405462
50.119;1304.12047671005;7050.55638481774;7170.15171061734;79.520608376974;18004.8463735421
39.811;1655.95838958206;8584.44949049334;8742.70960531451;79.0816337476498;18006.3433995384
31.623;2056.65049495677;10438.3851762659;10639.0646368228;78.8539137579785;18008.6424435325
25.119;2502.23157224269;12687.9023614292;12932.2863088585;78.8436377706424;18010.1494705287
19.953;2974.81000795369;15443.6206494774;15727.5208900954;79.0970042740784;18012.031503524
15.849;3478.83566271173;18850.2145876754;19168.5390045659;79.5436297856211;18013.9185395192
12.589;4018.99264181048;23056.7556127474;23404.4073037726;80.1121917017747;18015.8405775144
10;4614.26955956096;28334.1751341895;28707.437435327;80.7504804328126;18018.0626155088
7.9433;5222.23536177679;34872.5649650282;35261.417008026;81.4831331593028;18020.3096575031
6.3096;5899.19096097646;43133.9237164909;43535.4548520413;82.2122847967738;18022.6667014971
5.0119;6644.57091364274;53372.3216224858;53784.3382222045;82.9034918401105;18025.0487454911
3.9811;7457.33829257161;66150.5130097613;66569.5295601858;83.5680369492839;18027.480789485
3.1623;8363.98229499722;82345.2859608062;82768.9695465515;84.2002388602607;18029.9728354787
2.5119;9660.28342967875;102519.060105186;102973.19437986;84.6169623408952;18032.5248834723
1.9953;10639.6212345215;127780.784870389;128222.971897031;85.2402669442026;18035.1469324656
1.5849;12250.7267519315;159538.582168521;160008.248244559;85.6089606509821;18039.4860144547
1.2589;13724.6773839691;199559.164072323;200030.564500875;86.0656792529635;18042.1980644478
1;16161.8080821359;248996.206125023;249520.168934574;86.2862637232555;18047.1321574354
0.79433;18902.2691501159;311373.298940129;311946.513158718;86.5260579870454;18050.1942104276
0.63096;22482.651433835;389602.344144301;390250.504392025;86.6973145186564;18053.606273419
0.50119;27205.8103509766;487840.131812444;488598.148096813;86.8080421107766;18057.4283474094
0.39811;33446.5594472081;611086.001740822;612000.632240229;86.867156958643;18061.5854233989
0.31623;41834.7366601947;764715.136288342;765858.593253301;86.8686811154194;18066.3475113869
0.25119;52875.49793743;958701.152946869;960158.173919166;86.8431490682458;18071.7396113732
0.19953;69679.3611756656;1200427.57448666;1202448.15894981;86.6779681789024;18077.9567243575
0.15849;92243.9340486602;1504620.77260394;1507445.72463491;86.4917529192651;18085.2038593392
0.12589;123580.710824277;1882705.87933975;1886757.43544005;86.2444956454543;18093.6710173179
0.1;170881.96951553;2360938.75750618;2367114.79742752;85.8602178361894;18103.923206292
