Frequency (Hz);Z' (Ω);-Z'' (Ω);Z (Ω);-Phase (°);Time (s)
10000;92.0363033420973;45.1946054771522;102.534060180576;26.1534361978665;69094.3773305535
7943.3;92.0254109211792;55.9763987808239;107.712735902871;31.3109410112357;69095.73435355
6309.6;92.9114562566324;69.6284529185074;116.106245135879;36.848129667689;69097.1863785464
5011.9;92.1411019281435;85.8425828908451;125.932250444055;42.9732522903866;69098.6534055427
3981.1;92.8247030415663;107.192670288576;141.798074945855;49.1087045313547;69100.0654315391
3162.3;93.6408791143364;133.883078523122;163.380821873726;55.0301807859537;69101.4824605355
2511.9;94.1249790523989;168.070391031448;192.632209204687;60.7497307416677;69102.9444855318
1995.3;93.7744511483852;210.395959457057;230.347796698897;65.9772462252925;69104.3665115282
1584.9;97.0272062665834;262.374379339748;279.740225369566;69.7053832548252;69105.7635375247
1258.9;98.2126263918558;332.492284305896;346.694157876563;73.5437462162727;69107.1605655212
1000;103.43141185812;415.96730537561;428.633708544265;76.0364309078699;69111.2786435108
794.33;108.30740814468;521.795199140084;532.917183532918;78.2738046143999;69112.7106675072
630.96;115.449981890338;654.90055319842;664.998821726833;80.0022617109843;69114.1226945036
501.19;126.035431633126;821.455290396365;831.067821628972;81.277162657623;69115.5847194999
398.11;141.235710444402;1030.40194679459;1040.03639256653;82.1951859416161;69118.6857784921
316.23;163.902936443164;1290.92689683112;1301.29029256993;82.764138879022;69120.0728024886
251.19;196.549176405222;1614.12299482035;1626.04570081945;83.0573639784536;69121.5348294849
199.53;243.791461584994;2015.69363523867;2030.38299536896;83.1037615628806;69122.9868584812
158.49;312.129618047769;2512.22184695746;2531.53777510686;82.9176115170877;69124.4588854775
125.89;407.946657290369;3122.54438420348;3149.07985076833;82.5567159602236;69125.9859134737
100;540.858296199461;3864.00998808221;3901.67923906706;82.0318890274156;69127.4629424699
79.433;719.645809694885;4766.13530747006;4820.15931899809;81.4136850806492;69129.024970466
63.096;950.925025145165;5854.60317294653;5931.32672478282;80.7743852513052;69130.601997462
50.119;1232.37308533699;7158.75364205749;7264.05514359124;80.2323209168546;69132.4590334573
39.811;1571.47921398835;8730.38824559203;8870.69477768055;79.7959669703769;69134.1260634531
31.623;1950.80249487674;10653.2032553123;10830.3448686094;79.623031147816;69135.8930964486
25.119;2379.62076122522;12960.7501668338;13177.3912385698;79.5962452522296;69137.5951294444
19.953;2833.4600305112;15816.1834076588;16067.9853537775;79.8432386530015;69139.6271644392
15.849;3321.93202425492;19341.066835004;19624.2732015701;80.2542330029423;69141.689204434
12.589;3828.48492647207;23731.0807589088;24037.9177720965;80.8355556988147;69143.7962414287
10;4380.82389555398;29188.753290055;29515.6727287649;81.4644141567494;69146.2232874226
7.9433;4983.80668016511;35990.803806062;36334.2302468582;82.1161349517793;69148.6703324164
6.3096;5623.79480198968;44560.6119290996;44914.0869156961;82.8069857017002;69151.1273794102
5.0119;6332.78647360923;55247.1561519992;55608.9241705296;83.4609268574029;69153.6794264037
3.9811;7154.78000242566;68630.3395017268;69002.2780566366;84.0483581667831;69156.2164743973
3.1623;8029.3718321302;85412.1148619898;85788.6949266414;84.6295552094457;69158.9135223905
2.5119;9268.09098841419;106446.002310004;106848.719778717;85.0238930773238;69161.6505723836
1.9953;10409.4751485947;132885.755551263;133292.840022633;85.5209379420996;69164.4926273764
1.5849;12073.6482124962;166085.109139428;166523.381118132;85.8421657749099;69170.1137323623
1.2589;13858.890470608;207546.560612891;208008.758631258;86.1797541835369;69173.0607863548
1;16236.246101675;259031.463261783;259539.81322143;86.4133587023762;69178.2798813416
0.79433;19393.5833734618;324043.222988834;324623.045147837;86.5750043467279;69181.6119413332
0.63096;23521.3706708157;405478.082462824;406159.734877748;86.6800507610305;69185.3090133239
0.50119;28990.1592856825;507827.881411028;508654.682937081;86.732725775885;69189.2660863139
0.39811;36341.1558514882;635305.023365096;636343.58040413;86.7260951168135;69193.598164303
0.31623;46211.3443492251;795273.084246153;796614.56606878;86.67442406498;69198.5202562905
0.25119;59884.9194995142;996067.233191466;997865.790886312;86.559441054726;69204.1023602764
0.19953;79718.9066493277;1247158.17576888;1249703.41260018;86.3426039702418;69210.5394782602
0.15849;106232.028291416;1561198.72845674;1564808.84250117;86.1072996332027;69218.0566172412
0.12589;146528.019328015;1953923.21549756;1959409.70511747;85.7113196909676;69226.7387802193
0.1;203852.658969886;2443643.61228197;2452131.72778617;85.2313359396876;69237.0809711932
