Frequency (Hz);Z' (Ω);-Z'' (Ω);Z (Ω);-Phase (°);Time (s)
10000;93.0692564199067;45.0568703895255;103.402166611019;25.8326431741809;56387.4840546353
7943.3;93.2527148370586;55.4235917177423;108.479690925891;30.7246064651013;56388.806075632
6309.6;93.5731428266033;69.1362303023074;116.343248187686;36.4587286183163;56390.2131006284
5011.9;94.3145995905557;85.5045859440793;127.303880197719;42.1951085623031;56391.6051276249
3981.1;94.6458734913491;107.153924113279;142.967845412228;48.5467967235757;56392.9771516214
3162.3;95.1770359262192;133.41779541957;163.887084000903;54.4968557226597;56394.349180618
2511.9;94.7923652341183;167.985640164902;192.885374791067;60.5644624934776;56395.7262046145
1995.3;97.8379379254798;210.473631344407;232.102157656518;65.0688025019128;56397.103230611
1584.9;98.7914329990388;263.176381135271;281.107728142541;69.4248150260044;56398.4502556076
1258.9;101.84232905809;332.358738782042;347.612127568596;72.963736034427;56399.7922786042
1000;104.783437523592;415.848703601847;428.846957627773;75.857308506959;56403.9203565938
794.33;109.697237669516;521.948285027982;533.351194051325;78.1309589074477;56405.3523835902
630.96;116.863685215444;654.65724170963;665.006184215602;79.8786695799362;56406.7194065867
501.19;127.381332413399;820.730031807115;830.556312935806;81.1778022235665;56408.1414325831
398.11;142.741756170208;1029.8563411443;1039.70154003429;82.1088766172924;56411.1274925756
316.23;165.375246925148;1289.38806447731;1299.95021178201;82.6912202482128;56412.4395135723
251.19;198.340606278444;1612.29006411157;1624.4439808537;82.9868271953485;56413.8615385687
199.53;245.425062437824;2013.81684458408;2028.7167729388;83.0515941756324;56415.2585665652
158.49;314.047201562716;2509.36364105771;2528.93881457654;82.8665139756885;56416.6905925616
125.89;410.882627715621;3119.59754617946;3146.5399066097;82.4967536582141;56418.1776195578
100;544.654716239468;3858.17631256544;3896.43083074279;81.9647115159562;56419.7046495539
79.433;723.670120825952;4760.72262276786;4815.41050531624;81.3567235685259;56421.2066775501
63.096;954.322680445755;5846.19782498609;5923.57668873167;80.7289122074964;56422.7337025463
50.119;1242.86850048984;7149.44658091311;7256.67337854199;80.1381875950949;56424.4807355419
39.811;1581.02028422066;8719.55375153815;8861.72910695651;79.7228448099596;56426.1077645378
31.623;1964.92131247988;10623.2861235837;10803.4773951614;79.5207980683367;56427.8347995334
25.119;2390.01531147763;12939.4344702976;13158.310590658;79.5349669160074;56429.4868295292
19.953;2847.52253755684;15786.6217009004;16041.3780371025;79.7751785900893;56431.4288675243
15.849;3342.16720035688;19313.5986293926;19600.6421734702;80.1823441018244;56433.4759025192
12.589;3865.56043114896;23634.9849648492;23949.0098278721;80.7113722433688;56435.522939514
10;4409.86671386386;29094.0239197219;29426.3343329643;81.3811151664346;56437.894985508
7.9433;4986.57217963972;35899.0052438045;36243.6819266125;82.0918990130261;56440.287031502
6.3096;5674.16041548787;44368.8604389016;44730.2120838636;82.7122247111512;56442.7790744957
5.0119;6377.79363270274;55017.2448029215;55385.6793523916;83.387584959299;56445.2911224893
3.9811;7178.73968127141;68390.3212698516;68766.0551929873;84.0077665693862;56447.8931714828
3.1623;8068.62447364231;85077.586594803;85459.3379432164;84.5823622986722;56450.4152174764
2.5119;9321.97043943476;106054.038818046;106462.943236102;84.9767082873731;56453.0972664696
1.9953;10466.0963886224;132265.91071895;132679.351490461;85.4756577434407;56455.8593154627
1.5849;12078.0381655496;165305.34806932;165746.001780578;85.8211086375088;56460.1383994519
1.2589;13904.6222890563;206674.650449561;207141.858781487;86.1510643670818;56463.0354494445
1;16245.0612505843;257999.856839826;258510.789222434;86.397105346625;56468.1445454316
0.79433;19307.1925772583;322886.686298074;323463.413501073;86.5780408955527;56471.3666054235
0.63096;23320.9711798754;403955.414134555;404628.032031139;86.6958935134682;56475.0036714143
0.50119;28683.7395595439;505585.204889919;506398.21911091;86.7528770139717;56478.8957434045
0.39811;35788.221921508;632962.208369029;633973.149314465;86.7638934002284;56483.2378233935
0.31623;45485.4082072813;792321.532871061;793626.066741088;86.7143836143613;56488.1299163812
0.25119;58654.3021262601;992659.366674553;994390.74080798;86.6184361591414;56493.6720183672
0.19953;77223.2898568128;1242899.16760728;1245295.8593584;86.4446928451998;56500.0341373511
0.15849;103427.545160964;1556783.7253778;1560215.63403884;86.1990442158151;56507.4262713325
0.12589;142352.360400734;1946862.44805532;1952059.83160343;85.8180401581751;56516.0384333107
0.1;197328.986169347;2437216.45274982;2445191.76473687;85.3711498491968;56526.4906262843
