Frequency (Hz);Z' (Ω);-Z'' (Ω);Z (Ω);-Phase (°);Time (s)
10000;92.5226086786582;45.6456925704283;103.169580627907;26.2592600101114;65215.3285073471
7943.3;91.8644030180325;56.1898503314596;107.686432860093;31.4524893160123;65216.6755303437
6309.6;93.1161687093954;69.1977016277365;116.01268372759;36.6172599798762;65218.1075553401
5011.9;93.2822824618729;85.6885275389122;126.665338483279;42.5703898891755;65219.5445813365
3981.1;93.1713130726109;107.169785011324;142.007944844814;48.9969427205052;65220.9566073329
3162.3;94.8816680886329;134.625895969562;164.701738924909;54.8245760496195;65222.3736343293
2511.9;94.1932884053875;168.998858608168;193.476070332959;60.8664312350714;65223.7856603258
1995.3;96.9946712950782;211.331937163683;232.527748720438;65.3463747594105;65225.2276863221
1584.9;97.7746432554243;262.186465762282;279.824272879681;69.5484958007393;65226.6197133186
1258.9;101.836892691463;331.003961553775;346.315427431908;72.8989282254083;65228.0167403151
1000;103.724077256572;416.0972615896;428.830520491594;76.0026734439907;65232.1248173047
794.33;108.62237564897;522.022884919608;533.204194349047;78.2456383050447;65233.586843301
630.96;115.776887315649;654.882177345056;665.037558218106;79.9742502689455;65234.9938692975
501.19;126.221387034778;821.041843639509;830.687394602776;81.260160186097;65236.4258962939
398.11;141.502987242918;1030.14538332944;1039.81854484022;82.1786751616928;65239.4669542862
316.23;164.109725198522;1289.91598155373;1300.31351656916;82.7494891971716;65240.7539762829
251.19;196.505865795538;1613.07726668421;1625.00240725528;83.054423037101;65242.2160022792
199.53;243.817898375678;2014.35033044111;2029.05259205289;83.0984659106317;65243.7130312755
158.49;312.62052994904;2509.98043324561;2529.37410657685;82.9003160390847;65245.1800562718
125.89;408.783209001953;3119.47106776084;3146.14104174605;82.5343589598261;65246.682085268
100;541.751575447281;3862.35164574371;3900.16089474251;82.0155157796989;65248.1591132642
79.433;719.992404114043;4764.64814398757;4818.74060289471;81.4069701853606;65249.6411392605
63.096;950.335466376146;5849.46528890172;5926.16078626951;80.7720475997287;65251.2231692565
50.119;1236.95966412012;7161.72138423891;7267.75910416168;80.2006558081058;65253.0752032518
39.811;1572.9214675211;8726.70504678083;8867.32557857772;79.78257926567;65254.7422342476
31.623;1957.71675541184;10640.7730156652;10819.3671379304;79.5751574951777;65256.4992672432
25.119;2380.71111667645;12955.3082968264;13172.2358955071;79.5873059218231;65258.1912972389
19.953;2836.35747896003;15802.3158227313;16054.8469039663;79.8243332578186;65260.2233372338
15.849;3315.19152295017;19318.9893959137;19601.373577208;80.2627274728042;65262.2603732286
12.589;3993.23913639562;23581.9708481947;23917.6777276881;80.3890230555107;65264.3524132234
10;4512.66196663333;28963.6854787103;29313.1232476983;81.1442798962362;65266.7494552173
7.9433;5114.03736206201;35760.6688306152;36124.4904926491;81.8614654736945;65269.2015032111
6.3096;5705.62892363332;44302.0460077514;44667.9469181999;82.6613142883999;65271.633548205
5.0119;6374.06969826664;54986.489650138;55354.6999681427;83.387748119594;65274.1555941986
3.9811;7142.67241319631;68434.7834128907;68806.5211296974;84.0415010642535;65276.6576401923
3.1623;8052.28281560937;85216.9104550129;85596.5015993074;84.6020571161374;65279.2196891858
2.5119;9197.70413274246;106209.002065745;106606.518942863;85.0505313477426;65281.911739179
1.9953;10314.6216604091;132742.987838875;133143.126898797;85.5568338439568;65284.6287861722
1.5849;11862.2499714136;165735.926020608;166159.893320539;85.9061389714818;65288.9278701613
1.2589;13625.1019845768;207337.23724585;207784.439631152;86.2402315585603;65291.8899211538
1;16076.1984525899;258833.014308242;259331.782573169;86.4459069451128;65296.9890171409
0.79433;19135.1595066084;323950.079732992;324514.727690987;86.6195672746287;65300.2410791327
0.63096;23094.8256444497;405438.818780228;406096.056057497;86.7398098679934;65303.8381431237
0.50119;28215.8572707541;507350.011945672;508134.007150473;86.8168210246168;65307.8102181136
0.39811;35221.4662271877;635695.44887579;636670.444896404;86.8287013283093;65312.1322991027
0.31623;44791.6858598834;795528.764925386;796788.7492591;86.7774040790206;65317.0743870902
0.25119;56530.889436361;996970.303361255;998571.74366427;86.7546508363965;65322.6414900762
0.19953;81215.1004671875;1246040.16793023;1248684.10442333;86.2708186080922;65328.9836110602
0.15849;102635.18248561;1564309.04371912;1567672.40357968;86.246172436426;65336.3757450415
0.12589;144843.938984689;1953581.50138339;1958943.70751382;85.7596908572565;65345.1279090194
0.1;194127.926830986;2438837.17457099;2446551.12679975;85.4489340247594;65355.4600999933
