Frequency (Hz);Z' (Ω);-Z'' (Ω);Z (Ω);-Phase (°);Time (s)
10000;89.8839245019186;44.6051817843675;100.343121965998;26.3930515269742;85862.1437952189
7943.3;90.6289596633943;55.7670290163982;106.412263649379;31.6053752291597;85863.6158202152
6309.6;91.2935028168305;69.6810185916555;114.847498921558;37.3531805700104;85865.3528542108
5011.9;91.3778773313999;86.5077675743934;125.831277178203;43.4317618783286;85866.9198822069
3981.1;90.7947679416654;106.865576963319;140.228176288804;49.6482189994321;85868.5419112028
3162.3;93.2047250535956;133.6778156186;162.962815270468;55.1144785666281;85870.1039411988
2511.9;94.5494342132753;167.715245346719;192.530514547073;60.5878791936174;85871.7609721947
1995.3;93.6431895726289;211.774398772957;231.554405980501;66.1457663520844;85873.3180011907
1584.9;95.633050535245;265.070930880012;281.794745785426;70.1614248066025;85874.8500301868
1258.9;98.3820589345535;331.15551607249;345.460569885247;73.453990359975;85876.4320591829
1000;101.819742183329;416.242371156251;428.514843901653;76.2544311157337;85880.7801391719
794.33;106.69110007902;522.649933252001;533.428480271154;78.4624485486911;85882.3771671678
630.96;113.701382234009;655.692324230207;665.477594195578;80.1623601804864;85883.9541971639
501.19;123.976785849599;822.033841177047;831.330186790957;81.4234519355903;85885.5762271598
398.11;138.878529962814;1031.36736835276;1040.67569135996;82.3309796153192;85888.7072871519
316.23;161.097869686449;1292.27348190137;1302.27619023116;82.8940318335022;85890.2593151479
251.19;193.532365160703;1616.2927077305;1627.8381041822;83.1720006677185;85891.8913461438
199.53;239.91275949242;2019.59180785121;2033.79182870495;83.2254276554981;85893.4783751398
158.49;306.855434566739;2516.10652422189;2534.74896172286;83.0467469010584;85895.1104051357
125.89;402.581660889202;3126.01886432658;3151.83532783836;82.6616042084255;85896.7824351315
100;533.37809965698;3874.65279365232;3911.19246120047;82.1620223014463;85898.4194661273
79.433;709.174721033856;4777.57967193129;4829.92715334347;81.5567769372321;85900.1164961231
63.096;937.024525000704;5873.01579419402;5947.29598046921;80.9350084543942;85901.8785301186
50.119;1219.50212789167;7185.44244004623;7288.19377480798;80.3676341288533;85903.8005651138
39.811;1551.02476636266;8767.31660430349;8903.45541157848;79.9676136522797;85905.6576011091
31.623;1934.1869803377;10690.9936105154;10864.5489393251;79.7451197799724;85907.5646351043
25.119;2349.53645767631;13032.2410145176;13242.3422182945;79.7801298133616;85909.4816690994
19.953;2796.55450405825;15896.2782432064;16140.3958774128;80.0223327061832;85911.638711094
15.849;3273.88334946835;19458.2178740991;19731.7144470985;80.4493246848271;85913.8857520883
12.589;3783.60757634999;23850.1445848046;24148.3971105309;80.9856680353687;85916.1227920826
10;4338.01675475358;29388.0031066069;29706.449063435;81.6031024460906;85918.6698400762
7.9433;4910.81938911772;36303.8231445659;36634.4608529244;82.2963578957035;85921.2918880696
6.3096;5584.96845831139;44896.8743371862;45242.9132343335;82.9090894785952;85924.0139390627
5.0119;6268.81900689112;55669.420944816;56021.2684618286;83.5751059345211;85926.7309890559
3.9811;7067.87854554272;69205.0763557257;69565.059480578;84.1686302424913;85929.4030380491
3.1623;7962.67318329765;86145.1574344683;86512.3824295305;84.7189734118179;85932.240093042
2.5119;9205.99460397167;107326.159065567;107720.261587204;85.0974048133858;85935.0571440348
1.9953;10343.3542521628;133987.249705298;134385.892342819;85.5857179345209;85938.0492000273
1.5849;12000.6961208966;167541.881781619;167971.125073067;85.9030128541959;85943.9003100125
1.2589;13934.1637344342;209359.506373851;209822.696170077;86.192229053097;85946.9223630049
1;16347.7144506691;261358.437215882;261869.204893758;86.4208678500346;85952.2564649914
0.79433;19594.651851677;326990.528004046;327577.098994348;86.5706960415496;85955.6785259828
0.63096;23915.8568833893;409103.821789887;409802.275754489;86.6543458614525;85959.4905959732
0.50119;29520.3897690677;512157.21299585;513007.275032035;86.7011606494126;85963.6076729628
0.39811;37190.7813490686;641051.604240684;642129.514597257;86.6796917266458;85968.1597559513
0.31623;47483.2766935381;802456.519032501;803860.141133589;86.613619961362;85973.2618509384
0.25119;61881.2012743634;1004178.86616483;1006083.73325645;86.4736821744656;85978.9939589239
0.19953;81964.9173699552;1256855.60043004;1259525.40586199;86.2687812220722;85985.5610809073
0.15849;111461.405915091;1572596.80474312;1576541.89772959;85.945809989448;85993.1282198882
0.12589;151617.535933799;1967178.68551064;1973012.88843484;85.592721346641;86001.935380866
0.1;207991.317781949;2461390.47154358;2470162.63466157;85.1698923135994;86012.3675748396
