Frequency (Hz);Z' (Ω);-Z'' (Ω);Z (Ω);-Phase (°);Time (s)
10000;97.4102342251822;45.7073366127773;107.600717246859;25.1371529766596;10597.7582252432
7943.3;98.0422998805144;56.5624076399168;113.188332101347;29.9814386954349;10598.8952442404
6309.6;97.972254299088;69.0404425497732;119.854684180109;35.1721166370304;10600.1222692373
5011.9;99.2522849865282;85.0969277032141;130.73830035446;40.6091275955722;10601.3542932342
3981.1;99.9959556678582;105.802903946254;145.579688258316;46.6162644013895;10602.586313231
3162.3;99.2661031941337;134.192701363634;166.917465660781;53.5086289974559;10603.8133352279
2511.9;100.729332471402;167.130390130795;195.138324594135;58.9226686182694;10605.0603582248
1995.3;102.649545038339;206.932696146788;230.993657556126;63.6161602736523;10606.2823832217
1584.9;103.511817343834;263.48151685462;283.085156894237;68.5520335762811;10607.4644042187
1258.9;106.505837339229;329.418928865874;346.208497992857;72.0832401582031;10608.6664272157
1000;110.681349796969;414.059823850288;428.597595559997;75.0343019941736;10612.5295012059
794.33;116.114164882588;519.374641749903;532.195939273517;77.3978799800219;10613.7865212028
630.96;124.033726408706;651.357890515858;663.062189258367;79.2186258352533;10615.0135451997
501.19;135.73561995982;816.131665481738;827.342162546955;80.5572367655592;10616.2455651966
398.11;152.790868991463;1023.49287370457;1034.8346303498;81.5093728588736;10618.9166191898
316.23;177.729123514238;1280.63717149837;1292.91113629997;82.0988573709988;10620.0786391869
251.19;214.204734361126;1600.00596332182;1614.28087732219;82.3747272176975;10621.3256621837
199.53;267.301347641675;1997.31786656883;2015.12497641365;82.3773902270414;10622.5626861806
158.49;341.905357790044;2482.60562495774;2506.03869937345;82.1585320422614;10623.8197061774
125.89;447.720618944454;3082.14233207551;3114.49114749101;81.7348661653533;10625.1267321741
100;594.133881022622;3805.32067246691;3851.42317707144;81.1259179046223;10626.4137561709
79.433;787.088557460182;4678.97235052486;4744.71186209035;80.4512029185305;10627.7357811675
63.096;1037.10514519637;5729.49917958328;5822.60662685006;79.7399012410511;10629.1178041641
50.119;1346.10421567543;6983.52967081474;7112.08009112728;79.0898079911454;10630.7948381598
39.811;1707.37744403915;8486.3994840218;8656.44926854071;78.6245311891539;10632.2418621562
31.623;2117.55660561161;10299.6479262013;10515.0745780366;78.3821588964704;10634.5859071503
25.119;2569.95631383906;12499.453862108;12760.917768954;78.3815849540139;10636.0779331465
19.953;3049.12517235906;15186.8317282848;15489.9006536501;78.6474172976603;10637.9649701417
15.849;3562.24411988169;18511.9863664565;18851.6106049723;79.1077672833072;10639.817005137
12.589;4116.37902588148;22639.0928870599;23010.282550061;79.6947117775347;10641.7090401323
10;4696.50985985955;27760.3591957196;28154.8352426209;80.3975990812991;10643.9310801267
7.9433;5328.13455712778;34185.2324511122;34597.9643273334;81.1411153177639;10646.1431221211
6.3096;5995.649986089;42199.865391163;42623.6607741283;81.9136811050191;10648.3851611154
5.0119;6720.9887493191;52195.42981457;52626.367757011;82.6626353786265;10650.7422071095
3.9811;7517.95987612336;64788.4200274669;65223.1484241176;83.3810778346629;10653.1592501034
3.1623;8412.44815763497;80488.6777241079;80927.1062486495;84.0332713324746;10655.6062960972
2.5119;9568.61780370775;100178.42593896;100634.365255021;84.5439027544891;10658.1233410908
1.9953;10566.2529792934;124941.455067274;125387.451111943;85.1660193138589;10660.7253920843
1.5849;12046.7519111113;155981.958655909;156446.462592612;85.5837162498094;10664.8844690738
1.2589;13517.799636684;194770.446162582;195238.975630863;86.0298244122536;10667.571516067
1;15814.4725751869;243392.750865402;243905.983355593;86.2824256958455;10672.5506110544
0.79433;18415.8849185799;304411.404867709;304967.946235119;86.5380138496314;10675.6126680467
0.63096;21783.2229196629;380882.040112008;381504.439398354;86.7267329670689;10679.059731038
0.50119;26127.2009638616;476865.833699353;477581.04441025;86.8639331743846;10682.8518020284
0.39811;31859.7281556959;597286.081527846;598135.189957123;86.9466898631628;10686.983876018
0.31623;39631.569959907;748115.258344269;749164.268438504;86.9675780920588;10691.705963006
0.25119;50779.5783705897;937869.003991179;939242.691867709;86.9008278817652;10697.0830629925
0.19953;65571.014495432;1174450.28616781;1176279.31743341;86.8044232307355;10703.2801809768
0.15849;86226.2051912838;1471779.71935669;1474303.39508914;86.647081910886;10710.4973129586
0.12589;116283.022181987;1843513.63408549;1847177.37651446;86.3907446778613;10718.9394699373
0.1;161189.989992993;2309197.81229861;2314816.78523347;86.0070333917071;10729.1016579116
