Frequency (Hz);Z' (Ω);-Z'' (Ω);Z (Ω);-Phase (°);Time (s)
10000;96.3392488776697;45.7474348004397;106.64932566657;25.4010657909167;18475.7400913532
7943.3;96.7860703003242;56.6402906996861;112.141276676896;30.3366480934503;18476.9171113503
6309.6;98.3778195510657;69.1974022452629;120.276663809381;35.1219472398683;18478.1891353471
5011.9;97.877802776763;85.5288255365744;129.981707459445;41.1480238229312;18479.4561613439
3981.1;99.1140977971935;107.18973415506;145.990559593366;47.2416634913137;18480.7131833407
3162.3;98.9481867305162;132.426946574105;165.310737207835;53.2332553428581;18481.9652063375
2511.9;99.7416739415619;166.608307216326;194.182207099813;59.0927440266091;18483.2372283343
1995.3;101.695006961621;207.652616843934;231.217394940472;63.9073347215171;18484.5092513311
1584.9;100.759686918667;263.937097870436;282.516028112063;69.1053219973084;18485.7612773279
1258.9;103.68540006454;331.869438980835;347.689497563556;72.6497187776557;18487.0083003248
1000;109.145680696096;414.63732168393;428.762041402731;75.2524832104994;18490.901371315
794.33;114.413340924731;520.179066637324;532.61306212788;77.5953187405519;18492.088392312
630.96;122.020058505452;652.247580429534;663.562959223807;79.4037987377624;18493.3554163088
501.19;133.276930867964;817.928136960647;828.71537787922;80.7453000426937;18494.6474423055
398.11;149.571884342169;1025.85234892883;1036.6989873577;81.7045822853252;18497.3734922986
316.23;173.724697022458;1284.14667544882;1295.84449469132;82.2955633965751;18498.5455152957
251.19;208.642896485014;1604.89899009911;1618.40434585266;82.5928762531669;18499.8225382924
199.53;258.834667040347;2002.94387895969;2019.59886292401;82.6366390420924;18501.1045602892
158.49;331.326920781837;2492.57234492659;2514.49685287686;82.4283056330329;18502.3965852859
125.89;434.005728719456;3092.90351642764;3123.20558633142;82.0122354770584;18503.7486102825
100;574.312537340198;3826.70635580684;3869.56282080013;81.4647450912199;18505.0706332792
79.433;763.080364830196;4709.98139312863;4771.39564140381;80.7972755582274;18506.4476582757
63.096;1006.51367786814;5772.48856669647;5859.58138746934;80.1091206014378;18507.8596862721
50.119;1306.81655122799;7044.0969270604;7164.29138271086;79.4900105770987;18509.5267172679
39.811;1655.84334826076;8569.85314891455;8728.35609882755;79.0642268788317;18511.0187442642
31.623;2058.73206418022;10424.9784101215;10626.3141570153;78.8289278860572;18513.3077892584
25.119;2498.85374178431;12668.3493100857;12912.4491970028;78.841555520562;18514.8698162544
19.953;2975.94188698547;15412.3165975706;15696.9975797432;79.0713348400242;18516.7018502498
15.849;3481.78664567267;18809.833079859;19129.3663966724;79.5129871020615;18518.6338862449
12.589;4026.52061021993;23025.1145668698;23374.5324882019;80.0806948606918;18520.5609202401
10;4603.11092785981;28268.5189087494;28640.8413198444;80.7514013338625;18522.7979632344
7.9433;5215.06589131298;34812.8230684278;35201.2721679827;81.4802727054925;18525.0600032287
6.3096;5907.9410053072;43021.4176691516;43425.1787006776;82.1807319842757;18527.4320462227
5.0119;6612.02082104768;53217.2514142986;53626.4362738252;82.9175343664611;18529.8290922167
3.9811;7402.33399174662;66059.4174731995;66472.8605178371;83.606353101908;18532.2111372107
3.1623;8339.34615832517;82173.2259498172;82595.3010609447;84.20518003078;18534.6231802046
2.5119;9442.17461354478;102300.618820702;102735.443117414;84.7266368544929;18537.0952271983
1.9953;10553.8934522005;127533.583682574;127969.526192452;85.2693335720831;18539.6672751918
1.5849;12006.5892378923;159351.760201402;159803.446972876;85.6911081610979;18545.2133771778
1.2589;13843.1005249988;199074.212155025;199554.938243305;86.0222044370055;18547.925429171
1;15992.6793077734;248515.386048397;249029.441822096;86.3179291672312;18552.8495201586
0.79433;18766.6055737204;310745.671767667;311311.834029961;86.5439810531895;18555.9315781508
0.63096;22297.3707861298;389032.717525596;389671.179392734;86.7196870017041;18559.4286391419
0.50119;26835.7218606299;486977.054535513;487715.908713121;86.8458061679642;18563.1807091325
0.39811;32995.7834337231;609835.488548998;610727.471805714;86.9029720426035;18567.332787122
0.31623;41187.0606742858;763885.598059254;764995.150892691;86.9137238098766;18572.1048761099
0.25119;52748.5495890008;956718.87464689;958171.912857685;86.8442010460588;18577.5169740963
0.19953;67474.6451619543;1199340.80842801;1201237.3630971;86.7799467498206;18583.6490880808
0.15849;89422.1808767435;1502356.25286717;1505015.16170497;86.5937001441161;18590.8962250625
0.12589;117894.680139127;1878984.31023408;1882679.25938301;86.409749523108;18599.413379041
0.1;170568.364566635;2352380.01762044;2358555.76874724;85.85280688583;18609.5705700154
