Frequency (Hz);Z' (Ω);-Z'' (Ω);Z (Ω);-Phase (°);Time (s)
10000;98.3597868596836;45.3924912361715;108.328786256047;24.7730595270451;8223.24826123829
7943.3;97.773584589309;55.8456606700417;112.598453182609;29.7338542198393;8224.37528223545
6309.6;98.5207460527955;69.0338219998397;120.299650800428;35.0190595889583;8225.60230323235
5011.9;100.166610375194;85.4753799997036;131.679119150113;40.4751893194949;8226.83932422923
3981.1;99.9075168171947;104.871050421527;144.842842878385;46.3884942006355;8228.06134722614
3162.3;100.957033915015;131.984634157362;166.169390534388;52.5870816675095;8229.26337122311
2511.9;102.36891235762;167.418377968732;196.235337029199;58.5560638302502;8230.47539322005
1995.3;102.784002054703;211.336287796646;235.005484229726;64.063897149619;8231.70741621694
1584.9;104.308435844668;260.726815580087;280.817951974039;68.1952356271467;8232.89443821394
1258.9;107.765126112694;329.388054033712;346.56862602694;71.8835762961568;8234.08645821093
1000;111.094921730424;414.043269550765;428.688594080337;74.9803301422048;8237.98953220108
794.33;116.489066250394;519.070824370494;531.981412521671;77.3513356319933;8239.23155419794
630.96;124.465912698661;650.942823723405;662.735485077501;79.175208848524;8240.45357619486
501.19;136.133726870703;816.287423136454;827.561205447947;80.5318167252778;8241.68560119174
398.11;153.270965346818;1023.09713341739;1034.51424988988;81.479838404694;8244.4366541848
316.23;178.247524680651;1280.52037815756;1292.86682180786;82.0753900602963;8245.56367218195
251.19;214.965028482677;1600.25153566685;1614.62532523019;82.3491427054006;8246.81069617881
199.53;267.036234573194;1995.71270423029;2013.49883248072;82.3788087364737;8247.96771717588
158.49;342.892763439124;2483.36508179781;2506.92592166413;82.1385440207021;8249.25974117262
125.89;450.260715398902;3079.06869762756;3111.8159901481;81.6804473973678;8250.56676616932
100;594.981222292528;3802.45567089259;3848.72339665816;81.1068750530733;8251.73878616636
79.433;789.331623462146;4677.23966870218;4743.37594233039;80.4210121627773;8253.05081116305
63.096;1039.4264374539;5724.66342388381;5818.26251003091;79.7089256567948;8254.42283715959
50.119;1347.78314718973;6981.02706803858;7109.94081104308;79.0727057203957;8256.04986815548
39.811;1712.60337091881;8478.70157367188;8649.93587730386;78.5805383989518;8257.49689215182
31.623;2124.53192019117;10289.8768955263;10506.9121251202;78.3341704668899;8259.73593514617
25.119;2571.63622642594;12489.9984360113;12751.9948954127;78.3656356463825;8261.22296314242
19.953;3062.97708663468;15183.6371253458;15489.5017669203;78.5948553649231;8263.02499713787
15.849;3596.3750078991;18494.6741965682;18841.0956909264;78.9958968804517;8264.8720291332
12.589;4143.74107187951;22626.3655143462;23002.6738980401;79.6219857263824;8266.75906512844
10;4719.5871542118;27723.7040661516;28122.558028276;80.338783734614;8268.96110612288
7.9433;5365.76885842636;34111.0690037974;34530.5155481913;81.0604633159975;8271.16814611731
6.3096;6026.92583526651;42095.4506323628;42524.7080997095;81.852171255098;8273.48519011146
5.0119;6781.23519397555;52118.5129336334;52557.8209324676;82.5867869524768;8275.83223310553
3.9811;7585.07491189014;64601.2731968396;65045.0448540985;83.3033511418102;8278.20927709953
3.1623;8448.47692144757;80301.1659307726;80744.3744921819;83.9940125765442;8280.65632309335
2.5119;9551.67823712017;100032.860119314;100487.848324042;84.5456258177396;8283.06836608726
1.9953;10716.0041769736;124548.642031628;125008.787600886;85.08245562795;8285.64041508077
1.5849;12177.4650809769;155559.430356957;156035.339038243;85.5239141821006;8290.98651406727
1.2589;13793.9991596138;194447.614956011;194936.270034328;85.9422687810254;8293.65856406052
1;15927.440899288;242746.025968977;243267.993162544;86.2459985846364;8298.60765504803
0.79433;18574.0714613261;303591.303434172;304158.964443776;86.4989410748867;8301.62470904041
0.63096;21915.5440562596;379703.236934602;380335.166938184;86.6966923224073;8304.9967730319
0.50119;26260.7560843636;475264.233287077;475989.200247312;86.8373340331744;8308.69384302256
0.39811;32007.1087227568;595475.593091354;596335.171674697;86.9232841264224;8312.79591901221
0.31623;39772.3743392701;745989.485646003;747048.963893914;86.9481691485004;8317.50800400031
0.25119;50371.5640392673;934301.577921838;935658.448885595;86.9139658293714;8322.77510098701
0.19953;64803.2324425809;1171067.68302351;1172859.31686501;86.8326606372568;8328.85721597166
0.15849;86220.9669122698;1467599.42531549;1470129.96987397;86.6377571791296;8336.03934795352
0.12589;116462.284966814;1839440.38772235;1843123.54545316;86.3772120556889;8344.47650293222
0.1;157378.380903517;2304505.25879571;2309872.819571;86.0932446431806;8354.64369290655
