Frequency (Hz);Z' (Ω);-Z'' (Ω);Z (Ω);-Phase (°);Time (s)
10000;92.7173709737455;45.8701150043223;103.443599757515;26.3230081824539;53300.2458924298
7943.3;94.1167549830184;56.8156012646014;109.936236590087;31.1181829391746;53301.5279114266
6309.6;94.5722866288125;69.4107276859642;117.310555859638;36.2765701855586;53302.8999374231
5011.9;94.8851108918643;86.2312998619164;128.214746986597;42.2644662940771;53304.3019634196
3981.1;94.8025870872925;106.818198104393;142.820369572106;48.4105140057819;53305.698991416
3162.3;95.9581937892375;134.80632039144;165.471202850443;54.5558771056372;53307.0660144126
2511.9;95.9140468696741;168.57640028316;193.952332080195;60.3616450465316;53308.4430404091
1995.3;97.7971624197191;209.688253839505;231.372964660112;64.9959773103337;53309.8100684057
1584.9;97.8344437375644;264.24430304431;281.774076296617;69.6833113728721;53311.1520894023
1258.9;102.102573617883;333.712852723444;348.98309932175;72.988018017139;53312.439115399
1000;105.189916454807;415.84050967268;428.938513086204;75.8043910363026;53316.4671913889
794.33;110.161262883273;521.829764486936;533.33086067143;78.0795556204705;53317.7942163855
630.96;117.331233073923;654.493058019786;664.926899178202;79.836522447419;53319.1612403821
501.19;127.876619578295;820.942834388107;830.842684969875;81.1463014934227;53320.5432633786
398.11;143.296178234465;1029.93911854871;1039.85978988203;82.0792436786595;53323.4993203711
316.23;165.877177037479;1289.02412260799;1299.65319471282;82.6672310969191;53324.7913443678
251.19;199.01446591431;1612.73523152428;1624.96821034838;82.9651614192962;53326.2033693643
199.53;246.445988468276;2013.16914014742;2028.19762648367;83.020751702705;53327.5703933608
158.49;315.158553128416;2508.24395864102;2527.96611323593;82.8383690189892;53328.9974223572
125.89;412.530041104434;3117.49834563144;3144.67438216238;82.462000469537;53330.4694493535
100;545.454903386285;3858.99986650093;3897.35821054241;81.9547556946138;53331.9064763499
79.433;724.525974062733;4758.82701871874;4813.66518166553;81.3432614701864;53333.3785043462
63.096;956.516112452995;5842.97369608233;5920.74865929067;80.7029368356083;53334.9155323423
50.119;1246.52019725595;7150.16219769974;7258.00468831355;80.1107540584195;53336.6825663378
39.811;1581.79568822488;8714.71734503801;8857.10878352485;79.712327495874;53338.3045923337
31.623;1967.86058784993;10624.2327535682;10804.9431694574;79.5063848058453;53340.0316273294
25.119;2389.71586090233;12931.9817391261;13150.9274804836;79.5303521623752;53341.6536573253
19.953;2851.61679018736;15776.8054283205;16032.4454728891;79.7545519378988;53343.6256913203
15.849;3347.41687346586;19293.0170597725;19581.2590757958;80.1569394692337;53345.6677313151
12.589;3865.44327396501;23665.7402334038;23979.3434542981;80.723509737264;53347.71976931
10;4421.10692484705;29082.5357443147;29416.6631649525;81.3561162034497;53350.1168133039
7.9433;5001.42684971208;35869.6035854067;36216.6085091805;82.0622223063499;53352.4938562979
6.3096;5696.38419055182;44330.9380598647;44695.4232792792;82.6777991008601;53354.9809042916
5.0119;6393.85953952592;54995.5220545663;55365.9542125436;83.3684810443093;53357.4379482854
3.9811;7157.09986089961;68347.2764832246;68720.9886504351;84.0219635616644;53359.9249932791
3.1623;8110.01513944368;85038.4538579158;85424.2997051008;84.5522466507621;53362.5420432725
2.5119;9324.57952950751;105886.135222108;106295.91438845;84.967382770543;53365.144092266
1.9953;10471.6603886273;132255.726566417;132669.63812759;85.4729153748399;53367.901140259
1.5849;12027.8083002659;165275.625256136;165712.704631584;85.8376807503714;53373.4772452449
1.2589;13908.4324730543;206467.262067802;206935.194685757;86.1461573265797;53376.2992982378
1;16243.4566813846;257692.826655683;258204.265640124;86.3931793262973;53381.4433932248
0.79433;19325.2230432823;322465.997080136;323044.553457505;86.5703950359711;53384.6254532168
0.63096;23366.3029709537;403460.604612227;404136.66449432;86.6854341800517;53388.1525162079
0.50119;28588.1826622698;504976.199294632;505784.782335316;86.7597767059909;53392.069588198
0.39811;35814.3727609994;632257.491363122;633271.035719345;86.7579318603788;53396.3716701871
0.31623;45327.9253334099;791457.424004239;792754.359701955;86.722167485428;53401.2137591749
0.25119;58506.7442217842;991286.763571695;993011.826088631;86.622263781168;53406.7608621609
0.19953;76512.1517267798;1240742.21280119;1243099.09017288;86.4712418792322;53413.1279801448
0.15849;103184.175495125;1554366.11700515;1557787.21260841;86.2020811511082;53420.4951151262
0.12589;141598.562925994;1945239.29677237;1950386.13477695;85.8366480089357;53429.1022751045
0.1;197171.114137381;2434229.14522101;2442201.46173357;85.3691856936562;53439.4044640785
