Frequency (Hz);Z' (Ω);-Z'' (Ω);Z (Ω);-Phase (°);Time (s)
10000;96.1322036656658;46.2647320832927;106.685641097366;25.6997226322219;25705.5919580996
7943.3;96.7023552863828;56.2343914976579;111.86443717753;30.1788742247998;25706.7839790966
6309.6;96.2837559154344;69.1112646475589;118.519739091714;35.6703078323842;25708.0860010933
5011.9;96.8205631187637;85.8413587542321;129.394591523013;41.5602784509658;25709.3630240901
3981.1;97.7380105971393;107.597434029094;145.361365311185;47.7490130279001;25710.6450490869
3162.3;99.0820150514761;134.530695275382;167.08008163135;53.6283104601738;25711.9420730836
2511.9;98.4376168707961;168.065770614445;194.771834892597;59.6421144932907;25713.2290980803
1995.3;98.7023242539383;213.050638541726;234.803584717455;65.14260429886;25714.541121077
1584.9;102.991394884456;264.016083513057;283.393224643461;68.6894843495766;25715.8181460738
1258.9;105.256331365914;329.902182322428;346.286507380394;72.3045530239833;25717.0751700706
1000;108.339449354779;414.963727578353;428.873328026142;75.3677448154256;25720.9632450608
794.33;113.474340982754;520.530455381006;532.755460826661;77.702065026118;25722.1852620577
630.96;121.003352617145;652.478194778929;663.603500598482;79.4937460557681;25723.4522870545
501.19;132.189889140272;818.454455286891;829.060831404957;80.8252965421838;25724.7593090512
398.11;148.343199949519;1026.61443986917;1037.27668108328;81.7778141395262;25727.5103660443
316.23;172.096801038277;1284.72264263424;1296.19812429455;82.3702848128766;25728.7323870412
251.19;206.81931850012;1606.28426149679;1619.54418255173;82.6631699643618;25730.0744080378
199.53;256.471609290362;2004.76160779714;2021.10039099234;82.7096806942287;25731.2914340347
158.49;328.370165308406;2496.06400715488;2517.57075238785;82.5054806081719;25732.6234570314
125.89;429.423042325828;3097.56041687702;3127.18478595105;82.1072407575751;25734.0154820279
100;569.271386655088;3832.16584299096;3874.21798042532;81.550456271461;25735.3575080245
79.433;756.14151940936;4721.11109515758;4781.28016018667;80.9006858072078;25736.749533021
63.096;997.371642875469;5789.11785789314;5874.40514150917;80.2248221348077;25738.1915600173
50.119;1294.26420158314;7073.94704266743;7191.37306680462;79.6317220140651;25739.883590013
39.811;1643.65327089627;8600.92507902796;8756.56943614222;79.1811098185699;25741.4006190092
31.623;2045.31695073715;10461.841495743;10659.8991041671;78.9380530321456;25743.9946710027
25.119;2476.85540932486;12721.0606794533;12959.945892211;78.9820693923855;25745.5416959988
19.953;2950.08737745938;15492.7918569853;15771.1640362566;79.2189875368165;25747.408729994
15.849;3440.05472096705;18924.6765767284;19234.7955543338;79.69748510303;25749.3157649892
12.589;3986.84570335075;23163.1953491923;23503.7987875827;80.2339492933855;25751.2678029843
10;4557.56186191356;28449.5399403404;28812.2837161894;80.8986571929438;25753.5348429786
7.9433;5197.84262468287;35036.7865750241;35420.2481845449;81.5614978820238;25755.8218849728
6.3096;5831.70550455152;43321.6032169366;43712.3563123462;82.3332590978443;25758.2139319668
5.0119;6576.43844199734;53666.9542763369;54068.3967200787;83.0137100809131;25760.6109739607
3.9811;7370.25347111081;66580.3926178234;66987.0832128996;83.6832435979887;25763.0130189546
3.1623;8283.63225812962;82868.4778781744;83281.4696630253;84.2916080958742;25765.5250669483
2.5119;9455.91795321644;103102.797575242;103535.507204917;84.7598632121272;25768.1221129417
1.9953;10606.6516356361;128709.891301076;129146.185300436;85.2890466976009;25770.784163935
1.5849;12113.8537463089;160663.287007181;161119.326105029;85.6881132956676;25776.1952639214
1.2589;13852.3386907093;200801.582249027;201278.818361284;86.0536909802925;25778.9523149144
1;16051.5301981487;250719.361974838;251232.661273911;86.3368147040468;25783.9964099017
0.79433;18841.2389734316;313652.68768066;314218.078371305;86.562351126068;25787.1034638938
0.63096;22498.6461702392;392465.679783961;393110.034071608;86.7190299459818;25790.5255308852
0.50119;27317.0955188148;491316.753151178;492075.579189416;86.8176447234047;25794.2825988757
0.39811;33602.2521853317;615288.398676178;616205.261984529;86.8740567466527;25798.4346738652
0.31623;42069.8901422431;770273.637239721;771421.643385179;86.8737932223338;25803.2067628532
0.25119;54127.4481241999;965041.18900185;966557.953311927;86.7897449301074;25808.6188628395
0.19953;70828.5516019201;1208579.66554851;1210653.33258509;86.6460294034743;25814.7909798239
0.15849;94698.4693823736;1514614.58286376;1517572.11845991;86.4223445931975;25822.0431128056
0.12589;127609.705010886;1898490.40613262;1902774.30584675;86.1545678471996;25830.605271784
0.1;176825.661272627;2372248.60358632;2378829.70212282;85.7370982282142;25840.7974597583
