Frequency (Hz);Z' (Ω);-Z'' (Ω);Z (Ω);-Phase (°);Time (s)
10000;92.7436454137999;46.0248026255993;103.535820957609;26.3932871348166;55146.7230817679
7943.3;92.9373860848594;55.8600197235291;108.432926437495;31.0079734821402;55148.0351017646
6309.6;93.9995807417259;69.3644515347804;116.821865745849;36.4244688866102;55149.4371267611
5011.9;93.5553458111304;86.2517929703368;127.24768964676;42.6739920077116;55150.8191557576
3981.1;94.7453895949074;106.97380282632;142.898857030472;48.469080410997;55152.1961797541
3162.3;94.4751664785438;133.989992296525;163.947781676884;54.8126724448607;55153.5582057507
2511.9;96.2001165148007;168.756991563623;194.250829133535;60.314648022183;55154.9602307471
1995.3;98.1998172132558;209.819137763869;231.661983658714;64.9194067411463;55156.3622577436
1584.9;98.1187017229468;261.17076935885;278.993638628716;69.4094073239939;55157.6992847402
1258.9;100.425802020607;330.021615696452;344.963198817466;73.0749592475989;55159.0513067368
1000;104.909100363417;415.694134207094;428.727807067896;75.8359765152485;55163.1343817265
794.33;109.848241629363;521.663217841033;533.103319289352;78.1087751368078;55164.5564087229
630.96;117.079346813688;654.410831981058;664.801557206705;79.8566400749431;55165.9134347195
501.19;127.634455522265;821.004749162236;830.86662731356;81.1634590581726;55167.3054597159
398.11;143.011696598546;1030.05959711593;1039.93995931237;82.0956824521683;55170.2915147084
316.23;165.660670232555;1289.43538727915;1300.0334901954;82.6790084527556;55171.6085377051
251.19;198.637334881921;1612.64415399085;1624.8316707308;82.9779665866492;55173.0355657015
199.53;246.341939658303;2012.57138280234;2027.59165566184;83.0216176543436;55174.427589698
158.49;315.140561917624;2509.6266323815;2529.33576413339;82.8426781397024;55175.8746166943
125.89;412.118454997735;3118.22110576445;3145.33694306104;82.4711603193781;55177.3266466906
100;545.462985708561;3858.76140418518;3897.12322658744;81.9541473703369;55178.783671687
79.433;724.18945600785;4759.40188624118;4814.18286762655;81.3482506817115;55180.2606976832
63.096;954.869273663913;5844.71257722095;5922.19895310114;80.7213781409901;55181.8127286793
50.119;1240.39516593711;7144.14350776698;7251.02521215098;80.1502655547548;55184.3997736728
39.811;1584.14787318834;8717.72341382275;8860.48678143817;79.700833309424;55186.0118066687
31.623;1969.05175414005;10624.1925197197;10805.1206150857;79.5001352507601;55187.7188366644
25.119;2393.09562404993;12931.7337022009;13151.2981568545;79.515676452013;55189.3708686602
19.953;2853.92195860012;15781.0757794169;16037.0578131239;79.7491612002855;55191.3579036552
15.849;3329.84505284385;19280.875184355;19566.2979623286;80.2015592929683;55193.3699426501
12.589;3874.47455760393;23633.7455659341;23949.2271811186;80.6898472554065;55195.406978645
10;4419.91551240539;29085.3195720385;29419.2363555618;81.3592250350717;55197.764021639
7.9433;5013.8819744972;35861.1705354813;36209.9787990695;82.0408603957673;55200.161066633
6.3096;5671.79979203576;44346.6053304693;44707.8373131305;82.7116075458352;55202.5781136269
5.0119;6389.73868674802;54983.4667135917;55353.5037041882;83.3712769092475;55205.0901596205
3.9811;7240.50871976092;68319.5946885728;68702.1978173319;83.9503767546373;55207.5672046143
3.1623;8108.73793563947;85020.6821127159;85406.4869773975;84.5519677209024;55210.1692536077
2.5119;9240.14359086139;105889.358753157;106291.752035304;85.0128743076989;55212.7663026012
1.9953;10480.9208145334;132264.458570215;132679.074092309;85.469226484381;55215.5383505942
1.5849;11964.6152164281;165178.059238547;165610.818701829;85.8570357866023;55221.1944585799
1.2589;13856.8576997085;206362.610454915;206827.318067698;86.1584638634425;55224.1265095725
1;16231.7654408322;257590.247796873;258101.154529345;86.3943369835817;55229.2206075596
0.79433;19335.5052791782;322284.099588275;322863.597532807;86.5666425605975;55232.4576645514
0.63096;23344.7021701147;403196.828811608;403872.081088986;86.6863298836401;55236.0397305424
0.50119;28626.0356189287;504664.919983289;505476.143232295;86.7534986166571;55239.8968045327
0.39811;35819.5523730177;632050.066163527;633064.235658217;86.7564021218477;55244.1838835218
0.31623;45224.8658744295;790896.708973511;792188.672450251;86.7272903612261;55249.0759725095
0.25119;58637.3270239592;990679.954210332;992413.778519172;86.6126737279512;55254.5930744956
0.19953;78099.4796252975;1240334.8025337;1242791.19368221;86.3970447606256;55260.8551924798
0.15849;103926.201301534;1554423.11334246;1557893.40797445;86.1749899064608;55268.2423284611
0.12589;141558.578187271;1943129.69628908;1948279.20166974;85.8333166737623;55276.8394874394
0.1;198342.199618458;2432425.58644224;2440498.69119579;85.3383632720651;55287.1616784133
