Frequency (Hz);Z' (Ω);-Z'' (Ω);Z (Ω);-Phase (°);Time (s)
10000;91.4364752394833;45.6096432998978;102.180568437275;26.5105875592661;83804.7887024133
7943.3;90.7451102204744;55.7511332958585;106.502882086348;31.5653453525904;83806.1557274098
6309.6;91.4860260204068;69.5339403541078;114.911539099323;37.2366444063618;83807.647754406
5011.9;91.841787214791;85.3700391201393;125.391217627795;42.9084966029213;83809.1247804023
3981.1;93.0107191615352;107.13643443331;141.877445219559;49.0370500273369;83810.5918083986
3162.3;92.3360707998441;135.522776601741;163.988941543628;55.7321242190289;83812.0688363949
2511.9;93.7011568972152;167.517893249227;191.943094073572;60.7795267388802;83813.5708653911
1995.3;94.9201606175666;208.700224555632;229.271935965211;65.5432089780092;83815.0378883874
1584.9;95.9884487173067;264.452753368118;281.334393651281;70.0506152746009;83816.4549173838
1258.9;96.5093125898;330.635283483667;344.432486999819;73.7279744588702;83817.9019443801
1000;102.163595505507;416.243720242855;428.597987499037;76.2098234825245;83822.1300213695
794.33;106.989513430483;522.516838756269;533.357856197822;78.4281796751533;83823.6270473657
630.96;114.094376755458;655.652485969761;665.505604157879;80.1284373578737;83825.099077362
501.19;124.500593831614;822.099769452315;831.473648889713;81.3884381359035;83826.6311033581
398.11;139.428025118587;1031.09070594773;1040.47499637437;82.2989581360556;83829.6571643505
316.23;161.800824347917;1292.16373577393;1302.25444011872;82.8627439141462;83831.0741863469
251.19;194.190067456683;1615.93394892413;1627.56023224468;83.1475099561525;83832.611214343
199.53;241.007804795644;2018.91435112796;2033.24861223679;83.1925333959499;83834.0882443393
158.49;308.073303391149;2515.52572042643;2534.32018703029;83.0178262806932;83835.5902723355
125.89;402.942772301138;3125.84489538311;3151.70893131685;82.6546892762076;83837.1673003315
100;534.576505443613;3870.2960779449;3907.04028276239;82.1358993168816;83838.6993293276
79.433;711.384352798672;4775.04077839468;4827.74089328941;81.5264129655123;83840.3163573236
63.096;938.430653048032;5866.73368616172;5941.31435247495;80.9120726303794;83841.9833893193
50.119;1221.75933175909;7178.40501225316;7281.63404633066;80.3408581103906;83843.8304243147
39.811;1558.69437198579;8767.69544976782;8905.16769326325;79.9194466167917;83845.5574553103
31.623;1937.65205620508;10681.129729077;10855.4607355141;79.7178545639254;83847.3494893058
25.119;2359.23554672788;13015.102273011;13227.2022567843;79.7256112211605;83849.0865193014
19.953;2811.64266074234;15891.7798134336;16138.587301569;79.9668092528647;83851.1335572962
15.849;3302.36632368083;19414.7386366966;19693.5953971595;80.3466176453959;83853.2655992909
12.589;3802.96956302557;23841.2833241603;24142.6876722577;80.936990440401;83855.4026392855
10;4351.06223389558;29335.3980879818;29656.3201281548;81.563327519834;83857.8596822793
7.9433;4963.34124701366;36212.094614977;36550.6573502906;82.1954940583191;83860.331730273
6.3096;5578.97407957806;44790.3285296817;45136.4429433404;82.899944895954;83862.7987752668
5.0119;6293.79517933693;55563.1027446873;55918.4249096496;83.5374851644861;83865.4058222602
3.9811;7107.73254626633;69062.2247683813;69427.0174493164;84.1239324707722;83868.0178722536
3.1623;8006.32486578704;85981.9289525275;86353.8843611218;84.6801652565939;83870.7349212468
2.5119;9232.27101878922;107227.785850066;107624.499471413;85.078991576794;83873.5219722397
1.9953;10243.7966490334;133719.403762169;134111.201293168;85.6193178981625;83876.3640252325
1.5849;11889.4348753669;167140.88392548;167563.223116072;85.9311635782776;83882.0551322182
1.2589;13883.2394649923;208879.481786784;209340.350266158;86.197411170244;83884.9671842108
1;16339.2037990524;260866.830132735;261378.026322581;86.4160024476234;83890.2512831975
0.79433;19575.5887744055;326444.339795695;327030.748799729;86.5683059018019;83893.5783441891
0.63096;23850.8442226179;408321.788829924;409017.782013693;86.6570442213795;83897.2904141797
0.50119;29445.5578289943;511148.82275647;511996.249870237;86.7030274012751;83901.3774881694
0.39811;36998.1186896598;639643.712907643;640712.83758705;86.6895997688314;83905.7845691583
0.31623;47314.3403861669;801075.251157276;802471.310903306;86.6198353376211;83910.6666621459
0.25119;61568.430143191;1002042.37793962;1003932.06880604;86.4839989631589;83916.2187641319
0.19953;81236.973616661;1254101.74134644;1256730.13154399;86.2937282708407;83922.7308831155
0.15849;110398.231231791;1571522.35489478;1575395.27782495;85.9816172588587;83930.2330220965
0.12589;149461.360354331;1966340.70669721;1972012.79738582;85.6533116787954;83938.9151850746
0.1;210337.552116476;2457596.76435847;2466581.38767314;85.1081654712;83949.3123770484
