Frequency (Hz);Z' (Ω);-Z'' (Ω);Z (Ω);-Phase (°);Time (s)
10000;93.8969768763223;45.9492457831891;104.536957362248;26.0751888671303;52074.6531975241
7943.3;94.2107451139647;56.5921942473033;109.901505652347;30.9931483655119;52075.9402205209
6309.6;95.0940870164167;69.1792680418081;117.595308206944;36.0352273867746;52077.3072455174
5011.9;94.3969449430238;86.5611218427906;128.076582673253;42.5205344069765;52078.6892725139
3981.1;94.6454922118156;107.650827871871;143.340398832695;48.678400124824;52080.0562965105
3162.3;94.9036680787942;133.857127750857;164.086674853625;54.6636541668503;52081.423320507
2511.9;97.294201469373;168.501629741656;194.573792852884;59.9975160899548;52082.8003455036
1995.3;98.1764827573053;211.29998984566;232.994221978511;65.0789677612583;52084.1773715001
1584.9;99.3500817923841;264.02898591034;282.102364671046;69.3794464414483;52085.5093964967
1258.9;101.178845960667;330.544694832531;345.68331483001;72.9807907030641;52086.8464224934
1000;105.432843648854;415.643870617086;428.807546227252;75.7664797985518;52090.9094994831
794.33;110.391568929407;521.602909081853;533.156537288391;78.0503038775549;52092.3115244796
630.96;117.657073883474;654.432370758965;664.924743810923;79.8079629527325;52093.6885494761
501.19;128.262312933899;820.55054581601;830.514550840685;81.115844848131;52095.1105764725
398.11;143.790007506484;1029.40617825067;1039.40013761755;82.0482332411488;52098.1066334649
316.23;166.47583385065;1288.56825920717;1299.27763079816;82.638481575091;52099.4186554616
251.19;199.952424966054;1612.01725399327;1624.37083186747;82.9292246106063;52100.835680458
199.53;247.411497897708;2013.47924325329;2028.62295962158;82.9947484610539;52102.1927074546
158.49;316.788033253394;2507.22809770794;2527.16192436273;82.7988423633628;52103.624734451
125.89;413.133907132817;3115.9298244579;3143.19873634632;82.4473372520978;52105.1267604472
100;548.877937861054;3856.2331343465;3895.09961067781;81.89920355147;52106.5737884436
79.433;728.641626574118;4754.27190666992;4809.7837771076;81.286625714874;52108.0508134398
63.096;962.487627516699;5836.63782872854;5915.46478113662;80.6359437696758;52109.5878414359
50.119;1248.08882098455;7137.27600565291;7245.58034155549;80.0810334500123;52111.3748764314
39.811;1591.53681304253;8702.05003645127;8846.39272608734;79.6355989494452;52112.9919064273
31.623;1977.25631809691;10592.9008364583;10775.8568419636;79.4269217525191;52114.7939414228
25.119;2405.32349299163;12906.0481595213;13128.2771223729;79.4428029172796;52116.4059704187
19.953;2863.33888217485;15738.8643515766;15997.2047755695;79.6890672182346;52118.4230074136
15.849;3358.81020461271;19230.5792524779;19521.7003454219;80.0926652862021;52120.4150444086
12.589;3889.70761725726;23574.0909086368;23892.8354850658;80.6306560316062;52122.4170814035
10;4436.15291595769;28993.3868423588;29330.8017838658;81.3008857594489;52124.7791253976
7.9433;5051.23964515483;35825.0203396712;36179.3740173961;81.9743413149879;52127.1461673916
6.3096;5676.68952764796;44239.6339456989;44602.3543733147;82.6879440848151;52129.5182103856
5.0119;6391.53857725058;54840.3170913059;55211.5218415456;83.3522732570476;52132.0202593793
3.9811;7197.15383021182;68160.0253333486;68538.9529880524;83.9723595341612;52134.5573073729
3.1623;8093.60240989306;84752.1778224625;85137.7592236238;84.5449516521942;52137.1093513665
2.5119;9243.80116055535;105650.917110096;106054.53383095;84.9997074265677;52139.7364003598
1.9953;10475.2036829542;131790.767790934;132206.415756283;85.4554797556343;52142.4784533529
1.5849;12038.0900438047;164784.541486758;165223.668779336;85.8217641642644;52146.7475323421
1.2589;13880.9742655689;205779.168539847;206246.812463883;86.1409202847167;52149.564584335
1;16189.7729173022;256911.142127473;257420.752264374;86.39415914801;52154.6736793221
0.79433;19259.6231233756;321546.239127084;322122.518585128;86.5722556447899;52157.880736314
0.63096;23202.6173776505;402285.926383149;402954.498695724;86.6990124574106;52161.4728053049
0.50119;28477.7694027639;503669.826170423;504474.258158632;86.7639105453605;52165.3148732952
0.39811;35580.5863693061;630520.975787404;631524.092204156;86.7701984345451;52169.6819552842
0.31623;45166.7480334911;789477.47598579;790768.43653298;86.7256239620427;52174.5440452719
0.25119;58283.2020668864;989213.099411997;990928.598684819;86.6281022823465;52180.066146258
0.19953;76470.4867031255;1237811.2356702;1240171.1133904;86.464828676992;52186.403266242
0.15849;102403.951173381;1550016.14905407;1553395.19490191;86.2201684073888;52193.7704022234
0.12589;140799.965516935;1938362.3620219;1943469.39178179;85.8454104854612;52202.4225612016
0.1;196369.486921807;2427118.84271394;2435049.6611057;85.3744789197965;52212.6997531756
