Frequency (Hz);Z' (Ω);-Z'' (Ω);Z (Ω);-Phase (°);Time (s)
10000;95.7036552499026;45.249232603518;105.861620426855;25.3050507607678;37914.0290042763
7943.3;94.6826121391638;55.9916810925469;109.999388148593;30.5984489158099;37915.2660252732
6309.6;96.1545615152706;69.5237207040519;118.656004655175;35.8684838067583;37916.5780502698
5011.9;95.0542892869694;86.1474669391737;128.283685525038;42.1859383051026;37917.8900732665
3981.1;96.5872652369717;107.437058311743;144.470832020301;48.0440602747132;37919.2021002632
3162.3;96.6465501020167;132.671879742232;164.141351648385;53.9280484771854;37920.5641262598
2511.9;96.7736700621111;167.856460426322;193.75483096982;60.0354185632745;37921.8761492565
1995.3;96.6064065679248;213.878395842024;234.684396579587;65.6918543749898;37923.1731722532
1584.9;99.6006591282895;262.511156682075;280.771078783679;69.2225055845787;37924.45019825
1258.9;101.573255416707;329.610463513635;344.906050792996;72.8727164357194;37925.7272192467
1000;106.828120168553;415.573596400957;429.084678454466;75.5835801157963;37929.6952942367
794.33;111.821639786873;521.089474707182;532.952455454736;77.8884647760714;37931.0323192334
630.96;119.20620518866;653.991645384663;664.767020533073;79.6698297184794;37932.3293432301
501.19;129.883612868265;819.673636836424;829.900369813367;80.9959043665134;37933.6763662267
398.11;145.668327793843;1028.52225867365;1038.78645462356;81.9388832431626;37936.5924222193
316.23;168.761502275318;1287.71780014486;1298.72921637274;82.5336689250646;37937.8144442162
251.19;202.323886129776;1610.37163423012;1623.03165564682;82.8389936380397;37939.2114682127
199.53;251.018561362558;2009.0719468127;2024.69266942375;82.8782249793155;37940.4784922095
158.49;320.269386918704;2504.05628597648;2524.45446850119;82.7114277439176;37941.875517206
125.89;419.669805413951;3109.20400111143;3137.39896508294;82.3128685846291;37943.3325442023
100;554.999659962653;3850.1682211712;3889.9640041876;81.7973475252204;37944.6045701991
79.433;737.511439971439;4745.43940204668;4802.40754649019;81.1660606634193;37946.0365971955
63.096;972.753299068489;5824.33703846811;5905.01066201578;80.5182444883248;37947.5086221918
50.119;1260.32709877913;7120.43167917871;7231.11137334842;79.9625224874867;37949.2506531874
39.811;1605.93313979641;8670.89293789551;8818.35617277634;79.5071671415885;37950.8126851834
31.623;1999.71967401772;10555.9981756079;10743.7412598261;79.2730489601525;37952.4947141792
25.119;2429.1137645555;12859.8325385717;13087.2413671201;79.3033417728252;37954.1717471749
19.953;2891.53287274912;15667.407529382;15931.9999072912;79.5433147674999;37956.0587821702
15.849;3378.94299782881;19148.0456385482;19443.8912658578;79.992379682835;37958.0358171652
12.589;3913.01647397956;23456.6933614985;23780.8360109775;80.5291992793122;37960.06785716
10;4479.34926012077;28821.3374156774;29167.3457863836;81.1658911506767;37962.3548971543
7.9433;5096.1591787585;35562.2220436728;35925.5128711996;81.8448863785981;37964.6819401484
6.3096;5769.26728858994;43945.629950039;44322.7124254931;82.5208710054032;37967.1139851422
5.0119;6499.85137803438;54459.0839596039;54845.6004949871;83.1937773201775;37969.5460331361
3.9811;7266.6209911929;67644.1118290495;68033.2980662454;83.868554745406;37971.95307513
3.1623;8158.40110209574;84130.248245;84524.8967956069;84.4611489785584;37974.4151221238
2.5119;9412.54902452537;104824.561336172;105246.305105975;84.8689804256312;37977.0021701173
1.9953;10502.4096855449;130858.311228329;131279.085260117;85.4113979822275;37979.6542171106
1.5849;12072.936590692;163358.873818611;163804.387771536;85.7732749127507;37985.1153190968
1.2589;13984.1851146262;204214.92734004;204693.170335061;86.0826276308737;37987.8573690899
1;16167.8885973054;254707.060263791;255219.684134899;86.3679428059957;37992.9114640771
0.79433;19170.0535182042;318822.350431834;319398.156047855;86.5590794686185;37996.0185230693
0.63096;23007.3596942685;398772.034776564;399435.194142858;86.6979509150831;37999.5705860603
0.50119;28189.5498090468;499295.274058018;500090.413240554;86.7685867337166;38003.3726580507
0.39811;34895.805606774;625009.280752046;625982.682088839;86.804353489418;38007.6497380399
0.31623;44141.603326536;782422.630581549;783666.800362493;86.7709913739402;38012.4418260278
0.25119;56494.245714572;979859.870826569;981487.119760172;86.7002400515056;38017.893927014
0.19953;74540.4439931756;1227682.84666059;1229943.67748094;86.525473741781;38024.1760439982
0.15849;99177.0801908495;1537384.71935535;1540580.3674403;86.3089491791374;38031.4231759799
0.12589;136546.208503355;1924571.69324426;1929409.51316555;85.9417288595631;38039.9453339584
0.1;188853.712532524;2407708.91322856;2415104.12520404;85.5150676552165;38050.1075229327
