Frequency (Hz);Z' (Ω);-Z'' (Ω);Z (Ω);-Phase (°);Time (s)
10000;90.4333518737671;46.011593306867;101.465550063857;26.9665410109286;82435.3423468708
7943.3;90.9263834365687;55.4149874314521;106.482054999337;31.360174142037;82436.7293688673
6309.6;91.6823369798286;69.1445557847667;114.833011406806;37.0226970882577;82438.2213968635
5011.9;91.5188729399491;85.681682087569;125.367678249036;43.1132931144168;82439.6884248598
3981.1;92.7639987613065;107.403420741077;141.917772858344;49.1829303560635;82441.1354518561
3162.3;93.1529060190556;134.195286344011;163.358007996994;55.2331922310856;82442.5974788524
2511.9;92.5724510094234;169.145072087741;192.820419295933;61.3082808075912;82444.1045078486
1995.3;93.333009579968;210.321003288582;230.099924166806;66.0700477779095;82445.561534845
1584.9;96.3362613312035;263.107231523965;280.189383323993;69.8898821765987;82446.9885608414
1258.9;98.3003933426678;332.597757951157;346.820178082908;73.5347768786698;82448.4405888377
1000;102.537593926731;416.172358744298;428.618000498201;76.1589962331609;82452.5636638273
794.33;107.407573385296;522.523060998534;533.447969436379;78.3843240585264;82454.0706918235
630.96;114.402151391486;655.283170622767;665.194622606366;80.0968664231352;82455.5427168198
501.19;124.671129118956;821.807957892174;831.210689350601;81.3738037005262;82457.0597478159
398.11;139.723196461195;1031.27345386478;1040.69568475877;82.2842022157255;82460.185805808
316.23;161.815285957397;1291.85446017001;1301.94935885795;82.8604213632997;82461.5778308045
251.19;194.134670502763;1616.01745343102;1627.63653193362;83.1497968236737;82463.1098568007
199.53;240.758957110094;2018.36382131352;2032.67247499839;83.1976589155636;82464.6068877969
158.49;308.456393619346;2515.73206703905;2534.57159691598;83.0097975108485;82466.1189147931
125.89;402.427239960736;3124.82380837306;3150.63033643071;82.661613527392;82467.6459407892
100;534.721182564129;3872.30764505232;3909.05272937235;82.1378328068279;82469.2129727853
79.433;710.513144353297;4776.76024801156;4829.31334614791;81.5396423190955;82470.7350007814
63.096;939.991689065237;5868.76395559834;5943.56582718169;80.9003045494687;82472.3420287773
50.119;1217.92932846952;7176.67871377034;7279.29043312812;80.3682971004892;82474.2740637725
39.811;1555.60659686788;8761.26718988015;8898.29841355578;79.931776922193;82475.9760977682
31.623;1930.57463838633;10688.3535913375;10861.3084353516;79.7613919371217;82477.7731297636
25.119;2356.8148721564;13026.5756386567;13238.0606287803;79.7447772851096;82479.4951627593
19.953;2804.31600852801;15889.8679012888;16135.4296563833;79.9912450308037;82481.5271997542
15.849;3292.9119676279;19439.913915846;19716.8334750297;80.3859699547951;82483.6192387489
12.589;3778.73759941597;23859.3499959265;24156.7266009564;81.0004970980616;82485.7712797435
10;4341.97691349707;29357.342049362;29676.6961725961;81.5868942669746;82488.2383227372
7.9433;4945.79760904643;36225.936625763;36561.9939062881;82.2256773677087;82490.7253687309
6.3096;5580.24191783658;44845.9103470565;45191.7556056169;82.9070599103374;82493.2124147247
5.0119;6280.55791751963;55619.1323750029;55972.6119982211;83.5574046378702;82495.7844657182
3.9811;7100.65622599259;69124.5171044048;69488.2593231179;84.1349948520198;82498.3515107117
3.1623;7994.84999625321;86061.9326509885;86432.4816147602;84.6926562191986;82501.1085637047
2.5119;9271.25748187065;107134.82988476;107535.240687561;85.0540471872284;82503.8656116978
1.9953;10341.9634280329;133735.047167652;134134.332102117;85.5780186369753;82506.6476636907
1.5849;12047.7845416571;167163.980920536;167597.570476315;85.8777260361053;82511.1317476794
1.2589;13956.0013115044;209073.50236953;209538.777713502;86.1810775362399;82514.058801672
1;16358.7737430623;260894.793483915;261407.158940591;86.4121045933933;82519.227900659
0.79433;19626.3932708785;326279.34396759;326869.09553022;86.5576853187102;82522.5249566507
0.63096;23834.1587879808;408398.739790937;409093.629610577;86.6600055873645;82526.2120266413
0.50119;29377.2512744027;510953.211987693;511797.037635995;86.7094022566762;82530.1491006314
0.39811;36874.0719068442;639517.595205998;640579.777824007;86.7000250583588;82534.5311796203
0.31623;47094.2342304989;800372.407680691;801756.732353613;86.6325759420556;82539.4382726079
0.25119;60876.5375836836;1002771.90581098;1004618.0607136;86.5259366123178;82545.0753765937
0.19953;82625.322493497;1252817.1293562;1255538.81004351;86.2267148234276;82551.5224955774
0.15849;109695.212687048;1570749.41084928;1574575.10185123;86.0051649026431;82558.9696335586
0.12589;149919.963763755;1962048.37943276;1967767.72988319;85.6305244463516;82567.6317945368
0.1;208031.468990012;2454202.48047629;2463003.63525231;85.1548821902453;82578.0039875106
