Frequency (Hz);Z' (Ω);-Z'' (Ω);Z (Ω);-Phase (°);Time (s)
10000;94.0662864686097;45.9028479941146;104.668704510782;26.0116380855484;39061.4862493792
7943.3;94.7897077006793;55.1929948882362;109.687535165638;30.210865505563;39062.7382723761
6309.6;95.5261851355083;70.0380900813278;118.450775045095;36.2482029690779;39064.1252963726
5011.9;94.9391841924006;85.6571705819183;127.869462997302;42.057788558435;39065.4973243691
3981.1;95.8282289392803;107.405520765074;143.940943975145;48.2603533621053;39066.8493473657
3162.3;95.9524116615137;133.415348602327;164.336607444419;54.2762853399383;39068.2163723622
2511.9;97.4278865590504;167.460766883034;193.740294013447;59.8093566579949;39069.5784013588
1995.3;98.3846111168837;210.856139764784;232.679701265767;64.9864359638415;39070.9354243554
1584.9;101.498388436874;263.218765339705;282.109980827055;68.9131272129786;39072.1824483522
1258.9;101.009022339633;331.7547391008;346.791045890532;73.0661347582014;39073.5244713488
1000;106.634279917405;415.537381013556;429.001380735667;75.6074492914886;39077.4975463388
794.33;111.606295864221;521.359982094139;533.171826155258;77.9171901785675;39078.8795723353
630.96;118.940415582124;653.992208185247;664.719964214905;79.6923768988052;39080.2565983318
501.19;129.505537698301;819.756652222127;829.92328148869;81.0225810240231;39081.6536223283
398.11;145.281366749853;1028.42844938495;1038.63937486937;81.9592930672825;39084.6046803209
316.23;168.417800936187;1288.63328020599;1299.59235398129;82.5539380647492;39085.8717003177
251.19;201.866407207611;1610.94132331441;1623.53995747591;82.8575186455203;39087.2787293141
199.53;250.228600030917;2010.75952321037;2026.26953104828;82.9063060761827;39088.6507513106
158.49;319.359878317342;2505.05603801879;2525.33096553566;82.7347740164551;39090.0627793071
125.89;418.16096777774;3112.74055898887;3140.70253009532;82.3487769936957;39091.5298063034
100;553.793582417913;3851.26271910287;3890.87546234506;81.8172256616994;39092.9618302998
79.433;733.822907804922;4746.31231120387;4802.70513518212;81.2111417338434;39094.448858296
63.096;968.028956834586;5827.05646118005;5906.91688303216;80.5677888133901;39095.9858892921
50.119;1258.97989905977;7123.27874724958;7233.68028718812;79.976960343371;39097.6829202878
39.811;1599.68214158716;8686.01577754465;8832.09222335611;79.5649068741953;39099.2799502838
31.623;1990.46030629256;10579.0666791107;10764.691543746;79.3443249290546;39100.9819822795
25.119;2422.45751285322;12856.75533573;13082.9835345154;79.3294843809104;39102.7040132752
19.953;2881.62906694245;15684.6038443093;15947.1183551252;79.589520126908;39104.6810482702
15.849;3382.32552505391;19163.6274414641;19459.8238088803;79.9905445868076;39106.6630852652
12.589;3926.44725209293;23506.2260998927;23831.9041094653;80.5169444217204;39108.8101262597
10;4467.98939538079;28884.68187843;29228.2017314672;81.2069654713933;39111.1771702538
7.9433;5047.97280697856;35618.6294464182;35974.5575803407;81.933599498787;39113.5492132478
6.3096;5733.93454722106;44056.8842409442;44428.4487058885;82.5847246562741;39116.0362592415
5.0119;6460.15018257739;54566.8395497649;54947.9164193806;83.2481991390968;39118.5383072352
3.9811;7287.84615344842;67799.1510768746;68189.717614177;83.8647366606787;39120.995350229
3.1623;8209.03217855842;84307.3247196122;84706.0399894054;84.4386224954197;39123.6073982224
2.5119;9421.59871771184;105150.569634721;105571.818289276;84.8799122119672;39126.2544472157
1.9953;10529.8536475801;131154.154552451;131576.175937013;85.4097918656433;39129.0064992088
1.5849;12060.4023366703;163651.792688752;164095.589687123;85.7851775575016;39133.2255801981
1.2589;13986.7704113833;204761.7734619;205238.918380026;86.0923370505286;39136.2076311906
1;16154.111953953;255391.204848886;255901.588207628;86.3807248543923;39141.2367281779
0.79433;19107.4275786674;319475.644902721;320046.530171292;86.5772903103913;39144.4337831698
0.63096;23001.7875273119;399716.422088606;400377.697077108;86.7065313603217;39147.940851161
0.50119;27994.5726071776;500356.500598882;501139.026405864;86.7976825575923;39151.7929211512
0.39811;34771.9580707202;626519.213683741;627483.397535716;86.8233302747735;39156.0500011405
0.31623;43993.3357969425;784894.648823525;786126.594987313;86.7919289184218;39160.8970891282
0.25119;56384.4549021114;982604.404646448;984220.820133983;86.7158172654502;39166.4041931143
0.19953;74339.7730415986;1230298.74285765;1232542.65586753;86.5421546207125;39172.7363080983
0.15849;99020.9719306035;1540247.99906352;1543427.69558579;86.3215749689458;39180.0734460798
0.12589;136480.026570302;1928848.51686655;1933670.96442774;85.9526533854139;39188.725604058
0.1;188397.121435948;2415050.60279948;2422387.84868309;85.539413056629;39199.017797032
