Frequency (Hz);Z' (Ω);-Z'' (Ω);Z (Ω);-Phase (°);Time (s)
10000;89.9757017363858;45.7452766733522;100.936897321429;26.9496084531891;79058.9178303954
7943.3;90.7696374630284;55.7537214349054;106.525135714584;31.5596256871299;79060.3248553919
6309.6;91.7765222983524;69.6416324046762;115.20801625394;37.19186357255;79061.7768793882
5011.9;90.1945225265257;85.9168331690826;124.566263954539;43.6085771611852;79063.2239093845
3981.1;93.4906494639845;107.016472266596;142.102170544946;48.8592157021806;79064.6709343809
3162.3;92.6251472397705;134.520462414534;163.325358439556;55.4503324201908;79066.1679603771
2511.9;94.1032137140083;168.196704688833;192.731798879912;60.7737244601179;79067.6349903734
1995.3;96.0039709707268;209.646656298629;230.582919877738;65.3954277165929;79069.0970143697
1584.9;96.0992055157199;262.131422344188;279.191582754458;69.8667118321765;79070.5140443661
1258.9;98.2045701463721;330.771068083557;345.041500516635;73.4640622645024;79071.9610703625
1000;102.174234879571;416.056865611697;428.419058511471;76.2024849385549;79076.129147352
794.33;107.05767229263;522.316608581467;533.175379023415;78.4166878738843;79077.6061753482
630.96;114.111320868009;655.268422026372;665.130136480954;80.1213274189362;79079.0732023445
501.19;124.497702692749;821.922406952606;831.297853375393;81.3868047363874;79080.5652293408
398.11;139.535510719594;1031.04243213583;1040.44156761268;82.292736194226;79083.651290333
316.23;161.692739300568;1290.89977127862;1300.98684137455;82.8605508909438;79085.0083113296
251.19;194.102363228507;1615.18700887316;1626.80816356555;83.1474380239789;79086.5303383257
199.53;240.899381238389;2017.00879628258;2031.34364305066;83.1891991072491;79087.992366322
158.49;308.656798534385;2513.06858955287;2531.95236034937;82.9979611501065;79089.574396318
125.89;403.191869955592;3125.62937026647;3151.52703372042;82.6496968115543;79091.1014253142
100;534.999493152679;3868.42606729533;3905.24579198335;82.1259979406601;79092.5484523105
79.433;711.992254402291;4772.50456598548;4825.32204134409;81.5148360081548;79094.1554783064
63.096;939.315453155831;5861.72278757446;5936.50634286758;80.8960014076654;79095.7775093024
50.119;1222.16177047754;7175.74367333871;7279.07800883307;80.3342204821346;79097.6795442976
39.811;1557.81546008894;8756.62728333889;8894.11661644973;79.9125411565243;79099.3965772932
31.623;1934.09530591842;10674.7394072285;10848.5384298814;79.7303133851787;79101.2086102887
25.119;2354.16966927775;13003.4462852274;13214.8299317298;79.7382093246963;79102.9256412843
19.953;2804.64387322593;15870.8405404139;16116.74926016;79.97834090902;79104.9626792792
15.849;3283.64194409175;19411.2761607072;19687.0502260811;80.3986503452843;79107.029719274
12.589;3800.95367866431;23819.4990807579;24120.8578895025;80.9335681402164;79109.1517592686
10;4345.70147066863;29333.21514629;29653.3747167284;81.572954587681;79111.5988032624
7.9433;4922.2855742015;36188.6979972696;36521.9216089677;82.2543215525502;79114.0658502562
6.3096;5562.85997366068;44754.5485469898;45098.9470689885;82.9146414760648;79116.6728972496
5.0119;6289.79153374465;55554.2403371219;55909.1682729467;83.5405398028923;79119.269946243
3.9811;7111.40459848253;69026.1333390987;69391.4919792791;84.1178655638046;79121.8519942365
3.1623;8033.34157800566;85968.9734537363;86343.4941011662;84.6615176648641;79124.5540432297
2.5119;9136.91794328253;107085.239304778;107474.330639757;85.1231191397834;79127.3410932227
1.9953;10351.1032044519;133559.354990254;133959.869524279;85.5683273146411;79130.1581472156
1.5849;11931.9697247455;167016.298655164;167441.977765383;85.9136206897597;79135.8992562011
1.2589;13967.0561728072;208784.518552514;209251.174059644;86.1727871154351;79138.9163101934
1;16312.5513790255;260719.967453201;261229.785363943;86.4198231156238;79144.1704071802
0.79433;19501.2367470199;326124.770802621;326707.306875321;86.5779671827479;79147.4624681719
0.63096;23736.8289643009;408182.428419258;408872.023889533;86.6718553735407;79151.1445341626
0.50119;29266.6517831394;510885.684258596;511723.283901534;86.721331265776;79155.1516101524
0.39811;36759.4712617553;639545.43817947;640600.988309895;86.7104013707397;79159.5186901414
0.31623;46931.5996627117;800696.969867615;802071.201703491;86.6455355081813;79164.4657831289
0.25119;60089.4454725053;985837.413294337;987667.022284364;86.5119832498685;79170.0678861148
0.19953;74953.5637611848;1254249.70970354;1256487.314306;86.5800896520002;79176.5150040985
0.15849;106640.283724292;1571944.23275797;1575557.30489686;86.1190158102212;79183.9671440797
0.12589;151882.2865724;1970336.63619451;1976181.84611254;85.5921039987323;79192.6993030577
0.1;190750.591892217;2464814.35656256;2472184.37836342;85.5747323894756;79203.0564970315
