Frequency (Hz);Z' (Ω);-Z'' (Ω);Z (Ω);-Phase (°);Time (s)
10000;97.8756111032591;46.5053645588954;108.362282098487;25.4146191091161;5427.1744912977
7943.3;97.8868854357848;55.9813584876734;112.764155822867;29.7651724700361;5428.30650729484
6309.6;99.5013393550067;68.9534483533346;121.058228027905;34.7215781092293;5429.50853029181
5011.9;99.4657440960634;86.7118929303765;131.956002607508;41.081151312611;5430.71055228877
3981.1;99.7855571039883;107.167888880343;146.431259687345;47.0429579352127;5431.90757528575
3162.3;101.540164389067;133.51904000474;167.743074455985;52.7473009286872;5433.09959828274
2511.9;101.794711730799;168.116662253762;196.533395288694;58.8050765886928;5434.30162127971
1995.3;103.421570474832;210.548733195056;234.577898126664;63.8397220517061;5435.48864027671
1584.9;103.343386030012;262.335156515734;281.956716146793;68.4987106021213;5436.57066327398
1258.9;106.925336698032;328.909493372069;345.85326723664;71.9911509777111;5437.73768427103
1000;111.468520238162;413.690110494267;428.444557118939;74.919836596882;5441.59575826129
794.33;117.024851617048;519.06782092999;532.096061459771;77.2949719087703;5442.73777725841
630.96;125.066012896371;650.817494413619;662.72537194272;79.1222155419169;5443.94979725535
501.19;136.838076988443;815.813868897108;827.210328754883;80.4782996888369;5445.17182225226
398.11;154.052782853826;1022.95875267395;1034.49353288324;81.4358795330455;5447.9278732453
316.23;179.252281332066;1279.74675165486;1292.23957869039;82.0265371024777;5449.05489224246
251.19;216.006294376305;1599.07508155886;1613.5984121437;82.3069369156634;5450.3069152393
199.53;268.474019298077;1994.3915900927;2012.38070793539;82.3332457297831;5451.52394123623
158.49;345.190324738086;2480.80386237631;2504.70440648673;82.0784669946431;5452.76596223309
125.89;450.772602768453;3076.32297666375;3109.17336219066;81.6637923835027;5454.03798522988
100;598.027099264183;3799.71424443626;3846.48732622716;81.0557374765663;5455.32000722664
79.433;794.213471065885;4672.43551593848;4739.45447158487;80.3531532490613;5456.61703322337
63.096;1044.02472318186;5718.56397336888;5813.08537182514;79.6535923897445;5457.96405821997
50.119;1354.46387194723;6968.75258343674;7099.16086235313;79.0009856343384;5459.52608621602
39.811;1719.56203439003;8461.64627994789;8634.60198023461;78.5128705589703;5460.95811421241
31.623;2134.30764804645;10265.9756369176;10485.4911622821;78.2554479868422;5463.18215920679
25.119;2583.66789416709;12453.0948245874;12718.2903920895;78.279019723059;5464.65918320306
19.953;3078.59816853792;15133.3583744168;15443.3254958852;78.5011575371615;5466.44121419856
15.849;3601.38381327673;18438.1811292915;18786.6039700392;78.9480144783777;5468.26325019396
12.589;4167.49850485234;22543.4186908527;22925.3957448728;79.526237876805;5470.13028318925
10;4752.47749829161;27618.7459979061;28024.652948228;80.2364817855932;5472.31232418374
7.9433;5379.04731120533;34009.7258816862;34432.4789192358;81.0124317095349;5475.46138617579
6.3096;6074.96253403072;41965.3205462175;42402.7510703805;81.7629971654529;5477.57842217044
5.0119;6824.82191791281;51866.9112558417;52314.0007783058;82.5038944220664;5479.90046316458
3.9811;7639.35516462421;64287.804127461;64740.1074053948;83.223289041184;5482.22750615871
3.1623;8584.7549983779;79915.4762252732;80375.2533973883;83.8686317579782;5484.67955115252
2.5119;9747.39611389549;99431.2658596157;99907.8993946262;84.4010985458154;5487.15159914627
1.9953;10775.8481520045;123958.488630574;124425.985256181;85.0317047276124;5489.73364713975
1.5849;12255.5658553503;154841.497586527;155325.748893328;85.4745246997754;5493.8727261293
1.2589;13787.027674268;193294.675626027;193785.741883819;85.9202033142478;5496.5297731226
1;15982.0331027329;241362.394922762;241890.948704055;86.2116375246024;5501.5588681099
0.79433;18544.2239761139;301690.025509013;302259.424558615;86.4825796288018;5504.58092010227
0.63096;21888.2085161926;377614.957233993;378248.793255019;86.6825989510585;5508.00298609363
0.50119;26071.0784297889;472680.145267003;473398.585612724;86.8430009682882;5511.76005408414
0.39811;31764.2569732274;591811.901916223;592663.728661336;86.9277176748861;5515.84713107383
0.31623;39361.999602701;741306.478580729;742350.767628407;86.9605546759029;5520.54421606197
0.25119;49606.0559170734;928881.114605668;930204.754801176;86.9430746165398;5525.85631504855
0.19953;64225.6652049969;1163848.31763586;1165619.08123317;86.841400266485;5531.94842703317
0.15849;84021.8419200155;1457718.13004337;1460137.60193235;86.701161795524;5539.05056001524
0.12589;113677.875623551;1826531.70353466;1830065.7702453;86.4386753398653;5547.49271599393
0.1;155525.869409236;2289654.16651955;2294930.17286275;86.1141253698746;5557.62490596835
