Frequency (Hz);Z' (Ω);-Z'' (Ω);Z (Ω);-Phase (°);Time (s)
10000;95.0657310980947;45.699090909132;105.479382531073;25.674080291546;38486.465602831
7943.3;94.9980309178878;56.1679474092655;110.360609795552;30.5938638167281;38487.6926258279
6309.6;95.0205463538096;69.0095564911053;117.436038405915;35.9893777554415;38489.0146488246
5011.9;95.8869336018905;86.0360159585821;128.827404218197;41.9005266559418;38490.3466758212
3981.1;96.8044494784684;106.76310241054;144.116138843478;47.8007128190261;38491.6786978178
3162.3;97.1731992910875;133.96249583485;165.49495747837;54.0437641614069;38492.9807248146
2511.9;97.223550724178;167.771836122218;193.906698727087;59.9077664823491;38494.3177478112
1995.3;99.7200731497001;210.779303479676;233.178060212274;64.6810834374247;38495.6247718079
1584.9;99.6297060310557;261.095524112163;279.458317169555;69.1139781045531;38496.9067948047
1258.9;105.558884762546;331.488898377995;347.890166432122;72.3365130408286;38498.2038188014
1000;106.653254003302;415.284859162933;428.761508113158;75.5966056231062;38502.2518967912
794.33;111.765273745711;521.360016711481;533.205160741013;77.9004863795387;38503.5839207878
630.96;119.051881765921;653.69505527159;664.447571926133;79.6783352849919;38504.8909417845
501.19;129.774380422444;820.120698089527;830.324845616992;81.0081769956657;38506.2379697811
398.11;145.406658114666;1028.20779783369;1038.4384294459;81.9507451660629;38509.1490227737
316.23;168.58021335631;1287.30571901117;1298.29707791943;82.5392385194397;38510.3810457706
251.19;201.904820675537;1610.18276731417;1622.79206948011;82.8528428765469;38511.7230687672
199.53;251.026974351133;2010.28387642644;2025.89629687011;82.8822383003328;38513.0450927639
158.49;319.868399484762;2503.31101454988;2523.66436527437;82.7183113530007;38514.4071177605
125.89;418.82509779283;3112.03732884126;3140.09407480773;82.3350584042554;38515.8491457568
100;554.543692233851;3848.86143454058;3888.60554040778;81.8012500088906;38517.2261727534
79.433;736.088350070847;4746.55750644708;4803.29410104349;81.184882746378;38518.6481997498
63.096;971.122013931902;5821.82759441965;5902.26689544697;80.5298507672134;38520.1052257461
50.119;1259.35431320619;7122.60492598629;7233.0819308145;79.9731107693031;38521.8572557417
39.811;1605.15791835296;8671.79726084259;8819.10424453687;79.5131893089779;38523.3942847378
31.623;2000.75136243942;10560.2807933692;10748.1410694643;79.2718946288757;38525.0313167336
25.119;2434.74150547402;12852.2683331146;13080.8549989998;79.2729702560966;38526.6233467296
19.953;2890.37585513943;15668.7367758657;15933.0971482427;79.5482738630682;38528.5053817249
15.849;3381.33400095176;19129.7774701152;19426.3173474058;79.9760717696943;38530.4874167199
12.589;3907.19581636754;23447.2926528097;23770.6060480994;80.5393094982258;38532.4594557149
10;4478.96252317496;28833.8448153912;29179.6455105621;81.1704131384597;38534.7464967091
7.9433;5069.61922663263;35519.4246327001;35879.3891439237;81.8771447238211;38537.0785407032
6.3096;5779.39312631036;43935.123080088;44313.6144426397;82.5061217873412;38539.5005826971
5.0119;6465.89600351188;54457.6332512486;54840.1461564037;83.2288235160251;38541.917628691
3.9811;7291.95332665463;67620.8725419267;68012.9030894109;83.845245174595;38544.4246776847
3.1623;8162.15237157627;84088.4955742698;84483.7015008269;84.4558837005376;38546.9867216782
2.5119;9402.1563487612;104776.72152334;105197.72771874;84.8722878287477;38549.5837716717
1.9953;10590.8548075724;130811.924496874;131239.955029446;85.3712889084081;38552.2658196649
1.5849;12007.2924586482;163224.030219774;163665.082144522;85.7927138316778;38557.7869256509
1.2589;13833.3356066963;204014.197980558;204482.650001554;86.1209542471542;38560.553972644
1;16154.2920604944;254712.533007837;255224.284940215;86.3710668169766;38565.5880676313
0.79433;19123.5903727815;318712.911261454;319286.127969095;86.5662235237712;38568.7201266233
0.63096;22907.2886726345;398744.106606544;399401.560372243;86.7120519087053;38572.2821906144
0.50119;28013.3905983331;499140.484920435;499925.968258724;86.787743987937;38576.0892636047
0.39811;34730.6702974174;625117.840918661;626081.89120443;86.8199961456253;38580.3113405941
0.31623;44046.8499649221;783189.041954137;784426.669886276;86.781054504153;38585.1234275819
0.25119;56922.0183947442;980672.080187264;982322.67867384;86.6780576056287;38590.5955315681
0.19953;74504.5843900403;1228641.18515082;1230898.08471049;86.529843363509;38596.9226485521
0.15849;99748.9587824403;1538682.97556058;1541912.82310581;86.2908485145445;38604.2347815337
0.12589;136372.171319696;1925883.69834956;1930705.93014033;85.9496361304405;38612.7469415122
0.1;189478.088787178;2412199.65665202;2419629.95717994;85.5086433412161;38622.9941314863
