Frequency (Hz);Z' (Ω);-Z'' (Ω);Z (Ω);-Phase (°);Time (s)
10000;91.2419286289144;45.6251637955212;102.013455540394;26.5671608046578;75700.6466478742
7943.3;90.9490017880804;56.0434979113851;106.82974578455;31.6417057001451;75702.0336718707
6309.6;91.3102602849354;69.9717199731806;115.037407956316;37.4632097559043;75703.4706998671
5011.9;92.5804400329737;85.7745348584356;126.207799706991;42.8146921064362;75704.9227258634
3981.1;91.9513865045383;107.130409401709;141.180671831114;49.3600899227796;75706.4197548597
3162.3;92.8744964934693;133.918672818741;162.972031430084;55.2581438310673;75707.886779856
2511.9;94.0516917439144;166.513174120492;191.239007201914;60.5409210936677;75709.3838078522
1995.3;94.6957797051598;211.309128745132;231.557419628469;65.8610063819689;75710.8458358485
1584.9;97.8296690457626;265.03924747919;282.518046945569;69.740195736965;75712.247861845
1258.9;98.251132349869;331.035345476215;345.308101501527;73.4691365140502;75713.6598888414
1000;102.718339135472;416.176124927592;428.664932265862;76.1356595594153;75717.7179658311
794.33;107.626307107958;522.351987116005;533.324498242614;78.3576059704324;75719.1999918274
630.96;114.711596302058;655.337332242089;665.301262103376;80.0714162863825;75720.6620168237
501.19;125.0559516486;821.835705854577;831.295927128377;81.3478672876131;75722.12904382
398.11;140.182893958035;1030.67299841556;1040.16252259989;82.2546690760626;75725.1801038123
316.23;162.405003099931;1291.08613858157;1301.26046672807;82.8304522449486;75726.5471268088
251.19;194.885491881;1615.08677815646;1626.80227929564;83.119632162203;75728.054154805
199.53;242.503107876108;2016.50667055085;2031.03592033859;83.1425971844998;75729.4311788016
158.49;309.343655869699;2513.58557179559;2532.54929353128;82.9839635582917;75730.9082067978
125.89;404.904042916624;3122.59879214616;3148.74109775365;82.6117423502316;75732.430234794
100;536.900299922594;3866.47141165898;3903.57055901813;82.0944309545904;75733.9672647901
79.433;713.872487576009;4771.90699681335;4825.00884089907;81.4917060625879;75735.5192947862
63.096;944.253940795164;5858.43176179752;5934.04063116737;80.8438909328048;75737.1313237821
50.119;1226.80663505899;7166.15028258092;7270.4033170354;80.2854416811948;75739.0183597774
39.811;1560.10030333603;8742.91248152958;8881.01523566731;79.882530840592;75740.6803887732
31.623;1937.92461359078;10671.1581612349;10845.6981476552;79.7070350416153;75742.4624207687
25.119;2365.9701761967;12996.0895361664;13209.6993950167;79.6821600056885;75744.1694527644
19.953;2814.50900970454;15850.4038225717;16098.3465705116;79.9311078844544;75746.1964897592
15.849;3291.19366759281;19381.3284950074;19658.785567501;80.3623909781855;75748.273527754
12.589;3826.12513580464;23802.6677720081;24108.2190677667;80.8681894483571;75750.3705657487
10;4360.3752620526;29276.0899945101;29599.0256223507;81.5286513850899;75752.8026137426
7.9433;4938.22305531626;36128.0024994999;36463.9357660131;82.216653756081;75755.2596597364
6.3096;5590.12706402754;44749.4789522375;45097.2880236575;82.8794689114482;75757.7317037301
5.0119;6311.16191135054;55421.3954654497;55779.5826446295;83.5033765796257;75760.3087507236
3.9811;7097.64402888637;68872.4344262607;69237.1921337107;84.1161581140809;75762.915801717
3.1623;7968.77101046434;85772.2187434418;86141.5974984795;84.692103600466;75765.5878487103
2.5119;9203.02273423988;106830.07104699;107225.741813017;85.0763324536611;75768.3398997033
1.9953;10212.582772294;133429.26123775;133819.522497029;85.6231545165979;75771.1369516963
1.5849;11925.0633891462;166655.895253431;167081.999507899;85.9071759568387;75775.4910366853
1.2589;13914.5083873431;208415.605199171;208879.577829423;86.1804144372184;75778.383087678
1;16296.494120037;260187.584388224;260697.439171127;86.416038775504;75783.537184665
0.79433;19466.0691752118;325488.214555096;326069.786492705;86.5774591293666;75786.8592436566
0.63096;23628.1599248547;407240.120393345;407924.999968647;86.679409218336;75790.4863096474
0.50119;29253.7157568804;509830.366049087;510668.955421543;86.7160084744926;75794.4283816375
0.39811;36583.4562298861;638143.385826869;639191.15305541;86.7189412966365;75798.8104636264
0.31623;46877.3932711059;799197.863841084;800571.4931023;86.6431305393393;75803.7525546139
0.25119;60858.2881906737;999630.608895188;1001481.44540059;86.5160885144754;75809.4346615996
0.19953;80780.7399296469;1252438.59302633;1255041.01815254;86.3096048931163;75815.9017825832
0.15849;108557.882750667;1567140.84565786;1570896.31867815;86.0373770443135;75823.3989225643
0.12589;148410.968501018;1960142.6665398;1965753.05894742;85.6701473654859;75832.1360835423
0.1;206113.742460597;2452387.77204508;2461034.06301241;85.1958011743733;75842.528275516
