Frequency (Hz);Z' (Ω);-Z'' (Ω);Z (Ω);-Phase (°);Time (s)
10000;96.6475035302929;46.0750457585595;107.068435032419;25.4886742074617;19490.3558797916
7943.3;96.5950286468043;55.9392399617861;111.623465842892;30.0756025158287;19491.5378977886
6309.6;97.4385646956489;69.133393619556;119.47259101277;35.3559871083756;19492.8099217854
5011.9;97.4830026300601;86.3839413672245;130.250225058955;41.5455528941696;19494.0669467822
3981.1;97.9502890468353;106.97867494204;145.047219955134;47.5226015415672;19495.338971779
3162.3;99.6714629493295;133.31225970988;166.452873557095;53.2162202830021;19496.5809947759
2511.9;99.2854565607508;167.484917334809;194.701821817683;59.3404371563499;19497.8330157727
1995.3;101.034946260832;208.614804226332;231.793435861156;64.1584709734504;19499.1000377695
1584.9;102.568480682131;263.468508476014;282.729461124971;68.7290008071444;19500.3270617664
1258.9;104.230541764858;331.649749600219;347.642865950797;72.5531632495826;19501.5840857632
1000;109.124516074137;414.687152118724;428.804843886764;75.2569129249332;19505.4971597534
794.33;114.279066538187;520.247410447447;532.65098622467;77.6110042984842;19506.7791837501
630.96;121.874262185644;652.704527056897;663.985342777883;79.4234157536817;19508.0362037469
501.19;132.999834653518;818.155927241441;828.895697478377;80.7667367070574;19509.3282297437
398.11;149.001246246204;1025.90548076196;1036.66939129133;81.7362146364096;19512.1242827366
316.23;173.067139584565;1284.45517004582;1296.06223564357;82.3261983354886;19513.3313017336
251.19;207.557072663375;1605.84278109083;1619.20072134189;82.6352831568099;19514.6383247303
199.53;257.642615483591;2003.24253271905;2019.74264751919;82.6712619334154;19515.9003497271
158.49;329.98590783198;2494.80738179014;2516.53622497318;82.4652763916107;19517.1973737238
125.89;430.920851413923;3096.68377609237;3126.52253938733;82.0778463028602;19518.5393977204
100;570.606569529368;3831.23498937131;3873.49369445376;81.5288977508033;19519.8664227171
79.433;756.945896508545;4718.1126566706;4778.44683252586;80.8854765504859;19521.2484477136
63.096;999.915209356275;5788.68844523573;5874.41438289024;80.1996626866354;19522.67547571
50.119;1298.48816931047;7064.73290173743;7183.07194024469;79.5853521636229;19524.3625077057
39.811;1647.69193684075;8596.43875899294;8752.92225807165;79.1496306629159;19525.849533702
31.623;2051.62426030794;10455.0598350055;10654.456262946;78.8977674407011;19528.1535766962
25.119;2492.46259931634;12709.2586034069;12951.3560702061;78.9043186117246;19529.6706056923
19.953;2966.77070936561;15470.975952358;15752.8672107775;79.1445360171009;19531.5276376876
15.849;3478.61681514819;18881.2083826574;19198.9792680747;79.5610587041621;19533.4446746828
12.589;4027.74892239079;23123.6522406767;23471.8140400262;80.1191761212577;19535.3717106779
10;4594.40710210607;28371.5055890697;28741.1013360743;80.8015233299212;19537.6187516723
7.9433;5234.029468566;34944.3253259405;35334.1327467222;81.4814527620445;19539.8957926665
6.3096;5918.56380963717;43246.4421242691;43649.5607535345;82.207103088418;19542.1728386608
5.0119;6629.87741034084;53428.3274651642;53838.1040732394;82.926372606107;19544.5298796548
3.9811;7479.92636108183;66363.1219485874;66783.3306531674;83.5692134059246;19546.8919256488
3.1623;8411.3685308951;82471.9434694139;82899.7743072002;84.1765017144301;19549.3889716425
2.5119;9526.95188219209;102598.694827142;103040.064986386;84.6949290291708;19551.9560166361
1.9953;10698.1198965655;128078.477200392;128524.496074844;85.2252903367346;19554.5930676294
1.5849;12201.6773029965;159895.2546095;160360.136491721;85.6361912812695;19558.8171446187
1.2589;14083.2547859821;199672.394473941;200168.437023233;85.9655064663825;19561.5991946117
1;16233.4166634606;249314.966613756;249842.903429711;86.274611239794;19566.643289599
0.79433;19026.356578148;311800.855017211;312380.817967593;86.5080920102157;19569.7753465911
0.63096;22704.4489579485;390106.286951009;390766.435509995;86.6691045399263;19573.2674105823
0.50119;27430.5399949348;488201.146526769;488971.158653009;86.7841054502505;19577.0194805728
0.39811;33609.2620102423;611430.069858692;612353.094889116;86.853715589557;19581.2015575622
0.31623;42162.3918816924;765639.98071225;766800.004795409;86.8480098961171;19585.9636455502
0.25119;53651.5486788942;958964.529539273;960464.188603679;86.7977898103843;19591.3657465366
0.19953;69811.3960594439;1201742.15349667;1203768.18138319;86.6753200756328;19597.5928645208
0.15849;91995.8742696425;1504747.57297248;1507557.12968007;86.501457833632;19604.8399975025
0.12589;126062.873114576;1884567.74378931;1888779.34892063;86.1730607098136;19613.3121544811
0.1;174837.944362388;2357546.1112814;2364020.29889909;85.7586527153382;19623.4643404555
