Frequency (Hz);Z' (Ω);-Z'' (Ω);Z (Ω);-Phase (°);Time (s)
10000;95.9424361666389;45.8064604588621;106.316428069038;25.5215317544989;16461.395796439
7943.3;97.7951027309475;56.7503227083408;113.06848033673;30.1265165662634;16462.577814436
6309.6;96.5172147670393;68.9069268942406;118.59062914242;35.5243340857095;16463.8548404328
5011.9;97.5537013250805;85.8341589549374;129.939322322861;41.3434414295115;16465.1368644295
3981.1;98.2546362709122;107.484128017577;145.625586091277;47.5685806947943;16466.4188864263
3162.3;99.7433146716131;132.972359865849;166.223877075386;53.1262294753009;16467.6809104231
2511.9;98.9252737868284;167.335033016419;194.389359452633;59.4092319135518;16468.9829344198
1995.3;99.9152169462781;209.690996389559;232.278635574321;64.5227665852267;16470.2399564166
1584.9;103.424648409538;262.803281053738;282.422064349169;68.518180464362;16471.5069824134
1258.9;108.248797816919;331.059985895077;348.308076980217;71.8934775386218;16472.7490064103
1000;109.453680314593;414.557222456778;428.763103386343;75.2099562391173;16476.7270804003
794.33;114.745731509853;519.946298701576;532.457262541511;77.5550058592998;16478.024102397
630.96;122.436359284295;652.143840115744;663.537678113083;79.3668173605171;16479.2911263938
501.19;133.742799856682;817.450883680144;828.319433396895;80.7081856960615;16480.5831493905
398.11;150.2167749659;1024.80245756442;1035.75342457133;81.6609021816985;16483.4342043833
316.23;174.581714332784;1283.53655317773;1295.35510896539;82.2543803197861;16484.6212223803
251.19;209.827867287937;1603.14118004523;1616.81457720031;82.5432036738297;16485.943248377
199.53;260.429659421927;2001.18837747764;2018.06306384568;82.5853405708126;16487.2152713738
158.49;334.399374057529;2490.25601987933;2512.60780582949;82.3518944875788;16488.5272973705
125.89;436.580509049514;3090.95942566981;3121.63942697086;81.9604769559594;16489.899321367
100;578.842060912226;3819.62088481149;3863.23204521411;81.3827149990833;16491.1463433639
79.433;768.551014095211;4704.22979796202;4766.59717757863;80.7213065170661;16492.5583713603
63.096;1011.55190791083;5766.88513636007;5854.9296698055;80.0511307019163;16494.0003983567
50.119;1313.3274363823;7031.66341083942;7153.25934651417;79.4205691784342;16495.6024263526
39.811;1669.7977921547;8554.59723792376;8716.04030335895;78.9551364845959;16497.0894553489
31.623;2081.36412381298;10399.9738692163;10606.2025766189;78.6828138107362;16499.403501343
25.119;2517.1484338243;12628.8488206195;12877.2613071245;78.7276821538384;16500.9555253391
19.953;2994.02599700791;15368.9009689453;15657.8194096115;78.9762414339281;16502.8125613344
15.849;3504.49006703871;18738.4409578645;19063.3318221487;79.406835685425;16504.7145963296
12.589;4045.50165142495;22942.5005158414;23296.4463713044;79.9997098240592;16506.6566323247
10;4628.50833558761;28170.3664940812;28548.0759040509;80.6694314084976;16508.908674319
7.9433;5256.58463779122;34683.5113491641;35079.5900996841;81.3819179366748;16511.1757143133
6.3096;5917.20082155158;42801.4614702619;43208.5450987751;82.1288862570453;16513.4677583075
5.0119;6642.48787587941;52997.8159503407;53412.4624098852;82.8560785989438;16515.8698013014
3.9811;7467.8176504467;65750.5481679561;66173.2792360106;83.5202260610412;16518.2518472954
3.1623;8352.49551910031;81698.7806569024;82124.630545417;84.1626325823114;16520.7638922891
2.5119;9415.93246795036;101720.310353254;102155.182553815;84.7113791037224;16523.3459422826
1.9953;10686.0584627809;126776.419971518;127225.989900903;85.1818944747074;16525.9829892759
1.5849;12042.0314091631;158333.02057293;158790.289136984;85.6507376199996;16530.2520702651
1.2589;13663.5669787532;197858.907263384;198330.129445939;86.0495900020442;16532.9691182583
1;15977.2883267448;247049.448709773;247565.554651851;86.2996958038608;16537.9282132457
0.79433;18697.7167302605;308919.616909394;309484.950074106;86.5363322410627;16541.0702692378
0.63096;22217.5229355775;386657.000177206;387294.789677616;86.7113693301651;16544.542335229
0.50119;26778.7197525348;484151.926285989;484891.933896634;86.8341634307804;16548.2894042196
0.39811;32846.7816322196;605956.842193586;606846.443233226;86.8972346406752;16552.4514782091
0.31623;41160.4696874384;759164.693418904;760279.6959006;86.8965700841138;16557.1135671973
0.25119;52443.7063829515;951097.91960086;952542.69983464;86.8438967086845;16562.5156641837
0.19953;67799.6527952229;1191178.47635763;1193106.43090079;86.7423461824261;16568.6577811682
0.15849;90898.0963743879;1493421.13309706;1496184.86314539;86.5169501789575;16575.9249151498
0.12589;121472.225923907;1870399.20124511;1874339.52999163;86.2841699825373;16584.4970741282
0.1;165290.076488349;2340916.97619192;2346745.2138673;85.9610989806436;16594.6042611027
