Frequency (Hz);Z' (Ω);-Z'' (Ω);Z (Ω);-Phase (°);Time (s)
10000;96.2074560613326;45.7361867317436;106.52545882818;25.426007485692;21022.5422469232
7943.3;96.5721424452415;56.2503622988774;111.759930007221;30.2195105158614;21023.7292689202
6309.6;97.4557387178706;69.5658288003705;119.737318934943;35.5199947559979;21025.0112909169
5011.9;97.3819627012426;85.8509978830631;129.821571770888;41.3990892667929;21026.2783169138
3981.1;97.8100387812616;107.927035382278;145.653865904065;47.8152177009748;21027.5603379105
3162.3;98.5483287498893;133.499856438129;165.933675811745;53.5656079671998;21028.8273619073
2511.9;99.5543182788198;166.979986102556;194.405190380222;59.1963877190406;21030.0993849041
1995.3;100.372900158091;211.083977185226;233.733105294221;64.5683657240253;21031.3814099009
1584.9;104.907756094546;262.651967667318;282.82802797514;68.2273744740465;21032.6234318977
1258.9;106.48369475427;328.232916897888;345.073361741843;72.0261574619097;21033.8704578946
1000;109.0398067245;414.727099170464;428.821928353558;75.2692167742972;21037.8135298846
794.33;114.278049617335;520.349358879554;532.750342947524;77.6134634765271;21039.1055538814
630.96;121.847962492385;652.53347095247;663.812365564867;79.4229371977384;21040.3925778781
501.19;132.946525166611;817.954640337602;828.688465108386;80.7681417372358;21041.6746018749
398.11;149.177675931284;1025.39809207051;1036.19265883238;81.7225278519886;21044.4706548678
316.23;173.280076307346;1284.23965234839;1295.87710432317;82.3155954677953;21045.6926768647
251.19;208.247522691459;1605.69249676786;1619.140335142;82.6103703857498;21047.0146988614
199.53;258.005452866336;2002.83467492627;2019.38444799295;82.6595751269231;21048.2867228582
158.49;330.949278358905;2494.82795043334;2516.68312012253;82.4435947033142;21049.6037458549
125.89;431.64347047679;3095.04121374358;3124.99539205686;82.0605729680877;21050.9807718514
100;573.261147821996;3828.09464210826;3870.77988686262;81.4831854595494;21052.307798848
79.433;760.041878570512;4715.80388576295;4776.65886851447;80.8444223968443;21053.6698238446
63.096;1001.18087225742;5780.3816353353;5866.44483389179;80.1736721509084;21055.1268478409
50.119;1299.12598439411;7056.20659565966;7174.80172854684;79.568034283681;21056.8238798366
39.811;1654.7888479777;8587.02630249732;8745.01840199163;79.09235544014;21058.3409088328
31.623;2052.82168130915;10440.0410889436;10639.9499432133;78.8758666487201;21060.619953827
25.119;2494.0930959386;12690.4019020479;12933.1666967804;78.8811536029909;21062.1619808232
19.953;2966.51657672902;15440.6597426335;15723.0465841639;79.1246396827923;21064.0190158185
15.849;3473.37983829374;18837.7114043565;19155.2535471314;79.5528904907285;21065.9110498137
12.589;4019.07137604539;23078.4138806906;23425.7576606222;80.1210984475579;21067.8680838087
10;4591.52928579216;28336.7741497;28706.3566199786;80.796112007436;21070.1201278031
7.9433;5207.22074082033;34899.4828769902;35285.8194311109;81.5137176991375;21072.5871717968
6.3096;5914.98473620975;43108.1831023247;43512.0959597805;82.1870868729101;21074.8692137911
5.0119;6621.53139193565;53363.2341810148;53772.478464659;82.9266566757937;21077.2012597852
3.9811;7410.36404931004;66226.4739859322;66639.773048478;83.6154866597728;21079.5733037792
3.1623;8355.81496634125;82359.2503427417;82782.0376698359;84.2068394456715;21081.9953487731
2.5119;9562.36588709184;102492.087207616;102937.198240151;84.6698153202178;21084.5023947668
1.9953;10621.071945995;127967.12753522;128407.137258399;85.2554144852089;21087.1544437601
1.5849;12199.0645721593;159725.576865311;160190.752171878;85.6325052938601;21092.6455447462
1.2589;13595.9638747282;199613.534024243;200076.018551276;86.1035203825252;21095.3725937393
1;16135.2106739477;249218.70295426;249740.479149249;86.2956592177118;21100.3766897267
0.79433;18913.1780973938;311451.700374375;312025.431610684;86.5249308580296;21103.4387447189
0.63096;22501.759043231;389859.409446906;390508.2435677;86.6966885874207;21106.9258097101
0.50119;27193.3134106768;487912.633106917;488669.841344415;86.8099784129633;21110.6728787007
0.39811;33541.0453173378;611153.622967956;612073.322885289;86.8586713579593;21114.8249546902
0.31623;42073.6766778005;764798.527058044;765954.947277803;86.8511750968074;21119.5920426782
0.25119;53791.1374530235;958373.993625807;959882.387653179;86.7875016794037;21124.9741446646
0.19953;69929.2654722551;1200580.67080424;1202615.50350818;86.6665047519229;21131.0962556491
0.15849;93312.1210470613;1503684.17274114;1506576.66359416;86.4490257938813;21138.288388631
0.12589;126483.806887027;1882659.47798779;1886903.51196395;86.1564401779739;21146.7705486095
0.1;171531.120141444;2359324.68242939;2365551.91917183;85.8417136314554;21156.892734584
