Frequency (Hz);Z' (Ω);-Z'' (Ω);Z (Ω);-Phase (°);Time (s)
10000;97.6946203247267;46.2393244253326;108.084753613559;25.3284145077409;10118.972361452
7943.3;98.3513934270964;55.9509157148332;113.15255877964;29.6350231427266;10120.1093814492
6309.6;98.0424657799685;69.7229549222685;120.306340395297;35.4185565876122;10121.3464054461
5011.9;99.0137082108572;85.9030264991532;131.084111834268;40.9444892573582;10122.563425443
3981.1;99.6658851743904;107.091965802334;146.294148232262;47.0569969057977;10123.8004494399
3162.3;100.618919249521;133.906769509273;167.496835287569;53.0784244449977;10125.0274704368
2511.9;101.735317549384;169.104859959446;197.348748409454;58.9684280386142;10126.2494934337
1995.3;101.574058957781;207.45017053026;230.982386138408;63.9121917560819;10127.4915164305
1584.9;103.393626628768;261.9879759052;281.652164107348;68.4633155043085;10128.6735374276
1258.9;105.099389279253;329.844618141668;346.183988283535;72.3264031261784;10129.8805624245
1000;110.596770669136;413.954889842306;428.47438255606;75.0416047373057;10133.7586344147
794.33;116.024618296711;519.208348718015;532.01411769744;77.4033840613118;10135.0156554115
630.96;123.952349764019;651.099303679237;662.792945242787;79.2213547986157;10136.2376804085
501.19;135.574428859858;816.256090103317;827.43847529072;80.5696606843898;10137.4797014053
398.11;152.600053932;1023.38128271546;1034.69610334262;81.5189109830186;10140.2407543984
316.23;177.593334172648;1280.91902366075;1293.17165817944;82.1065332271709;10141.3827763955
251.19;213.808834709018;1600.450540078;1614.66905247967;82.3907446259552;10142.6447963923
199.53;266.611369951372;1997.09837645217;2014.81600842738;82.3960099486766;10143.8718213892
158.49;341.109796698082;2484.24122765359;2507.55067158716;82.1816388918603;10145.128843386
125.89;446.047535863746;3081.27350634002;3113.39120977802;81.7630376523823;10146.4408673827
100;591.549788425605;3806.84569379897;3852.53232154932;81.1673878875817;10147.6428923797
79.433;785.092213758883;4683.14391863011;4748.49520866421;80.4833071089743;10148.9749153763
63.096;1034.66212005765;5734.5305760286;5827.12335806349;79.7723501702636;10150.3619393728
50.119;1343.37365212748;6990.51155845555;7118.42009283879;79.1220252795387;10151.9639713688
39.811;1703.20097173968;8498.35770640531;8667.35122492181;78.6671892018884;10153.4159983651
31.623;2111.15978093564;10318.287935644;10532.0492566022;78.4366666194391;10155.6750403594
25.119;2563.83122694391;12516.1619589747;12776.0534103274;78.4235811038716;10157.1620673556
19.953;3047.25726165643;15223.7330931184;15525.7149951049;78.6809822249134;10158.9691013511
15.849;3569.48993456859;18554.1155644571;18894.350022486;79.1103313676564;10160.8161343464
12.589;4119.87719194011;22698.7268529978;23069.5814618227;79.7126592302327;10162.7281713416
10;4700.0358589844;27832.7227433378;28226.7743885704;80.4150442634312;10164.925209336
7.9433;5337.69080849541;34248.6682518156;34662.1150564997;81.14165575969;10167.1422503304
6.3096;6005.12763033826;42263.7888698189;42688.281852158;81.9131554693919;10169.3792943248
5.0119;6736.74081628897;52287.0921770607;52719.2913946906;82.6583786236432;10171.7313383188
3.9811;7535.10222241188;64899.9061476998;65335.8675115165;83.3774143057507;10174.048378313
3.1623;8442.73533720967;80617.0538289006;81057.9369835307;84.0214116094462;10176.5054243068
2.5119;9542.13946272273;100300.101637649;100752.979182002;84.5654713012721;10179.0424713004
1.9953;10666.6857877138;125115.67155677;125569.540314502;85.1270548642101;10181.6295192939
1.5849;12179.2057975525;156179.313866247;156653.47469364;85.5409734834374;10187.2956272796
1.2589;13589.5511689176;195251.223214444;195723.570547109;86.0186149694444;10189.9726732728
1;15951.3588600078;243791.989753848;244313.282728592;86.2564617202048;10194.9667672602
0.79433;18599.7842800927;304828.497017821;305395.423294799;86.5083004365059;10198.0688222524
0.63096;21932.894578492;381435.662004192;382065.722243134;86.7090648096944;10201.5158872436
0.50119;26378.6655046127;477632.215348853;478360.081040274;86.8388807990032;10205.2429582342
0.39811;32222.846935522;598288.883463377;599155.989655852;86.9171228998805;10209.3650322238
0.31623;39920.3073411187;749224.936373714;750287.702299861;86.9500423820904;10214.032121212
0.25119;50761.9784673446;938927.02048631;940298.212407755;86.90538420422;10219.3992181985
0.19953;65635.7625871677;1176476.12108444;1178305.61265416;86.80677095047;10225.536332183
0.15849;87021.4254581393;1473273.60813176;1475841.40506571;86.6196543397825;10232.7534671648
0.12589;117230.435418501;1846399.93408067;1850117.75072873;86.3670896376089;10241.2206221434
0.1;161227.134728705;2310617.04620596;2316235.16146146;86.0085614304356;10251.287811118
