Frequency (Hz);Z' (Ω);-Z'' (Ω);Z (Ω);-Phase (°);Time (s)
10000;97.5720047290036;45.8022321645825;107.78747876305;25.1462907468032;9643.36755565284
7943.3;98.6116629567994;55.7230607077783;113.266586272158;29.4697386705687;9644.51457564994
6309.6;97.789072630168;69.086459290869;119.731539634372;35.2406114461926;9645.73159964687
5011.9;98.1477694360721;85.8979579917809;130.427925815119;41.1920940736255;9646.9486216438
3981.1;99.8095623283436;106.800954446764;146.179316604352;46.9380643325628;9648.1756436407
3162.3;98.8575889291677;132.814039617879;165.566880771813;53.3385518900867;9649.39766563761
2511.9;101.899578664279;167.762379791513;196.284844563378;58.7253276188504;9650.60968663455
1995.3;100.980714027633;209.68032664775;232.729336330076;64.2848291191246;9651.84171063144
1584.9;104.97512863529;260.659541885384;281.003869026556;68.0639295242984;9653.0087326285
1258.9;105.072338584855;330.292002086651;346.602081612472;72.3531162614868;9654.20575362547
1000;110.730626560475;413.739221508144;428.300612972525;75.0168580554335;9658.05382661576
794.33;116.255627649026;519.236138122776;532.091663243021;77.3797602555564;9659.30084761261
630.96;124.168848467234;650.825458371577;662.564472481171;79.1985345095282;9660.52287060952
501.19;135.941756999479;816.245646819647;827.488439344097;80.5444519185331;9661.76489360639
398.11;152.97134034728;1023.64587924215;1035.01261685889;81.5007424763181;9664.51094659946
316.23;177.922582007738;1280.74480165617;1293.04435042175;82.0910220482099;9665.65796459656
251.19;214.408229937026;1600.25352670251;1614.55326291472;82.368735365922;9666.91998959337
199.53;267.026528383008;1995.48913256139;2013.27594855522;82.3782386947986;9668.14701259028
158.49;342.485255414059;2483.99595874245;2507.49517910302;82.1497397025684;9669.39403458713
125.89;448.029611159282;3081.20478167922;3113.60778504911;81.7267591071792;9670.72106058378
100;594.209701266727;3805.68149212701;3851.79137397102;81.1256315386394;9671.99308258056
79.433;789.179379623983;4680.43103129998;4746.49752259279;80.4292348827328;9673.32010757721
63.096;1040.3226819581;5729.36495658675;5823.04852189648;79.7085133562219;9674.69713357374
50.119;1349.31007491758;6985.40116174106;7114.52507682188;79.0673093696071;9676.32916256962
39.811;1707.5011099443;8478.91137324679;8649.13279559487;78.61394416134;9677.79618956591
31.623;2119.39532870494;10302.1005216467;10517.8472948341;78.3750382669599;9680.04523556024
25.119;2571.45284796086;12497.1861487828;12758.9980557493;78.3729514185123;9681.53226055648
19.953;3054.28761658609;15183.1741904173;15487.3319632978;78.6260288243965;9683.35929455187
15.849;3575.04269927043;18520.3355158776;18862.2309900574;79.0743831331642;9685.22632854715
12.589;4121.61793196951;22638.005834934;23010.1508591239;79.6813929966997;9687.11836454238
10;4715.09537492911;27767.7449303248;28165.2229337929;80.3628270321076;9689.31540253683
7.9433;5334.63916929113;34172.7269373685;34586.6107244189;81.1272780286554;9691.53244453123
6.3096;6020.31232992509;42166.0874542607;42593.6977938076;81.8744444996242;9693.74448452565
5.0119;6737.315439455;52168.1351297053;52601.385364284;82.6412003060512;9696.09653051971
3.9811;7535.83786850643;64731.1227517623;65168.2983135523;83.3596577671492;9698.41857551385
3.1623;8466.117353942;80445.3509033674;80889.6138266009;83.9922721016447;9700.78061750788
2.5119;9614.24223211678;100056.112069662;100516.959843574;84.511384938009;9703.21766250173
1.9953;10753.4153449422;124794.405442276;125256.854388381;85.0750425186826;9705.82971049514
1.5849;12195.1779400835;155940.69665073;156416.825299918;85.528345090128;9711.28081148137
1.2589;13498.8326693151;194432.745743175;194900.772447583;86.0285132936641;9713.95285947463
1;15891.6247393789;243132.891556659;243651.691341471;86.2603591122269;9718.85195346226
0.79433;18467.5396622068;304332.267074503;304892.077305859;86.5274264801974;9721.89400845458
0.63096;21864.2652775946;380747.298701338;381374.555475972;86.7134216057983;9725.28607144601
0.50119;26299.8390644463;476664.9864283;477389.977713722;86.841925637163;9728.98814043667
0.39811;32076.3276489005;597005.960730412;597867.04871826;86.9245319091681;9733.10521642627
0.31623;39876.206234825;747374.302085142;748437.344899983;86.945875750391;9737.81730341437
0.25119;50416.0480932094;936553.206684995;937909.210348892;86.9186573193608;9743.09940240104
0.19953;65487.1792023839;1173856.36696913;1175681.64947567;86.8068890418865;9749.2165163856
0.15849;86643.7809952177;1469845.01613603;1472396.52140484;86.626457319444;9756.43364736737
0.12589;116293.802744819;1842586.43724833;1846252.69865431;86.3885993957179;9764.85580234611
0.1;160327.705837282;2308274.26015906;2313835.56748787;86.0267411833386;9774.96799132058
