Frequency (Hz);Z' (Ω);-Z'' (Ω);Z (Ω);-Phase (°);Time (s)
10000;97.4725818209557;46.5189594917671;108.004248986045;25.512891134611;15465.4253559536
7943.3;98.0446798567976;55.5885129047246;112.706885393842;29.551989334959;15466.6223739505
6309.6;97.2672928624847;68.7800931174621;119.128617342951;35.2650693470006;15467.8743969474
5011.9;98.8364729108638;86.1716588398918;131.126668396168;41.0839014046994;15469.1264229442
3981.1;98.8088313828056;106.532090713553;145.300624606491;47.1539869885895;15470.3734449411
3162.3;98.7022488962758;134.030290001972;166.451952752724;53.6314193863292;15471.605467938
2511.9;99.4458113029988;166.777555344656;194.175751195795;59.1932999259876;15472.8474889348
1995.3;101.151330975038;209.630803045069;232.758813674889;64.2417001127239;15474.1095129316
1584.9;103.67736283934;262.994561437941;282.692650967893;68.4847159180567;15475.3265389286
1258.9;104.406019663505;329.419131355121;345.568489658329;72.4145214199252;15476.5535599255
1000;109.651061589382;414.393503244176;428.655258732072;75.1788612493294;15480.4516319156
794.33;114.912294173224;519.824172906388;532.373934457693;77.5346685871614;15481.7286559124
630.96;122.678402965427;651.731845844946;663.177494674396;79.3396969361768;15482.9756769092
501.19;134.047723396926;816.841304109719;827.767182393435;80.6805439870364;15484.272701906
398.11;150.69814015565;1024.95844994898;1035.97768005309;81.6358125072796;15487.0787548989
316.23;175.221249542614;1282.90930528783;1294.81997663203;82.2225983038823;15488.2607778959
251.19;210.631698439317;1603.33420076499;1617.11046985979;82.5158515653354;15489.5427988927
199.53;262.051147832403;2000.37089569237;2017.4623972737;82.5366794166726;15490.8198248894
158.49;335.542952230052;2490.06787136412;2512.57379529261;82.3254777352849;15492.1268488861
125.89;438.289050446762;3088.94916960113;3119.88850187327;81.9242453288869;15493.4538708828
100;582.291647832745;3817.36948085418;3861.52473985247;81.3271039232285;15494.7758948795
79.433;772.050641948338;4699.31027009615;4762.30818074219;80.6702098879341;15496.127920876
63.096;1018.27834503582;5759.79712116302;5849.11563101011;79.9742361657641;15497.5649488724
50.119;1320.72762497649;7028.8383813306;7151.84524792324;79.3581363545102;15499.1669758684
39.811;1679.50337501041;8542.90732983004;8706.43424329015;78.8777104990799;15500.6590058646
31.623;2085.32299770357;10375.4916408012;10582.9768398635;78.6357865731234;15503.0530528586
25.119;2530.88542797587;12596.5736494558;12848.309178865;78.6394711277615;15504.5600788547
19.953;3005.5274625091;15326.2413106191;15618.1582793627;78.9049014072078;15506.4021108501
15.849;3529.12833811058;18697.2667265626;19027.4152178134;79.3111161216279;15508.2741478454
12.589;4061.52871891718;22880.1272941865;23237.8191862483;79.9340874758295;15510.2761838403
10;4639.94981694653;28067.9139853055;28448.8476003913;80.6132394645786;15512.5232238346
7.9433;5280.52641522562;34553.3716220989;34954.5340360412;81.3111515634039;15514.765267829
6.3096;5938.30679168667;42672.181321413;43083.3906079796;82.0775376686831;15517.127310823
5.0119;6660.24948965709;52850.8354641056;53268.8439194849;82.8174619560642;15519.524352817
3.9811;7453.64907590529;65621.0956889372;66043.0547746196;83.5197654177965;15521.9563998108
3.1623;8365.39632797415;81472.8203112602;81901.1618061366;84.1375772356208;15524.4434458045
2.5119;9520.99525221129;101529.169227934;101974.612304765;84.6427005548502;15526.9904917981
1.9953;10624.1263013176;126515.487137622;126960.783493707;85.1998542869306;15529.6125417915
1.5849;12082.762115038;158088.012659421;158549.086679595;85.6293464031034;15535.0536447778
1.2589;13725.6888823646;197393.725108844;197870.354645766;86.022364746676;15537.7656937709
1;15935.8871124785;246552.325424828;247066.79596913;86.3018366853407;15542.6947857585
0.79433;18692.8740122352;308377.169378989;308943.202114944;86.5311508569576;15545.7568407507
0.63096;22134.4440351562;385872.013147411;386506.331310602;86.7169892028651;15549.228903742
0.50119;26714.1423755214;483045.776914649;483783.906303152;86.8345649694696;15552.9709737325
0.39811;32754.4289018719;604920.273758618;605806.396645735;86.9006499362184;15557.0980517221
0.31623;40869.5132630774;758163.72534093;759264.480623978;86.9144047275448;15561.7551347103
0.25119;52458.5274093499;949336.608712801;950784.882999451;86.8371612602238;15567.052236697
0.19953;67480.7612430988;1189513.74376473;1191426.28800238;86.7531075821366;15573.2643486813
0.15849;90135.9493693138;1489963.34362782;1492687.25951664;86.5380871641505;15580.516483663
0.12589;121125.613060372;1867150.77256545;1871075.47192277;86.2883149545984;15588.9686416416
0.1;166610.30953051;2336232.74920661;2342166.18831954;85.9208117501644;15599.135828616
