Frequency (Hz);Z' (Ω);-Z'' (Ω);Z (Ω);-Phase (°);Time (s)
10000;93.677023224291;46.0783298060177;104.396346477626;26.1918844896232;42536.5725966055
7943.3;94.634502685236;55.8553977428672;109.888646162813;30.5500536877583;42537.8096166024
6309.6;94.6727881102287;69.4839604415168;117.434907788113;36.2763618540051;42539.156640599
5011.9;94.669562654585;85.4470793027336;127.528543685632;42.0688532184357;42540.4736635956
3981.1;95.2950869970068;108.513474925998;144.417200659347;48.7108283614495;42541.8156885922
3162.3;96.3765021348652;133.480800516218;164.63764536157;54.1697664525198;42543.1527135889
2511.9;97.5088992624272;167.226623992512;193.578741620311;59.7537803326026;42544.4747385855
1995.3;99.1300826348543;210.466052053084;232.642928863106;64.7794369402194;42545.8267625821
1584.9;101.464039511708;262.559436925951;281.482520297275;68.8713655790099;42547.1437895788
1258.9;102.87748008892;331.944931350917;347.521529346041;72.7805713707242;42548.4258115756
1000;105.981536984107;415.419022216896;428.724912037025;75.6880138603751;42552.4988885653
794.33;110.978430640663;521.375651753139;533.056078014757;77.9835340482891;42553.8459115619
630.96;118.322454767104;654.302783360896;664.915284540767;79.7495558923792;42555.1829385585
501.19;129.0078786681;820.273943656567;830.35677597063;81.0620693899515;42556.5349635551
398.11;144.451045892583;1028.75292567307;1038.84488098097;82.0071410656848;42559.4560195477
316.23;167.186298749437;1287.85173284829;1298.65828618998;82.6033442812421;42560.7180405445
251.19;200.56746289008;1610.41856782361;1622.86021294541;82.9007277871046;42562.095065541
199.53;249.136504382799;2011.61201287672;2026.98097873809;82.939915360431;42563.3620895378
158.49;318.363119121492;2504.94309305881;2525.09306265726;82.7568853629637;42564.7591125343
125.89;416.123321753226;3112.49006193764;3140.1835940861;82.3850163347887;42566.1811395307
100;551.369974147298;3852.90696911324;3892.15890747443;81.8559850304564;42567.4931665274
79.433;730.423008074815;4750.75625448249;4806.57911203275;81.2592875789019;42568.9251935238
63.096;965.405048652782;5834.1364112068;5913.47229405307;80.6041100604123;42570.43721952
50.119;1252.79562983663;7133.95901087746;7243.12557250097;80.0398376588445;42572.1942515155
39.811;1594.86767975808;8692.66259906877;8837.75910382185;79.6034079717134;42573.7762825115
31.623;1983.03288888849;10585.396229306;10769.5419015768;79.3893852426808;42575.4383115074
25.119;2409.93970838589;12888.5057701167;13111.8797425993;79.408927924533;42577.0253415033
19.953;2873.79428826234;15719.061261625;15979.5988860162;79.6394749469813;42578.9373794985
15.849;3362.44577305745;19198.9176809536;19491.1385428555;80.0661241304813;42580.9344154935
12.589;3892.5447919924;23529.0880149434;23848.8969927882;80.6063295211606;42582.9464524884
10;4452.54546051495;28938.1241143433;29278.6643878284;81.2528196630826;42585.2734934825
7.9433;5046.17512191464;35686.9411647957;36041.9429701094;81.9516671127793;42587.6155384766
6.3096;5677.39352158565;44151.1677508062;44514.6988191404;82.6725531425313;42589.9425824707
5.0119;6416.80408599335;54699.4644658899;55074.5566258429;83.3092020999821;42592.4096264645
3.9811;7267.00913393726;67886.1853557363;68274.0330133361;83.8899291610087;42594.8416724584
3.1623;8125.97697199483;84462.7091873843;84852.7002812642;84.5046087272033;42597.3237174521
2.5119;9394.19994053334;105337.470571829;105755.537438915;84.9037336269898;42599.9257674455
1.9953;10478.50140548;131252.955141715;131670.563244553;85.4355064972828;42602.6678154386
1.5849;12115.8105567571;164006.971024924;164453.882320296;85.7750202571247;42606.9619004278
1.2589;13833.5326695298;205006.834918414;205473.037134766;86.13962471795;42609.7339494208
1;16186.7833814524;255972.965486507;256484.251010066;86.3816447954786;42614.773043408
0.79433;19176.6870859203;320144.374034808;320718.202716545;86.5720717278151;42618.0251013998
0.63096;23086.9344913522;400636.941612575;401301.589242911;86.7019451058907;42621.522164391
0.50119;28226.0619591745;501459.295336072;502253.059177018;86.7783437169046;42625.4292363811
0.39811;35185.6214368761;628062.642477333;629047.463099176;86.79350057822;42629.6713173704
0.31623;44528.2472569424;786295.774720886;787555.591782379;86.7587787782252;42634.4784043583
0.25119;57351.5696105786;984838.504874509;986507.011237251;86.6671734991763;42639.8505063447
0.19953;75163.268674843;1233325.36307208;1235613.59985829;86.5125032037937;42646.087619329
0.15849;101064.111168623;1544992.17254117;1548294.1476928;86.2573862569949;42653.4247573105
0.12589;137845.17076688;1933348.45519791;1938256.31440217;85.921788391877;42661.9719132889
0.1;192251.011077172;2419949.56700379;2427574.17149343;85.4577213541879;42672.209102263
