Frequency (Hz);Z' (Ω);-Z'' (Ω);Z (Ω);-Phase (°);Time (s)
10000;93.528223520755;46.1386779837085;104.289530639622;26.257717375992;49648.2802716501
7943.3;93.6347648912904;55.4789282153674;108.836485941862;30.6468909050333;49649.5572956469
6309.6;93.9807067815221;70.1127247190729;117.252579565172;36.72415963496;49650.9343186434
5011.9;94.2201394567259;85.6213728640836;127.312427399588;42.2626002101229;49652.31134464
3981.1;94.5449789754499;106.680176040266;142.546178515772;48.4511316807649;49653.6883726365
3162.3;95.8393623939653;134.528948070103;165.176333816108;54.5336628272997;49655.0353946331
2511.9;96.4824720655757;167.076961817043;192.934130173741;59.9947166183554;49656.3824216297
1995.3;101.271965883446;212.246394521075;235.169179658163;64.4921651336221;49657.7394476263
1584.9;97.4760425890494;264.678237223495;282.056994486148;69.7821916762119;49659.0914696228
1258.9;101.774163103656;331.838919094083;347.095157703156;72.94935487861;49660.4234946195
1000;105.670822216933;415.615049967997;428.838189096894;75.7347134944094;49664.5065716092
794.33;110.674763802582;521.504955559757;533.119425660088;78.0183479966604;49665.8935976057
630.96;117.91684882784;654.087525352958;664.631382090738;79.7806616346451;49667.2406206023
501.19;128.645333728658;820.39122094501;830.416387900554;81.08803712471;49668.6726485987
398.11;144.139087706274;1029.16433537803;1039.20898082094;82.0273275106319;49671.5987035913
316.23;167.126230285685;1288.18630364168;1298.9823438906;82.6078715691876;49672.9157265879
251.19;200.393325589572;1612.15218912001;1624.55906812442;82.9143787670025;49674.3327515844
199.53;248.147311064722;2011.78931806016;2027.0356060636;82.9682796849553;49675.7047785809
158.49;317.710213969109;2505.26170452348;2525.32690719681;82.7724919722145;49677.1068045774
125.89;415.084833378069;3111.50785170191;3139.07255891022;82.4014284253412;49678.5438305737
100;551.008075062004;3854.75405642458;3893.93614923323;81.8651064646185;49679.9608585702
79.433;731.372436631726;4749.41974307309;4805.40253641223;81.2456772145579;49681.4378835664
63.096;963.480164706183;5831.52152078615;5910.57842137081;80.6183808876851;49682.9799135625
50.119;1253.15134195608;7126.00818096789;7235.35630643492;80.0261732407676;49684.7469465581
39.811;1596.16344411257;8690.61813058723;8835.98218830328;79.5927513186847;49686.4289775538
31.623;1986.01568311627;10585.5426858082;10770.2354777717;79.3739320806179;49688.1060085496
25.119;2413.80010741536;12878.8398451532;13103.0892050563;79.3845667237679;49689.7280385455
19.953;2873.56565295334;15701.6196608665;15962.4008074081;79.6290232154892;49691.6600725406
15.849;3377.82873077898;19216.5893578863;19511.2027687712;80.0305807312717;49693.6671115355
12.589;3888.7437022202;23531.8155776691;23850.9679460391;80.6164076498853;49695.6641465305
10;4447.46013130562;28933.9923588318;29273.8076689809;81.2614272901294;49698.0111905246
7.9433;5056.34960597582;35701.4452026015;36057.7295581989;81.9388858514113;49700.3832375186
6.3096;5687.87633227755;44126.1893448311;44491.2634487622;82.6550610507462;49702.7802785125
5.0119;6421.79503104689;54712.0153956091;55087.6036878547;83.3055673890485;49705.2573255063
3.9811;7164.29209225068;67985.6628826174;68362.1052833511;83.9844038203024;49707.7093715001
3.1623;8083.8231509737;84577.2319665078;84962.6762987884;84.5403010889914;49710.3164194935
2.5119;9293.50411736515;105366.743249711;105775.799698371;84.9594706094839;49712.9584694868
1.9953;10397.0851468593;131468.08278535;131878.566002238;85.4782042920736;49715.7055194799
1.5849;12053.9117689409;164137.276762011;164579.289133786;85.7998529190091;49719.9395974692
1.2589;13831.6098315605;205165.877085831;205631.589379966;86.1431427502335;49722.7516494621
1;16108.4895147608;256220.948886726;256726.816057188;86.4025762340394;49727.960748449
0.79433;19160.879800998;320693.855056318;321265.759124172;86.5807453203454;49731.1378074409
0.63096;23065.6721473891;401101.135207165;401763.793660016;86.708780753107;49734.7348724319
0.50119;28192.7848094301;502119.193265642;502910.048976007;86.786354038473;49738.636945422
0.39811;35010.9509577337;628471.240832265;629445.682517731;86.8114555825526;49742.9140234112
0.31623;44466.7347120664;787176.222431484;788431.161013728;86.7668593510004;49747.7761123989
0.25119;57514.3991161083;985615.590429901;987292.255719738;86.6603617033472;49753.2682163851
0.19953;75624.2424150979;1234254.38704623;1236569.01060302;86.4938022902536;49759.5303313693
0.15849;101921.30931257;1544194.83896612;1547554.73375955;86.2237906207089;49766.9074683506
0.12589;138357.049808793;1934533.96858952;1939475.27668143;85.9091955254377;49775.484625329
0.1;191531.696652636;2423142.70092983;2430700.50394781;85.4805843735726;49785.771815303
