Frequency (Hz);Z' (Ω);-Z'' (Ω);Z (Ω);-Phase (°);Time (s)
10000;90.973489642924;45.3447189172816;101.648016958023;26.4934473242404;71057.5856805968
7943.3;92.0884370961189;55.4670338156583;107.502893389495;31.0615453698916;71058.9677035934
6309.6;93.2424709054777;69.4738651760869;116.27887307273;36.6893604777774;71060.4947325895
5011.9;92.359085113276;86.0810719302026;126.254312986187;42.9850087644085;71062.0017605857
3981.1;92.9193056589095;107.024012299544;141.732623530459;49.035161657418;71063.4987875819
3162.3;94.1067599089066;134.146124736321;163.863556175024;54.9494088466589;71065.0208155781
2511.9;95.7746767328312;167.73406362357;193.151507379451;60.2740126631592;71066.5578445742
1995.3;96.1537271775008;208.883942274775;229.95225719783;65.2823777106606;71068.0598725704
1584.9;96.5372904246161;265.27614035716;282.295729838972;70.0029235097515;71069.5118975667
1258.9;99.9090947450083;331.687951089561;346.408319921387;73.2369569020423;71070.998926563
1000;103.191903042158;416.158334374358;428.761388330039;76.0736507847424;71075.2970065521
794.33;108.050049667355;522.231935053908;533.292609383692;78.3104137662144;71076.8090325483
630.96;115.118450726188;655.007792477589;665.046965186642;80.0319943531575;71078.3410625444
501.19;125.434027195449;821.125749575465;830.651065005239;81.314718669803;71079.9730925403
398.11;140.777560799915;1030.87754018802;1040.44549328107;82.2237384438774;71083.0591505325
316.23;163.117382659584;1290.59430330868;1300.86161303135;82.7966175543203;71084.4961775289
251.19;195.74119893525;1614.38484879737;1626.20818377817;83.0867376909869;71086.0632055249
199.53;243.219969614318;2016.05921777802;2030.67740500724;83.1210081446711;71087.5952325211
158.49;310.480044057134;2512.37037353535;2531.48232298309;82.9550764164848;71089.1572645171
125.89;406.290734699917;3121.00304409043;3147.33731308304;82.5829722855088;71090.799292513
100;538.424446346717;3865.65629765096;3902.97316106482;82.0706232775766;71092.376323509
79.433;716.152764102546;4767.52610502976;4821.01441023276;81.4572009948086;71094.0133515049
63.096;946.208988113399;5853.74816470518;5929.7284107264;80.8180398424573;71095.7253835006
50.119;1229.34961252209;7164.2799771246;7268.98948000592;80.2631972041623;71097.6724214956
39.811;1566.11924525916;8742.93893826311;8882.1005831148;79.8443381836555;71099.4394514912
31.623;1950.17967232843;10661.1144537198;10838.0146774987;79.6338031970105;71101.2964884865
25.119;2372.58293166865;12984.1151586096;13199.1058871305;79.6446090342352;71103.063518482
19.953;2822.09634726655;15842.7832155187;16092.1722525946;79.8997657086734;71105.1805574767
15.849;3304.65724536348;19367.0864510439;19647.0047872835;80.3167284542518;71107.3175974713
12.589;3820.11363573493;23761.9929350021;24067.1056928958;80.8669514021057;71109.4846374658
10;4369.15882893522;29236.0993357697;29560.7688202363;81.5003939179749;71111.9816834595
7.9433;4963.40190404028;36082.6893975183;36422.4632969657;82.1677565938032;71114.4737294532
6.3096;5598.56112771685;44636.8500894147;44986.5788053022;82.8510287866325;71117.1157784465
5.0119;6327.51627185383;55312.2938610098;55673.0393847622;83.4739495356484;71119.72783044
3.9811;7112.87124338772;68777.200104664;69144.0249881507;84.0955168772495;71122.3248774334
3.1623;8026.74495793161;85630.330770977;86005.7101741891;84.6449036016975;71125.0869274264
2.5119;9179.51035107092;106706.823121004;107100.931419211;85.0832054470406;71127.8739814194
1.9953;10249.4393620463;133058.530499074;133452.701530577;85.5952298501006;71130.7760354121
1.5849;11885.1052154984;166509.733425486;166933.361109785;85.9172751365748;71136.5871433974
1.2589;13806.8652897466;207887.876209167;208345.862939217;86.2002832377977;71139.5641943899
1;16296.3862005428;259708.451123078;260219.237928223;86.4094677617019;71144.8432963765
0.79433;19421.3400225086;324894.40151472;325474.362406439;86.5790785495584;71148.2003553681
0.63096;23624.7135703942;406549.896346541;407235.736779898;86.6742683661028;71151.9524233586
0.50119;29149.3710885031;508662.623570508;509497.154508725;86.7202007148255;71156.0445013483
0.39811;36466.4992285468;637133.432016773;638176.163578253;86.724234899369;71160.4265803372
0.31623;46568.0989600374;797361.551571339;798720.246247086;86.6575662793786;71165.4786753244
0.25119;60605.8867726787;998271.545197625;1000109.56972862;86.5257903207086;71171.1757793101
0.19953;79780.4889352618;1249402.92074797;1251947.51678667;86.3463446447081;71177.6979002936
0.15849;107748.97970781;1563918.39298254;1567625.77885705;86.0587321055262;71185.2400432745
0.12589;146638.716942125;1957578.06216268;1963062.60286498;85.7160750613225;71193.9822042525
0.1;205188.546173472;2448731.44137817;2457313.16919004;85.2101576843692;71204.4293972261
