Frequency (Hz);Z' (Ω);-Z'' (Ω);Z (Ω);-Phase (°);Time (s)
10000;95.709816208046;45.9214176498178;106.156231647261;25.6316176924402;26232.21870677
7943.3;96.61533994621;55.8558702740603;111.599292815835;30.033336825334;26233.415729767
6309.6;96.385571064428;69.3935362143226;118.767172138367;35.7522919057346;26234.6927537638
5011.9;97.1839011160637;85.9463878009465;129.73624093586;41.4885341442466;26235.9747767605
3981.1;97.7218436564957;107.175594411337;145.038500974907;47.6416930920885;26237.2767997572
3162.3;97.973562766315;133.755667583439;165.799269032817;53.7779104643618;26238.6038247539
2511.9;98.5771521243476;167.959883831655;194.751065459704;59.5909477746638;26239.9108507506
1995.3;100.451599151301;209.092634497445;231.970372188208;64.3395916813824;26241.2028737473
1584.9;100.030805972293;262.890725891068;281.27868014302;69.1680115915102;26242.4498967442
1258.9;105.659825349756;330.90628394573;347.365754569608;72.2914896757947;26243.716918741
1000;108.266019058862;414.932451516019;428.824521458309;75.3761820938824;26247.5999927312
794.33;113.458339596375;520.71580829037;532.933155121221;77.7079902905783;26248.9020167279
630.96;120.92970328581;652.879924432465;663.98508180812;79.5063157837384;26250.2590417245
501.19;132.022559919485;818.618806062615;829.196421824814;80.8385214425587;26251.5760657211
398.11;148.125783490729;1026.77406086984;1037.40359542942;81.7909593921385;26254.5071217137
316.23;171.815783389777;1285.16910427071;1296.60336649024;82.3852121965839;26255.6941407107
251.19;206.459222854651;1607.00950245933;1620.21756307489;82.6790749136165;26257.0061647074
199.53;255.576684420532;2005.59255531111;2021.81130166461;82.7378249845739;26258.3081897041
158.49;327.696053170358;2497.13779509779;2518.54757171058;82.5238715362378;26259.6502167008
125.89;429.069869750545;3101.95958101953;3131.49392389744;82.1246942288618;26261.0322396973
100;567.036904878322;3834.27702798402;3875.97873817955;81.5877141390908;26262.3992676938
79.433;753.762538285094;4723.53871975453;4783.30178863328;80.9334220347852;26263.8712946901
63.096;993.503224702764;5793.93594519364;5878.49831117623;80.2699519672567;26265.2983216865
50.119;1291.63484742723;7073.28433711255;7190.24838880619;79.651381597003;26266.9703486823
39.811;1639.30674959739;8610.12340098473;8764.79044812028;79.2203048384356;26268.4873796784
31.623;2042.56731213546;10474.3705922886;10671.6690601426;78.9654482200924;26270.8214226726
25.119;2472.28501327223;12739.7874409073;12977.4565006534;79.0176771757324;26272.3634496687
19.953;2945.97054145583;15510.6606851821;15787.9491170316;79.2457942629131;26274.2504866639
15.849;3449.28606567372;18931.0722976976;19242.7407794083;79.6738475156588;26276.1675196591
12.589;3980.15602864225;23172.5512011662;23511.8857428111;80.2538823460143;26278.0895566542
10;4558.65798665702;28488.8042591727;28851.2275433259;80.9088420084655;26280.3415986485
7.9433;5167.92799104778;35079.1263890229;35457.7577962524;81.6193532403332;26282.6286396427
6.3096;5819.7148070953;43310.2833464434;43699.5391736015;82.3468598644627;26285.0156836367
5.0119;6551.24824284301;53701.2699697211;54099.4015669326;83.0446110124007;26287.4427276306
3.9811;7403.84313697508;66619.4721284882;67029.6274782678;83.6583813697226;26289.8747746244
3.1623;8286.64442771046;82904.8980918205;83318.0088785518;84.2920381147977;26292.3018186183
2.5119;9460.84678546223;103248.381514398;103680.93319044;84.7644985450848;26294.8988666118
1.9953;10480.3063653003;128775.569764153;129201.331996201;85.3472787293202;26297.5109156052
1.5849;12049.9398550612;160797.369631431;161248.240706364;85.7143413945714;26301.7849965944
1.2589;13466.7247782634;200799.347258073;201250.417479124;86.1631708261496;26306.0490745836
1;16078.7235478518;250953.493280066;251468.051927867;86.3340398041041;26311.0231665711
0.79433;18916.194713716;313953.551347786;314522.900321;86.5520075970569;26314.1252225632
0.63096;22622.0183799477;392664.741783092;393315.846559944;86.7027469483878;26317.6072895544
0.50119;27429.2750016686;491578.836857048;492343.495918089;86.8063032826419;26321.3793575449
0.39811;33958.9174332201;615665.365282148;616601.208303419;86.8428741668227;26325.5314335344
0.31623;42569.6653901579;770701.500988549;771876.272492834;86.8384825457518;26330.3135235223
0.25119;54617.1490816299;965818.285272639;967361.356030302;86.7633634779901;26335.7506235086
0.19953;71237.1599753909;1210687.47122254;1212781.46668581;86.6325843154838;26342.0227394928
0.15849;95400.0004145519;1515968.83335299;1518967.63091802;86.399121885962;26349.3098744744
0.12589;129401.091460484;1900584.29047728;1904984.32741064;86.1050335985509;26357.8320314529
0.1;177641.960756526;2379139.68694457;2385762.41822528;85.7298501440706;26368.0342204271
