Frequency (Hz);Z' (Ω);-Z'' (Ω);Z (Ω);-Phase (°);Time (s)
10000;96.5941878814732;46.4264194529537;107.172055852741;25.670506714938;16963.229088172
7943.3;97.0933901064605;56.4011521419881;112.286314238686;30.1521283008884;16964.396107169
6309.6;97.5184151616123;69.2127446779383;119.583633167278;35.3648560825262;16965.6731321658
5011.9;97.1185834577506;85.8422525091617;129.61833037301;41.4731798398474;16966.9251561626
3981.1;98.2239587863117;106.471741682112;144.859165593612;47.3073648338529;16968.1821781595
3162.3;98.6721675287995;132.747915604112;165.403161221507;53.3763993613166;16969.4342011563
2511.9;99.0729906292733;166.998486365636;194.175054836201;59.3211739738725;16970.7012251531
1995.3;102.037355395151;210.020973833104;233.496105633138;64.0874953678775;16971.9632471499
1584.9;100.300379197394;264.655883588455;283.024562158706;69.2440870170849;16973.1852691468
1258.9;104.829481953554;331.037255890118;347.238945214833;72.4285811497556;16974.4172941437
1000;109.111114290581;414.678094064234;428.792673629667;75.2583367133727;16978.3303661338
794.33;114.319060381607;520.30792328835;532.71867116065;77.6081993415492;16979.5923901306
630.96;121.895845552578;652.531623580227;663.819340585393;79.4188452542382;16980.8544121275
501.19;132.997104689426;818.061704952956;828.802258060575;80.7658778414037;16982.1264341243
398.11;149.171526865463;1025.89076282122;1036.67931476869;81.7267842721078;16984.9524891171
316.23;173.086017109797;1284.64009159388;1296.24802188828;82.3264628654944;16986.1195091142
251.19;208.087920213427;1605.7348429033;1619.16181039834;82.616163910128;16987.4265341109
199.53;257.940354271502;2003.81017684475;2020.34364680574;82.6649407156613;16988.6885571077
158.49;329.755041036907;2493.97293827703;2515.67871636014;82.4679970428475;16990.0005821044
125.89;432.410033389893;3095.22459575241;3125.28298480744;82.047118656722;16991.347607101
100;571.638824244522;3827.61658672808;3870.06714158548;81.5058906800711;16992.6696290976
79.433;759.903184457338;4715.6531186705;4776.48795511673;80.8457771274387;16994.0366550942
63.096;1002.6487629006;5778.9107282235;5865.2462647806;80.1570909262478;16995.4686840906
50.119;1301.4487394174;7052.79910674882;7171.87172650822;79.5448555366794;16997.1607140863
39.811;1653.99288487554;8586.70957508872;8744.55680924649;79.0970838074926;16998.6377400826
31.623;2049.98571280682;10436.3110520113;10635.743029852;78.8869803870219;17000.9117840768
25.119;2505.15320581656;12684.1740426921;12929.1942413252;78.8277383983176;17002.3488090732
19.953;2979.73708484685;15439.6947003352;15724.5987400115;79.0766697904315;17004.1758450686
15.849;3490.3426726234;18824.5458757176;19145.3915969178;79.4958235773614;17006.0578790638
12.589;4025.56409083815;23071.975748059;23420.5301214227;80.1027480388882;17007.964913059
10;4616.93795498695;28295.2321016863;28669.4310332189;80.7327074349266;17010.1969560534
7.9433;5238.7310057673;34814.1777137517;35206.1254959343;81.4425108122145;17012.4389970477
6.3096;5927.47786203999;43021.3534740249;43427.777384319;82.1551844634621;17014.8060420417
5.0119;6634.73226118721;53249.6023255209;53661.3438147402;82.8977286851653;17017.1830840357
3.9811;7526.85690910001;66148.4483799551;66575.3017117133;83.5083856335715;17019.5501270298
3.1623;8402.18009218511;82158.384361953;82586.9042358891;84.1607712928391;17021.9471710237
2.5119;9617.80403947175;102327.391321965;102778.388629616;84.6305149247824;17024.4992200173
1.9953;10611.465408588;127459.411365438;127900.370381566;85.2408905029751;17027.1362680106
1.5849;12083.166368448;159255.841031349;159713.574288756;85.661129112572;17032.7273729965
1.2589;13662.2373264624;199234.574223823;199702.459411277;86.0771617531758;17035.5394239894
1;16224.1987247006;248399.251473943;248928.529415721;86.2630337851555;17040.4735179769
0.79433;18990.76319385;310562.72468607;311142.820985991;86.5007474833981;17043.5505729692
0.63096;22620.021281924;388498.918763504;389156.877419899;86.6677637370284;17047.0276359604
0.50119;27324.3526743975;486457.918594672;487224.719008114;86.7850729917917;17050.8197079508
0.39811;33487.861889005;609111.745227798;610031.601696462;86.8531496952207;17055.0367839402
0.31623;41899.0738694815;763190.868228463;764340.129614058;86.8576240738221;17059.8038759281
0.25119;53366.6130214612;955125.011392882;956614.751492802;86.8019833225162;17065.2009719145
0.19953;69313.4685321369;1196522.12436213;1198528.07685429;86.6846114231133;17071.3980868989
0.15849;90828.0929073564;1497693.77898457;1500445.3998964;86.5295305558785;17078.6552238805
0.12589;124301.401860959;1876119.27266588;1880232.52917636;86.2094349764108;17087.202381859
0.1;169794.747324979;2349982.10932896;2356108.26796761;85.8673533452013;17097.3645698333
