Frequency (Hz);Z' (Ω);-Z'' (Ω);Z (Ω);-Phase (°);Time (s)
10000;94.2550725930327;46.1204883510049;104.933875155991;26.0732298066006;33383.4371167149
7943.3;96.2822863122697;56.1095749398733;111.438606674039;30.2319702775187;33384.6491377119
6309.6;95.3890479660371;69.5135202101434;118.030504378626;36.0822048070955;33385.9861647085
5011.9;96.2065105502028;85.6147191900912;128.784986757947;41.666066611751;33387.2931887052
3981.1;96.492601097598;106.667916468926;143.836248805375;47.8672690669438;33388.6002137019
3162.3;98.1955993191905;135.391009691614;167.251610548209;54.0475936413604;33389.8922366986
2511.9;99.2283913776668;168.739980346407;195.753555836682;59.5421296626879;33391.1842586954
1995.3;99.8862976288509;209.295510085324;231.90921283096;64.4871867256165;33392.4962856921
1584.9;98.4863941132432;262.954625365949;280.792992837741;69.4671855832574;33393.7483096889
1258.9;105.150023162289;330.41677450447;346.744534556736;72.3471339028956;33395.0353316856
1000;107.430322824321;415.362706426312;429.030828906185;75.498678228151;33398.8784036759
794.33;112.459150229715;521.047983500403;533.046022009569;77.8205299139107;33400.2054256726
630.96;119.903468461005;653.633192262042;664.539834604102;79.6051450461271;33401.4974496693
501.19;130.698435198008;819.402342641574;829.760375102178;80.9374015694396;33402.824473666
398.11;146.543030623568;1027.7667060118;1038.16148156762;81.8852383016699;33405.6655296588
316.23;169.705599087558;1286.39920996799;1297.54495789854;82.4847678601985;33406.8975526557
251.19;203.956449596756;1609.10894120005;1621.98329768899;82.7762136935788;33408.2495746523
199.53;252.33251727043;2008.56305254034;2024.35106523108;82.8395369200274;33409.551598649
158.49;322.874894127959;2501.21111129121;2521.96455575901;82.6445117646651;33410.9186246455
125.89;421.706339180405;3107.15751664714;3135.64412358319;82.2709886318219;33412.305649642
100;559.693765471462;3844.91554607263;3885.43854249924;81.7177838192838;33413.6676766386
79.433;742.634183913086;4736.82842227753;4794.68967016766;81.0897683833926;33415.094701635
63.096;980.184020128321;5809.86679073252;5891.97020014286;80.4237921043029;33416.5367316314
50.119;1273.55854627006;7102.50365631947;7215.78197833118;79.8342569248744;33418.1937616272
39.811;1617.95357221706;8650.99888841894;8800.99741672929;79.4066349473592;33419.7357896233
31.623;2012.21070633959;10531.6371455105;10722.1440435859;79.183237337621;33421.3678186192
25.119;2447.08663711574;12806.5375123801;13038.2374600844;79.182263281271;33423.0548486149
19.953;2907.71953265348;15591.7415793681;15860.5560545137;79.4362027580375;33424.9468866101
15.849;3412.75303242701;19069.5353264247;19372.5078610411;79.853553434169;33426.8939226052
12.589;3940.42761024636;23339.918960053;23670.2088460038;80.4172418967299;33428.8459576003
10;4511.1347538498;28698.0533319033;29050.449253121;81.066602954883;33431.1229995945
7.9433;5134.32247024551;35345.9855328991;35716.9422056309;81.735079344153;33433.4300415887
6.3096;5814.34258833881;43732.1579268163;44116.983313352;82.4267415251088;33435.8320845826
5.0119;6520.37567559852;54182.6007341933;54573.5239953582;83.1379800720124;33438.2441315765
3.9811;7365.33591664365;67219.7672260257;67622.0768616735;83.7469896789094;33440.7111785703
3.1623;8264.93560032864;83690.9433531783;84098.056813594;84.3600177696806;33443.1682215641
2.5119;9388.39388294045;104202.093632094;104624.176254884;84.8516690833931;33445.7752705575
1.9953;10656.7036374131;129785.715588929;130222.491541768;85.3059744123727;33448.4373205508
1.5849;12135.3608786786;162379.599605709;162832.433353328;85.725972966207;33453.9934255368
1.2589;13970.6536046557;202878.534418447;203358.990187103;86.0607078522285;33456.7954755297
1;16197.9235363541;253313.656033998;253831.00886259;86.3412520007418;33461.8745695169
0.79433;19125.7690514423;316844.523021309;317421.245052076;86.5456313516497;33464.981624509
0.63096;22867.2534000114;396303.513779799;396962.701411953;86.6976171449987;33468.4836935002
0.50119;27896.2925425418;496092.466662299;496876.180367608;86.7815307625313;33472.2757594906
0.39811;34555.0618594682;620995.551911771;621956.210511895;86.815082557718;33476.4578374801
0.31623;43637.734126074;777657.816381199;778881.204817803;86.7882549329455;33481.239928468
0.25119;56087.2847229107;973798.836465544;975412.711322359;86.7036125567497;33486.6670284543
0.19953;73610.1592968062;1219838.2705935;1222057.22531977;86.546719823751;33492.8491424387
0.15849;97852.5982894232;1527846.13303473;1530976.46527345;86.3354334208216;33500.1812784202
0.12589;133415.332645043;1912852.17801826;1917499.18016514;86.0102634379802;33508.6734343987
0.1;181330.755400288;2393850.8011734;2400708.74975133;85.6681995305845;33518.880622373
