Frequency (Hz);Z' (Ω);-Z'' (Ω);Z (Ω);-Phase (°);Time (s)
10000;99.6865485202329;46.2248727017723;109.882422671562;24.8772589870019;1786.49508148953
7943.3;99.4001008368969;55.8816579667434;114.03131036473;29.3442220870739;1787.58209948679
6309.6;100.017181777916;68.8752030798358;121.438174599609;34.5526082911153;1788.75912148382
5011.9;99.5710729497241;85.196466951117;131.045169881656;40.5514446903546;1789.9561414808
3981.1;100.613422618449;106.207520629735;146.297977598169;46.5493599064362;1791.11316447787
3162.3;101.47789744811;133.023294215397;167.310969378595;52.6615074787843;1792.28518647492
2511.9;101.154983539569;166.649271033103;194.946942091317;58.7425316221201;1793.46720647193
1995.3;103.905963333016;209.678032938587;234.011381588924;63.6392815554524;1794.63922746897
1584.9;106.130512489689;265.78759094033;286.193517011109;68.2328899090831;1795.77124946611
1258.9;107.584873242676;329.801907953908;346.90604411091;71.9331257247039;1796.9232734632
1000;112.472218708992;413.329308477142;428.358631554817;74.7776527113101;1800.64634145381
794.33;118.098308162087;518.129816591705;531.418589467946;77.1598268056909;1801.8383634508
630.96;126.423553095226;649.715459887986;661.90112070813;78.9888124821442;1803.01538544782
501.19;138.613409047664;814.044320394949;825.761365489504;80.3365039592429;1804.20240744483
398.11;156.342495282026;1020.4043682775;1032.31199287367;81.289099380833;1806.90845843799
316.23;182.580901538007;1277.10633154008;1290.09161212148;81.8638681789565;1808.03047843516
251.19;220.408582110543;1594.89299332364;1610.05080765199;82.1317628216234;1809.24750043209
199.53;274.705645106004;1989.00296674171;2007.88346105057;82.1364987547028;1810.44452242907
158.49;353.393522085621;2472.51428971403;2497.64166651107;81.8658736551967;1811.66654542598
125.89;463.385574318839;3063.30906906947;3098.1589118588;81.3981049759476;1812.91356642283
100;612.744537340806;3780.86097718654;3830.19132640302;80.7944081737866;1814.15058941971
79.433;813.88413534505;4645.74478107902;4716.49784868914;80.0632387000271;1815.43261541647
63.096;1071.24399186394;5678.70496074426;5778.86266676117;79.3171313914463;1816.75964041312
50.119;1385.94520124508;6913.10889706624;7050.66796293448;78.663584891657;1818.3516694091
39.811;1756.5087369764;8386.60872403663;8568.57799364409;78.1708408462031;1819.76869440553
31.623;2171.43333959016;10163.8388158582;10393.206541921;77.940453928279;1821.96773539997
25.119;2637.23364486771;12316.5185584085;12595.6988967363;77.9142290840364;1823.41476339632
19.953;3126.39690655957;14945.6622344342;15269.1577123016;78.184993992586;1825.1667953919
15.849;3663.63751439957;18184.9452744466;18550.322759228;78.6093576380075;1826.96882938735
12.589;4220.89245868489;22222.8365859237;22620.1326051032;79.2456324174101;1828.79586038273
10;4805.13109339074;27214.386102262;27635.3414262908;79.9867272766718;1830.93790137733
7.9433;5427.13907623379;33476.4921830297;33913.5572807282;80.7914437572225;1833.1249423718
6.3096;6102.4747060554;41269.4379807624;41718.1819928199;81.5886764459019;1835.31698136627
5.0119;6811.36685074343;51036.7182336913;51489.235053947;82.39821895426;1837.59402336052
3.9811;7619.41390317498;63299.3423291824;63756.271907436;83.1362647027208;1839.88606735473
3.1623;8488.99155956276;78645.1504139397;79101.9763427535;83.8393211880074;1842.20811134887
2.5119;9569.57765891899;97765.1405700393;98232.375148164;84.4095072764144;1844.68515534262
1.9953;10679.4523525861;122065.966275363;122532.244022907;84.9999701405145;1847.23220133619
1.5849;12014.9851961713;152219.116775682;152692.564917985;85.4868769569733;1849.86925332953
1.2589;13570.872638886;190440.304863718;190923.226195156;85.9239638483484;1855.72036331476
1;15404.4144000958;237614.845083164;238113.650568181;86.2907428966912;1860.54945030256
0.79433;17855.3361350635;297387.638922108;297923.17938046;86.5640510375233;1863.53650429502
0.63096;20916.4976869514;372148.121170357;372735.461106285;86.7830887109362;1866.8735652866
0.50119;24905.439586679;466028.735926366;466693.757864976;86.9409173904032;1870.53563427735
0.39811;30154.4783807967;583597.598549799;584376.119977117;87.0421584066099;1874.61271126706
0.31623;37170.9679710032;731585.828390507;732529.525112623;87.0913737338811;1879.28979725525
0.25119;46876.7230169781;916923.420897693;918120.899964454;87.0733629051023;1884.61189324181
0.19953;60184.6727482499;1149083.37437664;1150658.41851638;87.0018018152166;1890.7540082263
0.15849;78715.9517044044;1440574.074524;1442723.07295732;86.872350239416;1897.82614020845
0.12589;107441.281736709;1806839.4251988;1810031.03218535;86.5969905148;1906.23329418722
0.1;146211.036054495;2264663.50567408;2269378.43053911;86.3060009655029;1916.89049116032
