Frequency (Hz);Z' (Ω);-Z'' (Ω);Z (Ω);-Phase (°);Time (s)
10000;90.5619416057082;46.0394632609824;101.592802130638;26.9476637008523;85174.4780619551
7943.3;90.4364867732615;55.4073080190736;106.060020374365;31.4943610066475;85175.8950889515
6309.6;90.9701949903833;69.6117837111639;114.54857837633;37.4237690006966;85177.3921159478
5011.9;91.7081331325179;85.8627698027339;125.629602088238;43.1145911435753;85178.8991429439
3981.1;92.3189410698395;106.762232264466;141.141634957047;49.1495249030476;85180.3661699402
3162.3;92.7729517347277;134.573990250866;163.453294324753;55.4183006366454;85181.8281979366
2511.9;93.5926365964953;167.177829876538;191.593341291685;60.7582050238145;85183.2852239329
1995.3;94.3555873504833;209.850195554249;230.087117063105;65.789740348079;85184.7822509291
1584.9;98.1541831787292;262.83027722106;280.56015094732;69.5218125466558;85186.1292759257
1258.9;97.6095368767497;332.265161814636;346.305875556566;73.6287941694018;85187.6313049219
1000;101.975583406192;416.490865230001;428.793260710879;76.2420934712486;85191.8843859112
794.33;106.752421907123;522.362400769957;533.159035674338;78.4498115417826;85193.4014109073
630.96;113.852243032602;655.60408596251;665.416449131139;80.1482631639646;85194.8584399037
501.19;124.108984934411;821.821144624016;831.139599521391;81.4122538819154;85196.3704668998
398.11;139.14714043582;1031.38781461158;1040.73183424968;82.3164741941692;85199.466526892
316.23;161.392913243795;1291.41124556476;1301.45713629625;82.8764467477385;85200.8935488884
251.19;193.797715388622;1616.51568911908;1628.09106860089;83.1636616363023;85202.4155788846
199.53;240.087908892024;2018.4193536478;2032.6482458055;83.2166265086101;85203.9076048808
158.49;307.900348298338;2515.69188602032;2534.46410309373;83.0221638584542;85205.4496348769
125.89;402.274837264982;3124.3568105733;3150.14769883451;82.6632778492071;85207.016663873
100;533.915359306373;3872.17004411403;3908.80627064547;82.149257732701;85208.5386918691
79.433;710.17716263635;4775.56631881736;4828.08298062005;81.5415015350945;85210.1157198651
63.096;937.161849928404;5867.69807562819;5942.06639475629;80.9256221431486;85211.757751861
50.119;1222.3674669312;7183.29216474297;7286.55395562741;80.3425918244464;85213.6397848562
39.811;1556.39601040383;8762.08697285388;8899.24360050093;79.9276954305574;85215.331819852
31.623;1934.62114178754;10679.6260331819;10853.4405222892;79.7321810261981;85217.1738528473
25.119;2358.31800542455;13015.1603549791;13227.0957840536;79.7295668756499;85218.9058848429
19.953;2805.51455555565;15891.1734767762;16136.9236966167;79.9878598900897;85220.9479218378
15.849;3294.20193268078;19446.5268392053;19723.5689590199;80.3854836034685;85223.0249588325
12.589;3787.592154294;23852.3571843452;24151.2069590084;80.9771543040223;85225.1419978272
10;4346.3720015134;29354.7124632405;29674.7383033964;81.5777567405276;85227.6890448208
7.9433;4942.55212302394;36231.3652330491;36566.9338082838;82.2318665068292;85230.1610938145
6.3096;5570.64498762966;44809.3550489381;45154.2953159497;82.913416621196;85232.6331388083
5.0119;6278.09867705514;55628.8770466893;55982.0192961501;83.5610247827539;85235.2051848018
3.9811;7080.2833306215;69135.5677208119;69497.173583685;84.1526339794924;85237.8222337952
3.1623;8000.84442739352;86069.9713981277;86441.0405306754;84.6891928209086;85240.4592817885
2.5119;9115.81197710605;107220.192837671;107607.006185235;85.1404252870223;85243.1613317817
1.9953;10382.8727793719;133778.954104599;134181.267725689;85.5620477569998;85245.9983837745
1.5849;12036.5846785663;167267.398759083;167699.916691554;85.8840825908559;85251.75949276
1.2589;13937.3987983752;209128.655558498;209592.570624461;86.1871557509412;85254.6815477526
1;16353.1775318118;261042.608957048;261554.334902883;86.41535443721;85259.8206417396
0.79433;19585.7154377856;326663.681008847;327250.302886734;86.5688348159605;85263.1127037313
0.63096;23814.836478968;408682.009576827;409375.294061908;86.6650151471218;85266.7597697221
0.50119;29560.1552901734;511686.934852689;512540.06875533;86.6936975523853;85270.7168447121
0.39811;37041.9527965514;640444.985292637;641515.304145948;86.6898238293411;85275.0639247012
0.31623;47527.7087415174;801590.512991699;802998.277467962;86.6068051993621;85279.9910156887
0.25119;61544.8902815963;1003333.51587623;1005219.3380553;86.4898514069559;85285.6181186745
0.19953;81956.7882308392;1255677.62994845;1258349.40516935;86.2656601640353;85292.0052386584
0.15849;110283.106830602;1572252.2124557;1576115.28233947;85.9876513160596;85299.4973756395
0.12589;150263.434349236;1967121.53535543;1972852.30936367;85.6318034746619;85308.2195386175
0.1;211291.613306381;2457893.771348;2466958.84381659;85.0866760889399;85318.6317305912
