Frequency (Hz);Z' (Ω);-Z'' (Ω);Z (Ω);-Phase (°);Time (s)
10000;91.9663685117679;46.4709956634634;103.040605467922;26.8076632865405;67797.5883208275
7943.3;92.4965936280874;57.0334328494979;108.666610766131;31.6579985677353;67798.9203418242
6309.6;92.385929732771;69.9109581729896;115.856385604135;37.1157886882244;67800.3473688206
5011.9;93.6127596233361;86.111246326262;127.194714937998;42.6099146287763;67801.759394817
3981.1;93.3704967497621;106.648638060282;141.746187473986;48.7979708546193;67803.1814218134
3162.3;93.9525814855329;133.210024045872;163.009196286889;54.804811889082;67804.5984478098
2511.9;94.26774511456;167.94003336406;192.588324088729;60.6937230776217;67806.0254738062
1995.3;96.1198190842634;210.417593640836;231.332192602741;65.4488400971311;67807.4224978027
1584.9;96.5158114232958;263.950936601906;281.043410859818;69.9146488417643;67808.7145237995
1258.9;99.4725592204349;329.546068903826;344.231610355337;73.2037070826986;67810.1115467959
1000;103.667455667342;416.00929791388;428.73147460309;76.0071723050084;67814.2696287854
794.33;108.561836696348;522.169251708195;533.335166491373;78.2552088245599;67815.646652782
630.96;115.710695421957;654.92477733276;665.06798825338;79.9805045521995;67817.0786767783
501.19;126.168098684443;821.07095927338;830.70807705701;81.2640980623137;67818.6157077745
398.11;141.325566047648;1030.21951934224;1039.86786355404;82.1889158489251;67821.6317647668
316.23;163.890545027383;1290.65448272317;1301.01848738701;82.7631691821643;67822.9937877634
251.19;196.817066624954;1614.31380081166;1626.26750727112;83.048807589118;67824.4958137596
199.53;244.597762004794;2015.07566390312;2029.86649719443;83.0790728561347;67825.9578407559
158.49;311.687406979724;2511.2631336426;2530.53187414468;82.9248711778922;67827.4298717522
125.89;407.325513609976;3121.23412659843;3147.70019968235;82.5648373859818;67828.9168957485
100;540.94396624643;3864.91064294011;3902.5830743919;82.032476398728;67830.4189237447
79.433;718.898449405483;4766.31143635741;4820.22195432006;81.4227816128627;67831.9759517407
63.096;950.182691313354;5851.57637069772;5928.22006752275;80.7767770009542;67833.5579817367
50.119;1231.99939406523;7163.13318051208;7268.30788208164;80.2410810815642;67835.430015732
39.811;1570.09414210094;8730.35427375855;8870.41607594558;79.804733047008;67837.0920497278
31.623;1957.29497806675;10639.2938300229;10817.8360512964;79.5759369318871;67838.8290817234
25.119;2378.66364032275;12970.2696478767;13186.5816439449;79.6078049139681;67840.5111117192
19.953;2830.86641230377;15811.8161439996;16063.2292648756;79.8495978540791;67842.4931487142
15.849;3325.84254823219;19335.1810172374;19619.1348847234;80.2400678181848;67844.6251887088
12.589;3832.32461392098;23714.7459256689;24022.4038402799;80.8203094373869;67846.7522257034
10;4380.18719337271;29192.4235015525;29519.2078102204;81.4666936198258;67849.1742736973
7.9433;4997.14497604601;35983.7411031189;36329.066622856;82.0937696496586;67851.6113166912
6.3096;5601.03613717527;44541.4383637365;44892.219117799;82.8327398177589;67854.0733646849
5.0119;6343.57025016178;55238.768338944;55601.8202141104;83.4489025234732;67856.6504086784
3.9811;7126.80663934507;68661.1857179075;69030.0644434263;84.0741059643812;67859.192456672
3.1623;8058.2799302083;85419.4601049023;85798.7181725146;84.6107944166796;67861.8645076653
2.5119;9224.48270247113;106386.823379244;106785.988171925;85.0444486106432;67864.5815586584
1.9953;10293.0111326286;132879.532820944;133277.591218062;85.5706437801301;67867.3636106514
1.5849;11948.3634782371;165971.692803213;166401.220553733;85.8823592422184;67871.6826906405
1.2589;13871.0923598018;207485.671547996;207948.81846497;86.1752819186966;67874.5447426333
1;16250.1275510481;259156.895557782;259665.868301116;86.4120331382775;67879.6638376203
0.79433;19391.7350660751;324043.155078709;324622.866942914;86.5753292733344;67882.9008976122
0.63096;23478.1955490926;405548.412923128;406227.449701161;86.6867045790287;67886.4979626031
0.50119;29035.9043418706;507575.461899409;508405.284456553;86.7259575237039;67890.4000345932
0.39811;36226.5224925937;635417.141845759;636448.980738708;86.736974470837;67894.7271155823
0.31623;46274.4667906535;795755.051199808;797099.383883069;86.6719041267269;67899.6592085698
0.25119;60077.2564806106;995566.359725548;997377.387633897;86.5466851169442;67905.2263085558
0.19953;78971.1074727799;1246379.75322026;1248879.06742521;86.3745633573704;67911.5184265399
0.15849;107425.473656856;1560450.86334392;1564144.21627329;86.061823896817;67918.995564521
0.12589;144547.841256287;1952853.92720289;1958196.24639708;85.7667567413065;67927.6377264992
0.1;203953.984634482;2444328.85186857;2452823.01928316;85.2303079279705;67938.019916473
