Frequency (Hz);Z' (Ω);-Z'' (Ω);Z (Ω);-Phase (°);Time (s)
10000;96.095116049247;45.3219525125621;106.246650338113;25.2502699529051;21534.8977366296
7943.3;96.9618782373047;56.629575783699;112.287642618178;30.2866198541907;21536.0847566266
6309.6;97.1245622272254;69.802413815005;119.605842508764;35.704409883817;21537.4067786233
5011.9;97.5872313328396;85.6951750170174;129.872748259234;41.2876366702104;21538.70880462
3981.1;98.4643440904861;106.864303610419;145.310723772575;47.3426541288605;21540.0108266167
3162.3;99.0002826680291;132.964642405989;165.772893135465;53.3300691477773;21541.3178506134
2511.9;100.972338773988;167.907736932298;195.929633591284;58.9791469402589;21542.6198746101
1995.3;100.474999438094;209.603566416426;232.441133551207;64.3889302063193;21543.9368996068
1584.9;101.44661432593;264.600676717112;283.381251457022;69.0234189242305;21545.1889226036
1258.9;107.075729346187;329.683835102537;346.636182391474;72.0070806762896;21546.4459486005
1000;108.960306482953;415.019229891428;429.084268609947;75.2894024888644;21550.4290205904
794.33;114.016311868342;520.369487852228;532.713922532206;77.641423666516;21551.756043587
630.96;121.585897426546;652.692730453829;663.920876942647;79.4476917200875;21553.0530705838
501.19;132.747376297378;818.252651910994;828.950703162265;80.7850328566415;21554.3800935804
398.11;148.875899836543;1026.30098027097;1037.04278390879;81.7462086827386;21557.2361485732
316.23;172.567072048561;1284.81794844009;1296.35510373864;82.3502432436045;21558.4481695702
251.19;207.228918929108;1606.4309817775;1619.74205478995;82.6494624065704;21559.7751945668
199.53;256.820437324388;2004.2198572546;2020.60732782031;82.6979200280459;21561.0922175635
158.49;328.812074966771;2495.72176950734;2517.28912352888;82.4944922553632;21562.45424356
125.89;429.943087184596;3099.08534215994;3128.76669251774;82.1016422988439;21563.8362695565
100;569.007471279939;3831.98528932492;3874.00061434882;81.5539247875789;21565.2082935531
79.433;755.777193026599;4721.43188264311;4781.53931155419;80.9056043836008;21566.6253205495
63.096;996.035551821046;5789.72868309953;5874.78042520713;80.2386750709031;21568.0723465459
50.119;1289.61864016054;7068.32375450869;7185.00639774255;79.6600920248629;21569.8093795415
39.811;1642.67540334521;8605.28653130182;8760.66999530058;79.1927456849265;21571.3514085376
31.623;2039.37028605091;10468.9757475187;10665.7622496361;78.976757974778;21573.6754515317
25.119;2479.76971062648;12735.3317013383;12974.5108332011;78.9814813544931;21575.152478528
19.953;2954.22098629361;15499.304437253;15778.3351363352;79.2086658296531;21577.0295115232
15.849;3461.42252907457;18954.9088249063;19268.3682361869;79.6510486885568;21578.9515505184
12.589;4007.30834082308;23170.5722421274;23514.5473731917;80.1878613112457;21580.9285855134
10;4588.41815347065;28473.4090323787;28840.7455360683;80.8456298180545;21583.2356295076
7.9433;5220.33789676678;35060.7089407656;35447.2176508326;81.5312052155588;21585.5376715018
6.3096;5900.94106341604;43350.5476125139;43750.3266700804;82.2484552010168;21587.8397114959
5.0119;6650.5897721427;53690.0659291412;54100.4022516733;82.938739285553;21590.2817594898
3.9811;7464.7952696738;66662.856618581;67079.5022415017;83.6107309804346;21592.6988024837
3.1623;8396.36342112719;82853.2866328386;83277.6442063712;84.213393036659;21595.2208484773
2.5119;9563.64831675541;103151.844831717;103594.239518003;84.7030063536937;21597.727897471
1.9953;10737.8225433496;128707.368450091;129154.510282529;85.2309610557779;21600.3849444643
1.5849;12341.4944601693;160683.151088803;161156.407037814;85.607940445528;21605.8010494506
1.2589;13809.9356730673;200760.646251801;201235.065052627;86.0649332314311;21608.5380954437
1;16356.9096673556;250665.638352231;251198.747497668;86.2665202601328;21613.6071944309
0.79433;19247.1396407727;313429.508082844;314019.918032925;86.4859823762958;21616.8092504228
0.63096;22939.3834611932;392089.860730084;392760.326663623;86.6517029362489;21620.286316414
0.50119;27801.3505080152;490544.779909947;491331.961291923;86.7562637857339;21624.1283854043
0.39811;34153.6089407104;614185.22197063;615134.095861046;86.8171745572763;21628.3404633937
0.31623;42710.3952150789;768946.128405049;770131.369474418;86.8208261054176;21633.1325513816
0.25119;54539.4539000713;962919.226533242;964462.538857313;86.7582479816023;21638.529652368
0.19953;71337.2633860173;1205267.98023654;1207377.28541284;86.612735693876;21644.7767683522
0.15849;94407.3247214812;1509566.00231863;1512515.20928462;86.4214179937162;21652.0789023338
0.12589;126391.536645638;1890758.04897388;1894977.78886591;86.1756376623603;21660.686061312
0.1;178377.852174721;2367766.90961321;2374476.53102863;85.6917091249999;21670.9082502862
