Frequency (Hz);Z' (Ω);-Z'' (Ω);Z (Ω);-Phase (°);Time (s)
10000;90.1037530299848;45.4777887102538;100.930251045279;26.7813067853639;78375.1981701216
7943.3;91.1632164770173;56.5084788705832;107.256422757347;31.7931398890822;78376.6101931181
6309.6;91.3018856011081;68.8271886787796;114.338166050283;37.0105185287461;78378.1972241141
5011.9;91.5942110897326;85.204401959395;125.097120743879;42.9301318794858;78379.7842551101
3981.1;92.187219719545;107.016934771764;141.248390460081;49.2575198002954;78381.3362811062
3162.3;92.3750714636268;133.703354644022;162.510740786495;55.3595722138744;78382.8583111023
2511.9;93.0247454133946;167.988902861792;192.025713757131;61.0242760186933;78384.4903390982
1995.3;95.0547246625141;208.559657248632;229.199762897637;65.4980407660395;78386.0573680942
1584.9;96.4808608147961;264.541638765453;281.586283657915;69.9626045922874;78387.5743990904
1258.9;99.5288235259842;330.472799217519;345.135129674059;73.2392220643703;78389.0714240866
1000;102.283614120655;416.074846987947;428.462619155542;76.1888538174983;78393.3495050758
794.33;107.170113356994;522.192534270287;533.076426082204;78.4021709824391;78394.9415360718
630.96;114.248063359855;655.205533343695;665.091656018682;80.108792624954;78396.5135610678
501.19;124.602487662612;821.927017050514;831.318110767032;81.3797118226855;78398.0905910639
398.11;139.714552762643;1031.18474599811;1040.60661954115;82.2840180716912;78401.1716510561
316.23;161.862629389489;1290.91269797932;1301.0207932993;82.8531978472397;78402.6686760523
251.19;194.39070215032;1614.58826136078;1626.24813568118;83.1348349239497;78404.2857070482
199.53;241.267604229456;2017.00220529218;2031.38079960508;83.1788644987087;78405.8527360443
158.49;308.64491170268;2514.3825448637;2533.25507271479;83.001850797048;78407.5797680399
125.89;403.686245734942;3123.66434853797;3149.64149504713;82.6362042280929;78409.2067970358
100;535.416620472284;3865.72120450243;3902.62365446858;82.1144914708591;78410.8088260317
79.433;712.918417210338;4772.55407885271;4825.50775620258;81.5040463077166;78412.4258560277
63.096;941.532031825368;5863.25638290284;5938.37166053154;80.8772256251044;78414.1278890234
50.119;1225.05427223198;7168.84510390073;7272.76413020767;80.3026314355128;78416.0799240184
39.811;1561.09143084674;8755.33156110825;8893.41538445166;79.8902998827643;78417.9069590138
31.623;1941.72383028537;10666.1089331618;10841.4100193274;79.6825116252518;78419.7739920091
25.119;2358.15643708744;12992.5018630778;13204.7721087438;79.7127275517413;78421.6060280045
19.953;2812.67802888028;15868.7210601214;16116.0623533817;79.9489024396939;78423.7380659991
15.849;3313.3299263911;19418.3389291409;19698.9858106479;80.3169367940049;78425.9451059935
12.589;3806.1107676984;23828.1867151122;24130.249922167;80.924726530181;78428.1721499879
10;4349.41446593214;29303.3981881352;29624.4249154117;81.5573996531032;78430.7391959814
7.9433;4941.9742764645;36166.6570902622;36502.7422919683;82.2190368242128;78433.286243975
6.3096;5551.54516248985;44719.8495078178;45063.1178869488;82.9234760014581;78435.8432919685
5.0119;6303.32875222182;55495.2784275601;55852.1072217603;83.5199361499285;78438.5353419617
3.9811;7103.15231764996;68994.5867741488;69359.2659778294;84.1219759883026;78441.197391955
3.1623;8008.88847109929;85886.9358093379;86259.538818961;84.6726197358973;78443.8844399482
2.5119;9180.80405975843;107060.282706653;107453.205147228;85.0986717580577;78446.6364909413
1.9953;10311.9196453685;133645.307238764;134042.544864368;85.5878649388547;78449.5735439339
1.5849;12020.3741562403;166931.166377853;167363.388180111;85.8813560942278;78455.474654919
1.2589;13964.3269345002;208667.122413053;209133.857619654;86.1713863816193;78458.4717109114
1;16320.9779872494;260496.994308616;261007.774532261;86.4149204618399;78463.8208118979
0.79433;19496.1529620936;325832.678689419;326415.4323592;86.5757975715102;78467.2928718891
0.63096;23649.1989963272;407721.232821981;408406.523340463;86.6803721245792;78470.9899408798
0.50119;29319.4001044698;510243.068914626;511084.745025619;86.7113073264398;78475.0220168696
0.39811;36815.9129977458;638846.793199132;639906.740572931;86.7017664503236;78479.4340968585
0.31623;47158.9644331201;799770.516019762;801159.688339922;86.6254262792422;78484.5711938455
0.25119;61164.0354477832;1001166.95392434;1003033.55320866;86.5039887596245;78490.2732968311
0.19953;81106.5624218266;1253808.66143531;1256429.23953484;86.2987989163725;78496.7254198148
0.15849;109535.571461058;1568696.52179817;1572516.07906469;86.0057564607271;78504.2675567958
0.12589;150542.124805365;1963393.80628793;1969156.71542687;85.6154568391149;78513.0697227736
0.1;207860.149547512;2455705.01041364;2464486.34403613;85.161801306208;78523.571915747
