Frequency (Hz);Z' (Ω);-Z'' (Ω);Z (Ω);-Phase (°);Time (s)
10000;93.0525886183525;44.9247228159946;103.3296422556;25.7707175606446;41368.2989645551
7943.3;95.2988935643127;56.3758508464937;110.72540662941;30.6072342905829;41369.5559855519
6309.6;95.2109004303237;69.3352677573051;117.781555923371;36.0631650242014;41370.9480085484
5011.9;95.1561553283111;85.665290806067;128.036072830096;41.9954452270491;41372.3450355449
3981.1;95.953641378853;106.511036863437;143.358649085383;47.984949565997;41373.7070625414
3162.3;95.9542172596977;134.170479966065;164.951294339407;54.4289242349489;41375.1090885379
2511.9;97.6044395923684;167.277855959395;193.671132909663;59.7369979198354;41376.4861125344
1995.3;98.093492450169;207.627803468824;229.633704047033;64.711666989852;41377.8731375309
1584.9;98.7149832386348;262.366429774889;280.322655860395;69.3812645384611;41379.2201635275
1258.9;101.683525865987;329.973425678373;345.285390780524;72.8729670718236;41380.607189524
1000;106.182895368743;415.586667882996;428.937158323899;75.6674876470475;41384.6902675137
794.33;111.132422917364;521.279362676842;532.993986247742;77.9651879409453;41386.0872905102
630.96;118.371586287659;654.008372475425;664.634323299821;79.7408716153554;41387.4843175066
501.19;129.205614543698;820.476900556654;830.588005678308;81.0507699321014;41388.9063425031
398.11;144.657683833558;1029.24687472673;1039.36277335049;81.9996468642513;41391.8874004955
316.23;167.391327298017;1287.91382503397;1298.74627128175;82.5947271109003;41393.1694234923
251.19;200.544726969129;1610.5679302014;1623.00562084927;82.9021759265255;41394.6664504885
199.53;248.167300070896;2011.5650664581;2026.8154887456;82.9669428141045;41396.068476485
158.49;317.655950148661;2506.06203850737;2526.11405987785;82.7759967531235;41397.4955004814
125.89;415.575081233813;3112.06344401977;3139.6881258728;82.3939012018261;41398.9675314777
100;549.798420899249;3852.90916485119;3891.93876316389;81.8788921525862;41400.3845564741
79.433;730.986947190113;4751.09615151323;4807.0007861333;81.2532595706091;41401.9065844702
63.096;963.355978767821;5832.15085360622;5911.17909735846;80.6205628504479;41403.4336134664
50.119;1255.28763982448;7130.22906970297;7239.88353809185;80.0153077504519;41405.2056454619
39.811;1594.67320087926;8692.93175145163;8837.98874478794;79.6049629426186;41406.8276764578
31.623;1980.78585316309;10587.2691025147;10770.9692992392;79.4029683486865;41408.5397074535
25.119;2407.91470774368;12886.3188572516;13109.3579907838;79.4158708527884;41410.1917374493
19.953;2870.95895555322;15708.9302802351;15969.1232030365;79.6429449366061;41412.1887724443
15.849;3354.12571646781;19208.9115317549;19499.5497783066;80.0952703522435;41414.2108134392
12.589;3888.93254762768;23538.4309377539;23857.525591968;80.6185505147223;41416.277848434
10;4455.53983022103;28948.6600089088;29289.5331388208;81.2501645341715;41418.619893428
7.9433;5039.83187291197;35669.5705072192;36023.8555054384;81.9577885034188;41421.006936422
6.3096;5711.78765696662;44122.6909320469;44490.8571880022;82.6239445082496;41423.398980416
5.0119;6444.93290865868;54753.14540838;55131.1535550302;83.2866679471032;41425.8660294097
3.9811;7250.86149392629;67915.9150279426;68301.8777669166;83.9060523217964;41428.4180734033
3.1623;8145.93009861589;84523.541963847;84915.1654493221;84.4951382403302;41430.9351213969
2.5119;9324.89030878647;105334.197999244;105746.143416272;84.940981275788;41433.5921713902
1.9953;10529.8377457454;131280.155064292;131701.771425658;85.4141855671337;41436.3492213833
1.5849;12021.6685964844;164242.287833047;164681.661482016;85.8137166555265;41441.9003273693
1.2589;13840.9418122961;205153.348564416;205619.717190361;86.1403134670867;41444.7223753621
1;16172.7419775149;256100.096211548;256610.24309765;86.3865651285085;41449.8364723492
0.79433;19161.0714491028;320282.101967822;320854.751406308;86.5763258307502;41453.0235283412
0.63096;23023.6753037458;400919.257176477;401579.805766464;86.7132730152795;41456.645596332
0.50119;28100.373072299;501893.313705085;502679.35039016;86.7954273368867;41460.602671322
0.39811;35011.7004747646;628383.971779317;629358.590280043;86.8109455468893;41464.8997513112
0.31623;44377.114346839;786790.534258583;788041.0351477;86.7717834259656;41469.7568402989
0.25119;56664.5559897524;984937.407579396;986566.048855695;86.7073389277796;41475.293941285
0.19953;75164.3691550074;1234011.491074;1236298.52482851;86.5143866128231;41481.6610612689
0.15849;99749.3177843011;1544413.58958774;1547631.50074613;86.3045600123936;41489.0781962501
0.12589;138867.850504285;1933490.34350337;1938470.83762549;85.8919356320677;41497.6503552285
0.1;192013.101287078;2424276.17785458;2431868.42110734;85.47138184092;41507.8925452026
