Frequency (Hz);Z' (Ω);-Z'' (Ω);Z (Ω);-Phase (°);Time (s)
10000;94.9342019740294;46.4214416345546;105.676170198755;26.0579595307881;33942.7474733028
7943.3;96.0064349182302;56.0536570574623;111.172154855539;30.2786528100565;33944.0294952996
6309.6;95.9134653287108;69.2919837644193;118.324857259032;35.8459544949762;33945.3265212963
5011.9;95.8815064232384;85.7575914481249;128.637583019011;41.8098384936493;33946.633545293
3981.1;96.2055081816647;107.19697464496;144.037117360508;48.093141777998;33947.9255672897
3162.3;96.933191839119;133.496737334772;164.977036460074;54.0162582623586;33949.2075932865
2511.9;97.975133034653;167.07997819818;193.687495228428;59.6127847923364;33950.4946172832
1995.3;98.4644389405132;209.513193894552;231.497352364484;64.8279901660399;33951.78663928
1584.9;100.155782712;262.800746851455;281.23906797658;69.1376959411756;33953.0736652767
1258.9;101.798215411778;332.9364727496;348.151650215776;72.9985331025732;33954.3656882735
1000;107.42667196593;415.295598319019;428.964944759857;75.4969058569967;33958.2637622636
794.33;112.436084228907;520.756955023173;532.756679208939;77.8163514575106;33959.5857842603
630.96;119.900219353027;653.355845715273;664.266455371053;79.6011043741789;33960.867808257
501.19;130.739916797439;819.094268180171;829.462685122008;80.9312200019635;33962.1948332537
398.11;146.715288728116;1027.63204159133;1038.05249811931;81.8747764408545;33965.0958872464
316.23;170.127199954866;1286.59210485377;1297.79139634864;82.4674284345596;33966.3329082433
251.19;204.30364052709;1608.49622151182;1621.41915375094;82.7613198774426;33967.6799352399
199.53;253.610387623232;2007.16402647726;2023.1227490923;82.7986905682752;33968.9869582365
158.49;324.538734223589;2499.91208158606;2520.88988368619;82.6032266168182;33970.3339822332
125.89;423.928041563779;3104.71854593293;3133.52712352773;82.2247367711588;33971.7260092296
100;561.264066261597;3842.0203459021;3882.80023828193;81.6886995230874;33973.1080352261
79.433;745.866573168791;4734.26992835851;4792.66405035135;81.0468544013626;33974.5250612226
63.096;983.764950323037;5806.2477854394;5888.99879634935;80.3835801086227;33975.9820892189
50.119;1276.81817136551;7090.16428006148;7204.21363932171;79.7914191212519;33977.6291182147
39.811;1626.20449876125;8642.11739408686;8793.78952016535;79.3431542325074;33979.1961462108
31.623;2013.182384425;10510.0751214134;10701.148647258;79.1564614999109;33980.8431772066
25.119;2451.72323214063;12791.1258695252;13023.9720445437;79.1495031719521;33982.4252082026
19.953;2922.25328427458;15576.3646716166;15848.1134726074;79.3743575979772;33984.3372411978
15.849;3422.73570894491;19005.4476116253;19311.1925745543;79.790901193885;33986.2642801929
12.589;3942.38339939934;23277.9987169172;23609.4813821197;80.3875462390949;33988.231313188
10;4519.6665774489;28641.6561173373;28996.0661317206;81.0326436042205;33990.5233571822
7.9433;5142.09551512689;35320.3240664752;35692.6664519129;81.7168096989784;33992.8354001763
6.3096;5785.9526084925;43630.3495871387;44012.3238727934;82.4459102359216;33995.2424451703
5.0119;6513.28541849988;54093.1228821669;54483.8400820652;83.1341403971871;33997.6794901641
3.9811;7294.68507080078;67104.7575468398;67500.0808570058;83.7959701039281;34000.1565361579
3.1623;8202.18198023431;83510.1581568309;83911.9914232512;84.3905275041315;34002.6685801515
2.5119;9413.57345274376;104099.846463159;104524.606666581;84.8328930536633;34005.2706311449
1.9953;10587.4636077825;129772.540432844;130203.712067054;85.3358666486984;34007.9326811382
1.5849;12055.8743680113;162085.198652382;162532.937366429;85.7461809649911;34013.553783124
1.2589;13747.033389142;202561.731291981;203027.672771489;86.1175238932119;34016.3858351169
1;16059.1146351983;252918.510467077;253427.836079132;86.3668695447772;34021.3749321043
0.79433;18973.2816888074;316511.356388123;317079.52337023;86.5695080912936;34024.5019850964
0.63096;22725.432942553;396027.702292955;396679.1982016;86.7157725953781;34028.0890540873
0.50119;27602.9296171861;495844.146736235;496611.860083946;86.8137151667624;34031.8611210778
0.39811;34199.5617997404;620926.215208323;621867.328905633;86.8474310575891;34036.0682010672
0.31623;43119.5854485521;777703.382987272;778897.843468001;86.8264979143892;34040.7752870553
0.25119;55430.4446264178;974431.109095363;976006.414202439;86.7442423786516;34046.2073890416
0.19953;73325.3304191538;1218462.08146344;1220666.39506676;86.5561739797578;34052.4795030258
0.15849;97941.9245642347;1528024.53153299;1531160.21028303;86.3325243546471;34059.7566400074
0.12589;132049.39240335;1913416.12663491;1917967.23530425;86.0521417026326;34068.2737969859
0.1;184663.15186747;2392541.5068741;2399657.33840751;85.5864990757533;34078.5009869601
