Frequency (Hz);Z' (Ω);-Z'' (Ω);Z (Ω);-Phase (°);Time (s)
10000;99.2546256788214;45.9954784591003;109.394080083542;24.8634268491258;9.7601839753579
7943.3;99.6831499417459;56.1597579038633;114.414373179811;29.3961561747416;10.8572019725882
6309.6;100.145251101008;69.2045452301914;121.730605841758;34.6460903835173;12.0392229696039
5011.9;100.645135939241;85.8123037618605;132.261842060158;40.4516551736192;13.2162439666322
3981.1;101.214515442812;106.845656752247;147.174632675411;46.5503298044072;14.3882679636731
3162.3;101.93949549757;133.433477261928;167.917103347183;52.6211705508653;15.5502899607393
2511.9;102.860201582083;166.930044513139;196.076160791325;58.3591448246862;16.7223089577802
1995.3;104.270835187141;209.540827647135;234.050775520335;63.5443348032945;18.706347952771
1584.9;106.156503027507;262.617316474668;283.261465870996;67.9902065364472;19.65336495038
1258.9;108.879739176433;329.493682016931;347.01712362966;71.7140891245259;20.8053839474715
1000;112.733444077441;412.896000491104;428.009271669565;74.7286803586265;21.9924089444745
794.33;118.463135577484;518.22542521911;531.592988887529;77.1237785797925;23.264429941263
630.96;126.756748493561;649.539109577143;661.791755886191;78.9575804143538;24.4264509383291
501.19;138.821385527766;813.753133803997;825.509260914543;80.3188813218613;25.6034759353574
398.11;156.632995350623;1019.97094841398;1031.92762868382;81.2695113929521;28.3195249285001
316.23;182.79107333658;1276.29732467238;1289.32053324898;81.8495343982809;29.4065429257556
251.19;220.722616438593;1594.0773890427;1609.28592725615;82.1167122551077;30.6135679227082
199.53;275.612947800374;1987.78796072643;2006.80429384734;82.1060921857955;31.7855879197491
158.49;353.36361738887;2471.26965258431;2496.40532403661;81.8625112657687;32.9926099167017
125.89;462.961371185443;3062.53862993854;3097.33370676712;81.4037321653532;34.2396349135532
100;614.127703150878;3780.13951248184;3829.70071540895;80.7722545221995;35.4616579104679
79.433;815.014847070329;4643.10119349033;4714.08929634733;80.0441575229924;36.7336809072564
63.096;1071.14436258646;5676.52829272734;5776.70526369788;79.314100396886;38.060703903906
50.119;1388.76867574956;6909.47427421461;7047.66012097467;78.6352702096173;39.6377358999243
39.811;1760.20895437511;8377.3616793417;8560.28762773572;78.1339128993395;41.0447588963719
31.623;2185.80476320608;10161.6415061408;10394.0704520499;77.8604512548638;43.2388018908325
25.119;2643.8767235749;12306.1728851742;12586.9764125169;77.8747998901054;44.5758238874569
19.953;3141.49398005217;14928.5244512647;15255.4851354754;78.1163154922192;46.322859883046
15.849;3681.88331391483;18169.9225422697;18539.2111463613;78.5449098991378;48.119889878509
12.589;4228.27428489018;22176.4267372131;22575.9209393381;79.2052485924873;49.9369238739214
10;4833.81004815783;27175.3746661075;27601.9330450783;79.9140222051686;52.0839638685006
7.9433;5465.76506224189;33359.8432695822;33804.6406679129;80.6951807772175;54.246005863042
6.3096;6140.01150802439;41108.8895997237;41564.8955904011;81.5051168385596;56.5180458573057
5.0119;6886.20621105899;50877.39286775;51341.2985909064;82.2919126490723;58.8150888515062
3.9811;7706.94005536932;63072.4521423507;63541.5702061742;83.0334574546167;61.0971308457446
3.1623;8554.24924782623;78257.029071394;78723.1718064951;83.7617851234522;63.4241728398694
2.5119;9614.65499282522;97378.0864312248;97851.5881712614;84.3611600947079;65.9012218336154
1.9953;10636.3228084192;121496.366414502;121961.052860377;84.9968325361844;68.4332688272226
1.5849;12001.5568286696;151541.209411958;152015.708123703;85.471817240853;71.0653178205773
1.2589;13570.5783521995;189419.095140818;189904.592363585;85.9021520588792;76.8664258059309
1;15363.4646127233;236445.302926265;236943.911761411;86.2823283824551;81.7605167935745
0.79433;17735.8270580793;296117.787680266;296648.451440571;86.5723926542159;84.7425697860456
0.63096;20680.7647836109;370762.679025222;371339.007094588;86.8074080373342;88.0696297776456
0.50119;24580.8985478575;464094.688411716;464745.199421563;86.9681467941664;91.7316977683997
0.39811;29594.878444206;581498.354902723;582250.971304214;87.0864924327716;95.793772758144
0.31623;36517.8416255141;728661.275266833;729575.771822553;87.1309452201467;100.460858746361
0.25119;45733.4646664168;913255.837733459;914400.226894458;87.133171984177;105.672955733201
0.19953;58936.4181417768;1145212.98480271;1146728.51274576;87.0539701627072;111.815069717694
0.15849;76689.7298989765;1435707.21777343;1437753.98794046;86.94239476165;118.982203699599
0.12589;104481.439089973;1798875.78666499;1801907.45238591;86.6759086076886;127.364358678436
0.1;141013.656405513;2258079.41405234;2262478.17480297;86.4266052870619;137.446545652981
