Frequency (Hz);Z' (Ω);-Z'' (Ω);Z (Ω);-Phase (°);Time (s)
10000;97.8347419898805;45.8111239167616;108.029143358371;25.0913461047854;13011.0979121501
7943.3;97.1801862957914;55.6442579648165;111.983356142508;29.7949565176794;13012.3099321471
6309.6;97.4777933167806;69.8077539640586;119.895966168239;35.6079687803072;13013.5819541439
5011.9;98.4438701699272;85.7809682192782;130.57400232309;41.067894834198;13014.8039801408
3981.1;98.69220805834;106.577714353062;145.254814474955;47.1999529811982;13016.0560001376
3162.3;98.1093318414355;133.573027048526;165.732297845891;53.7027335724401;13017.4180271342
2511.9;101.517874876904;165.729234628843;194.350348932501;58.5103387831008;13018.6400471311
1995.3;100.316184415931;209.442443695836;232.227203568088;64.4070802291107;13019.877073128
1584.9;102.41397826212;261.960005300749;281.267963551916;68.6468510613027;13021.0040921251
1258.9;104.479341342694;328.887259318519;345.083703048187;72.3762357429635;13022.2161141221
1000;109.849456907641;414.499021923838;428.808048383798;75.1568409235083;13026.0991871123
794.33;115.105591686019;520.157650212142;532.741286471779;77.5221111491243;13027.3612111091
630.96;122.743398863462;652.373513734332;663.820113725574;79.3444290275869;13028.583232106
501.19;134.012532644404;817.667115991476;828.576412577371;80.6921927558042;13029.8552581028
398.11;150.34075110122;1025.41767352859;1036.3801168618;81.6590534835261;13032.536309096
316.23;174.566954894088;1283.72456162948;1295.53941347679;82.2561477290963;13033.6933280931
251.19;209.548304010233;1604.93265805153;1618.5547036149;82.5612465247062;13034.9853530898
199.53;260.71036390745;2001.96274229019;2018.86718616327;82.5802768108949;13036.2223750867
158.49;333.250826299161;2493.17414942744;2515.34758087273;82.3866703889551;13037.5043990835
125.89;435.641008793157;3093.58832885838;3124.11136757176;81.9842809087923;13038.8314240801
100;575.430807530669;3825.42626317923;3868.46309395305;81.4455519138921;13040.1184470769
79.433;764.352187592165;4710.00584834356;4771.62334621117;80.7822475376649;13041.4704720735
63.096;1008.34063336401;5770.95857437486;5858.38831932841;80.0889480028093;13042.8674980699
50.119;1307.7524283632;7048.85496837228;7169.14030962126;79.4895927854276;13044.5195280658
39.811;1663.8111298028;8575.35429753523;8735.27153578591;79.019759414046;13045.996555062
31.623;2065.9596967781;10423.6701246966;10626.4334721111;78.7893295341413;13048.2605980563
25.119;2505.9262130294;12654.9137432143;12900.639830386;78.7991904510641;13049.7626260525
19.953;2990.20757231529;15409.6696561031;15697.1099325881;79.0183765302874;13051.5846600479
15.849;3504.05400466129;18806.418400604;19130.074948263;79.4455474805632;13053.4516930432
12.589;4047.87304182048;22996.4190220027;23349.9585438224;80.0169544311927;13055.3487280384
10;4644.45643547983;28246.5491534054;28625.8364883337;80.6626550354813;13057.5557690328
7.9433;5277.30021465706;34789.7949693823;35187.778156162;81.3745005089172;13059.8128100271
6.3096;5985.33035664461;42920.6323535319;43335.9534463616;82.0612357572221;13062.1598550212
5.0119;6715.88097483561;53152.970272451;53575.5663157397;82.798833659958;13064.5318980152
3.9811;7522.74106301987;66055.1116134198;66482.0983676252;83.5028156803901;13066.8789440093
3.1623;8501.7668060442;82100.0004892314;82539.0217967003;84.087877035613;13069.3309860031
2.5119;9671.92147581161;102076.064090914;102533.257654903;84.5872643881017;13071.8680339967
1.9953;10954.0147458371;127390.73516327;127860.822164143;85.0853663088607;13074.3950799903
1.5849;12472.9250181091;159022.653704553;159511.059960573;85.5151934486218;13079.9311849763
1.2589;13887.9600528442;198688.963184793;199173.742059232;86.0016430877783;13082.6182359696
1;16411.5697904354;247847.885266745;248390.647678579;86.211615894698;13087.6223269569
0.79433;19206.0702163909;309874.878407766;310469.504784906;86.4533398079555;13090.7293849491
0.63096;22780.5893424681;387571.182457795;388240.101898971;86.6361492480214;13094.2064489403
0.50119;27536.9825096057;485338.990856763;486119.55468958;86.7526550339541;13097.9335179309
0.39811;33711.5476020727;607888.269146776;608822.319078391;86.8258098906184;13102.0605929205
0.31623;42140.2556220129;761851.955449583;763016.515657585;86.8340293321471;13106.8076819085
0.25119;54082.7655753705;954438.297908054;955969.356227439;86.7568316615856;13112.1047788951
0.19953;69513.9249038693;1196191.66171639;1198209.78017848;86.6741282152405;13118.3168938794
0.15849;91962.5458691214;1498056.07788163;1500876.11824588;86.487139586436;13125.5540278612
0.12589;124510.965090499;1875158.55666886;1879287.78878495;86.2011234116858;13133.9961858398
0.1;173844.823408468;2350043.30124342;2356464.62743344;85.7692418148811;13144.1433728142
