Frequency (Hz);Z' (Ω);-Z'' (Ω);Z (Ω);-Phase (°);Time (s)
10000;91.6952713748213;46.0237571975103;102.597314872649;26.6530231237509;60128.2923151907
7943.3;92.6693455281532;55.9867602435951;108.268762453397;31.1385333714489;60129.6543401872
6309.6;93.341322931652;69.7419478898738;116.518418553055;36.7660264606548;60131.1213681835
5011.9;93.2656865625029;85.5595244754053;126.565874225371;42.5324645017986;60132.5983941798
3981.1;93.3488821782573;106.817361415421;141.858952849945;48.8494281557486;60134.085423176
3162.3;94.7638746235766;133.325457654211;163.572215221222;54.5958874455694;60135.5374491724
2511.9;95.1704489519516;168.939577975907;193.902025158051;60.6056921167123;60137.0144751686
1995.3;96.8518902561195;209.890900638305;231.158990344184;65.2295479156774;60138.4765031649
1584.9;99.8473925730201;263.968652153454;282.221457588437;69.2806384029752;60139.8285271615
1258.9;100.382817636818;332.798124745799;347.607971587286;73.2149683398587;60141.3055571578
1000;104.209358044145;415.919550306848;428.775771973445;75.9340087394462;60145.4986371472
794.33;109.111265158631;521.815585772953;533.101091482738;78.1896573182199;60147.0206631434
630.96;116.268195228315;654.936746892011;665.176995732068;79.9333954288866;60148.5276901396
501.19;126.751230569378;821.165040007969;830.889822649274;81.2253387777522;60150.0047191358
398.11;142.024248462633;1030.10441739601;1039.84902648902;82.1499136339683;60153.100777128
316.23;164.58860452821;1289.6013351553;1300.06192636154;82.7268028691895;60154.4977991245
251.19;197.429029683634;1613.48670729382;1625.52070930384;83.0238676617649;60155.9648281208
199.53;244.507666756324;2014.75473685393;2029.53705282214;83.0805060638518;60157.4118531171
158.49;312.559833275378;2509.95772795647;2529.34407416341;82.9016168547891;60158.9338821133
125.89;409.157817388814;3119.98574454372;3146.70004380564;82.5288134664884;60160.5959121091
100;541.377120198065;3861.07768103097;3898.84727133924;82.0183647390913;60162.1279401052
79.433;720.167868955876;4763.90165280595;4818.02871692186;81.4035805953861;60163.6999711013
63.096;951.866074114497;5852.14338708026;5929.04977597569;80.7615980771504;60165.3170020972
50.119;1238.39957118017;7153.13400504145;7259.54265721881;80.1779218782903;60167.2090380924
39.811;1574.44660723891;8729.89222799908;8870.73280126985;79.7765362632593;60168.9260660881
31.623;1959.64333078408;10639.481434454;10818.4456914095;79.5638848135236;60170.7530990834
25.119;2386.00121603785;12956.8696917407;13174.7286124491;79.5659058778693;60172.500134079
19.953;2838.50932822279;15801.1551365009;16054.084802759;79.8160424485022;60174.5621710738
15.849;3313.9169673853;19322.9600812003;19605.0715878923;80.2683613418539;60176.6642120685
12.589;3842.83472683187;23692.603131599;24002.2253528542;80.7871096653911;60178.8062510631
10;4396.58952257729;29140.7814159211;29470.5809403298;81.4202598163158;60181.2632940569
7.9433;4994.60085640726;35987.514439561;36332.4542695981;82.098562059469;60183.7503400506
6.3096;5623.14518889597;44473.6489729598;44827.728191215;82.793892091568;60186.2223890444
5.0119;6371.97938667605;55149.4857586337;55516.3750684964;83.4092615908771;60188.7844360379
3.9811;7146.54996884578;68493.4934955237;68865.3165801084;84.043363053311;60191.3514810314
3.1623;8067.9074125264;85301.9580893631;85682.6422555733;84.5970053344427;60194.0085300247
2.5119;9312.67460282259;106151.024650006;106558.744092187;84.986253546062;60196.7805840177
1.9953;10412.6161922276;132677.971923201;133085.937685468;85.5126038757324;60199.6176360106
1.5849;12030.0232448334;165736.77142688;166172.798201983;85.84845975581;60204.0467199994
1.2589;13859.7206847076;206978.49143757;207442.010632442;86.1690715915719;60206.988771992
1;16239.7590726286;258571.678160913;259081.150456161;86.4062223607294;60212.1628689789
0.79433;19414.2251392767;323471.838289974;324053.918822861;86.5653257152676;60215.4949299705
0.63096;23453.4075649421;404875.317292042;405554.046803554;86.6847047245552;60219.1319949613
0.50119;28860.8603201411;506635.88311651;507457.256643024;86.7396303341673;60223.1290729512
0.39811;36187.028867909;634209.936052912;635241.484828034;86.73433316839;60227.5211539401
0.31623;45995.2996920739;794234.603805501;795565.316913605;86.6856186144284;60232.4782429276
0.25119;59480.61303935;994347.579014786;996125.017866785;86.5767182885132;60238.0903489134
0.19953;78790.2924120236;1245026.92294597;1247517.51452181;86.3789223172787;60244.5224678972
0.15849;105141.850189809;1559565.2371124;1563105.41470202;86.1431031691648;60252.0246048783
0.12589;144555.501439392;1951273.68647277;1956620.88625197;85.7631172229389;60260.7167678563
0.1;199725.029975613;2441227.58652869;2449384.04845534;85.3228566066549;60271.0239578303
