Frequency (Hz);Z' (Ω);-Z'' (Ω);Z (Ω);-Phase (°);Time (s)
10000;91.3213603219385;45.7833904037548;102.155321388129;26.6266096064284;67144.3882254767
7943.3;92.1650992234094;56.4938716143112;108.101632942501;31.5067905429226;67145.7602474733
6309.6;93.1743867827479;69.3231967877105;116.134284193811;36.6498226075965;67147.2622754695
5011.9;93.2377992737187;86.1119831460476;126.919505414855;42.7247557638211;67148.7693044656
3981.1;94.2665268062703;106.301988110439;142.07846688485;48.434014745673;67150.2613294619
3162.3;94.1656526443732;133.820450584805;163.630935744623;54.8670365780137;67151.7433594582
2511.9;94.6426099004606;166.546310711363;191.559121997196;60.391902151944;67153.2253854544
1995.3;95.07947891234;209.559666407243;230.120318735563;65.5956922611609;67154.7374124506
1584.9;98.9945381859997;263.646907877946;281.619620453302;69.4197716098537;67156.1844404469
1258.9;99.9046327518946;329.1408321766;343.968927450134;73.1153000530639;67157.6664674432
1000;103.750461966947;415.939554061463;428.68388235529;75.9941533289564;67161.9395484324
794.33;108.699405199968;522.115561545545;533.310622713299;78.2395645683083;67163.4565744286
630.96;115.808283131489;655.04198091616;665.200387255171;79.9739835951432;67164.9886044247
501.19;126.286805876268;821.620387909125;831.26916168373;81.2617626722903;67166.5756334207
398.11;141.461652501594;1030.04610209865;1039.71456254931;82.1801872816321;67170.7267124102
316.23;163.936784520196;1290.10110483586;1300.47534771618;82.7580769782622;67172.1787384066
251.19;196.683784845994;1614.08000462664;1626.01930263969;83.0524724741557;67173.7407644026
199.53;243.539287277536;2014.93694960316;2029.60151146074;83.1082640711673;67175.1377903991
158.49;311.590403548372;2510.38793077085;2529.65138755193;82.9246099238588;67176.6898213952
125.89;407.829556437525;3120.9331700657;3147.46704496177;82.5550301056488;67178.2918493911
100;541.163903008145;3865.02827149517;3902.73005848162;82.0295180559707;67179.8388803872
79.433;718.981902779251;4764.56606986157;4818.50856703609;81.4187051262945;67181.500911383
63.096;950.039334346043;5853.06872075216;5929.67015833528;80.780455530207;67183.1679393788
50.119;1234.04795750688;7159.75412552919;7265.32542281894;80.2206425868232;67185.089975374
39.811;1572.78440837865;8732.98387613834;8873.48061225871;79.7906417543842;67186.8220093696
31.623;1950.6255991231;10637.1120054016;10814.4852879558;79.6085970415286;67188.6590423649
25.119;2377.83329245933;12964.043483863;13180.307834729;79.6064730542027;67190.4310743605
19.953;2833.39824724677;15815.5675696771;16067.3682717029;79.8430682601077;67192.5281153552
15.849;3312.36550320269;19338.0780496363;19619.7101884975;80.2802896249646;67194.6801553497
12.589;3823.97738686111;23718.8086874528;24025.0845702406;80.8415069191642;67196.8771953442
10;4384.67775015868;29179.4942084159;29507.0886607221;81.4543452687473;67199.3792413379
7.9433;4954.32112469821;36025.4479153155;36364.5183565758;82.1696403657351;67201.8912883315
6.3096;5599.74035832735;44560.4661936953;44910.9367468565;82.8374087150517;67204.4083353252
5.0119;6335.1025254437;55253.711985709;55615.7011302345;83.4593254996819;67207.0353833186
3.9811;7141.44793858664;68636.8976998711;69007.4199236728;84.0599325082412;67209.637430312
3.1623;8024.21389670946;85420.6926942383;85796.7525552317;84.6335207444331;67212.3144793052
2.5119;9193.44478264468;106361.281508139;106757.864492623;85.0598599165238;67215.0215312984
1.9953;10410.584874755;132712.96910694;133120.668743115;85.5146540071662;67217.9035832911
1.5849;12026.3323289725;166036.767520458;166471.741860081;85.8572016319886;67222.4026672797
1.2589;13822.8793469685;207540.081949608;207999.898098751;86.1895328855031;67225.3547222723
1;16296.7353858404;258981.907843321;259494.146705475;86.399344459891;67230.6438202589
0.79433;19385.6387853018;324094.983392426;324674.238662773;86.5769495331865;67233.9508802506
0.63096;23463.7411781963;405612.94598659;406291.039898738;86.6892655216782;67237.6429492413
0.50119;28835.1412661266;507647.466236425;508465.746484559;86.7490067049472;67241.6600242311
0.39811;36294.0110729823;635326.394772829;636362.226357604;86.7304428264496;67246.04710522
0.31623;46194.0969207159;795072.726583164;796413.545305897;86.6748266324413;67251.0841972073
0.25119;60126.4925012806;995950.454743262;997763.751297779;86.5451914811135;67256.7213021931
0.19953;79486.4418949189;1246834.88089958;1249365.96506908;86.3522972932777;67263.2384211766
0.15849;106525.014388671;1560574.53898007;1564206.01916863;86.0950403450222;67270.7855641576
0.12589;145800.560832119;1952371.56261762;1957808.09122266;85.7291535448103;67279.5227241355
0.1;202637.672474793;2444240.72111781;2452626.08831361;85.2607806063102;67289.9299171093
