Frequency (Hz);Z' (Ω);-Z'' (Ω);Z (Ω);-Phase (°);Time (s)
10000;90.6162424355054;45.9675508104592;101.608656720982;26.8976401053173;77033.1753205099
7943.3;91.4738257425532;56.0686352578293;107.290039871623;31.506102712141;77034.6073445063
6309.6;91.0767084907014;68.3953827243439;113.898618110624;36.9052519800365;77036.0793725026
5011.9;91.4276295908195;85.2588816194254;125.01235278;43.0004148826308;77037.5464014989
3981.1;92.87693011813;106.388775215808;141.225690439409;48.8791844526553;77038.9984264952
3162.3;93.3943140571872;133.88604419548;163.242061762667;55.101693801214;77040.4354544916
2511.9;94.0923472567515;168.08852100816;192.632086390082;60.7608339809523;77041.9024794879
1995.3;96.8121644720104;211.392953124675;232.5071521922;65.3935215306493;77043.3745074842
1584.9;96.0565133028765;264.858826810241;281.739333227015;70.0657797226499;77044.7215314808
1258.9;99.8971768403345;330.424552768882;345.195351957678;73.1783705686969;77046.1735594771
1000;102.510512120439;416.181915735232;428.620802201949;76.1628168907395;77050.3916384665
794.33;107.362274920958;522.340330307321;533.259860426194;78.3851383452964;77051.8286634628
630.96;114.46875615761;655.212465207096;665.136430139734;80.0901669934452;77053.2706914592
501.19;124.819923801358;821.767461301373;831.192982304038;81.363244321637;77054.7177194555
398.11;139.970096314509;1030.83499371568;1040.29438724387;82.2674847402203;77057.7887764478
316.23;162.259709571282;1290.69056306143;1300.84985410538;82.8346271422106;77059.1508014444
251.19;194.892091438578;1615.54417786816;1627.25717633968;83.1213307974039;77060.6528274406
199.53;241.662200696309;2017.5885813228;2032.00991698602;83.1697806977747;77062.1498544368
158.49;309.199394955081;2514.14000325241;2533.08196112851;82.9887339710299;77063.7168834328
125.89;403.871988198168;3123.91881838856;3149.91767618351;82.6334467668021;77065.2639124289
100;536.287135467237;3867.93050710588;3904.93153582339;82.1062867991745;77066.820941425
79.433;713.285825564327;4774.17927015612;4827.16939546764;81.5025831448785;77068.387971421
63.096;939.838419682234;5860.49384528085;5935.37567182445;80.8891395702149;77070.0050024169
50.119;1224.35850865206;7178.43803300834;7282.10315440872;80.3207412276267;77071.8770354122
39.811;1559.99739843567;8746.13487728793;8884.16947017775;79.8868348616124;77073.549067408
31.623;1937.29681906638;10674.8235319189;10849.1924309035;79.7137559144073;77075.3511024034
25.119;2358.27277036592;12996.1445875463;13208.3770615416;79.7150529264106;77077.0631333991
19.953;2812.95846563354;15862.6512285158;16110.1346774914;79.9441528033501;77079.105169394
15.849;3294.20363951158;19402.6120521302;19680.2726623398;80.3641253045094;77081.2272103886
12.589;3814.23191598666;23812.5243271982;24116.0668423012;80.899804155331;77083.3342473833
10;4358.22670827528;29299.2381494813;29621.6052262659;81.5393578399746;77085.7912933771
7.9433;4916.42569179857;36170.4586993624;36503.059106125;82.2595769309914;77088.2883393708
6.3096;5587.52847779332;44707.4273908827;45055.2387453579;82.8761192556617;77090.7753873645
5.0119;6279.34551651405;55509.3701274175;55863.4079882206;83.5460083094976;77093.2824313582
3.9811;7077.30591261754;68962.8983831957;69325.1008826654;84.1405430744649;77095.8394793517
3.1623;7982.0868632657;85870.7473977326;86240.9355778212;84.689350401173;77098.4265293452
2.5119;9254.84266635386;106864.733292735;107264.734813015;85.0503439305399;77101.2185813381
1.9953;10380.2968303668;133553.904153537;133956.694035568;85.5556978387141;77104.0156303311
1.5849;11972.2904042872;166925.53658904;167354.326215559;85.8976372035559;77109.7567383166
1.2589;13806.9223977691;208581.104610847;209037.57630335;86.2128593326358;77112.768792309
1;16317.5733208318;260298.441329466;260809.397372162;86.4129394267941;77117.912889296
0.79433;19491.6121753016;325720.486293076;326303.169056309;86.5754168292988;77121.2149512876
0.63096;23675.0950618726;407590.96559022;408277.975596231;86.67568550771;77124.9170192783
0.50119;29253.3529143499;510075.622535166;510913.788580195;86.7176246659678;77128.8540922684
0.39811;36755.8352820202;638341.030219904;639398.359623707;86.7045335743626;77133.2211722573
0.31623;47041.5106319595;799445.476071076;800828.304278168;86.6324461373591;77138.1632652449
0.25119;60824.3400348128;1000581.17825826;1002428.19923691;86.5213269450264;77143.7853672307
0.19953;80926.8953442067;1252741.74809145;1255352.95825567;86.3038385980943;77150.2024852145
0.15849;107718.909676552;1567176.08014962;1570873.7153874;86.0679932611931;77157.5946241958
0.12589;148782.785803845;1961412.96019456;1967047.81786584;85.6621415561701;77167.6868111703
0.1;205477.793602072;2453178.72337667;2461769.07375399;85.2120921453948;77178.2640051436
