Frequency (Hz);Z' (Ω);-Z'' (Ω);Z (Ω);-Phase (°);Time (s)
10000;95.1255018413685;46.257770107732;105.776379196454;25.9327967637837;35069.6623404576
7943.3;95.3910663487904;55.2237171325211;110.223021520425;30.0673728245523;35070.8843594545
6309.6;96.1352984525571;69.0351866940859;118.354774345818;35.68229608909;35072.2163854512
5011.9;96.8688272547425;86.5314793124287;129.889439931453;41.7739401324284;35073.5634094478
3981.1;96.7444914230463;105.888640409802;143.429079298935;47.5838121020051;35074.8654344445
3162.3;97.2576844252442;133.243706697556;164.963458239287;53.8734232751756;35076.1674594412
2511.9;97.5899548488419;168.359102704937;194.598527103908;59.9011216732583;35077.4694834379
1995.3;97.833134338563;210.046997216669;231.713321184274;65.0254108047529;35078.7715054346
1584.9;101.087696457374;262.252699274966;281.060848664598;68.9203877698274;35080.0385294314
1258.9;102.7147852608;329.200651383959;344.85271636279;72.6714149309637;35081.3155554282
1000;107.387801736833;415.450951814646;429.105620244672;75.5071253789909;35085.3186284181
794.33;112.381994858208;520.927755270559;532.91222446059;77.825911403369;35086.5806494149
630.96;119.858835520004;653.619306980319;664.518125343202;79.6087141937114;35087.9076764116
501.19;130.767000656358;819.568975717285;829.935729089271;80.9345391412034;35089.2497014082
398.11;146.642929636915;1027.9278568074;1038.33512297965;81.8810362397207;35092.1107554009
316.23;169.942346466321;1287.28374526497;1298.45286473783;82.4795157144284;35093.3377753978
251.19;204.124322634343;1608.91871460991;1621.81570140165;82.7694850685275;35094.7148003944
199.53;253.464876267116;2009.23161346765;2025.15582611781;82.8101077563151;35096.041827391
158.49;323.242551141367;2501.33460749433;2522.13412916863;82.6365875365046;35097.3838523876
125.89;422.769954330924;3105.92980168139;3134.57084259673;82.2487057411775;35098.7758753841
100;560.237255731422;3842.18798930534;3882.81783346473;81.7040498362777;35100.1579023806
79.433;743.22508007834;4734.1779350102;4792.16279356148;81.0778805002497;35101.5649273771
63.096;980.500302796787;5810.4816099528;5892.62907227192;80.4217541554179;35103.0519543733
50.119;1272.36231703687;7099.37146122862;7212.4878516586;79.8392189604551;35104.778987369
39.811;1620.50014639344;8648.25821556141;8798.77212385266;79.3870539180274;35106.3210173651
31.623;2013.62957803938;10527.3725400003;10718.2217122761;79.1715090268541;35107.9680463609
25.119;2447.48153336471;12797.2315477391;13029.1711609991;79.1728769398562;35109.525075357
19.953;2912.97416463165;15601.4099325378;15871.0242381171;79.4239534734996;35111.4021113522
15.849;3417.66276484566;19048.8572888349;19353.0199913246;79.8284606464564;35113.3341483474
12.589;3944.58454406849;23346.4368446467;23677.3279862061;80.409948726187;35115.3011823424
10;4510.28393651146;28691.0413385334;29043.3901994479;81.0661129802566;35117.6032243366
7.9433;5119.28045280604;35357.9130729349;35726.5874276805;81.7617018609435;35119.9202683307
6.3096;5782.36248952259;43725.6346359931;44106.3129300172;82.4668056973748;35122.2523113248
5.0119;6519.43202549209;54195.1392705186;54585.860023324;83.1405359357321;35124.6793573187
3.9811;7321.68131210126;67253.0785549389;67650.4515310338;83.7868153837072;35127.1514013125
3.1623;8211.62548936731;83664.7430215835;84066.7592931073;84.39442051467;35129.6234493062
2.5119;9443.60995541477;104212.169106615;104639.17984625;84.8220522330874;35132.2254972997
1.9953;10572.3291308474;130095.066099925;130523.9455686;85.3540005778851;35134.9025462929
1.5849;12112.6839911033;162302.063719592;162753.423930518;85.7318996828927;35139.0766242824
1.2589;13864.4852074502;202985.705984337;203458.646373231;86.0926085721559;35141.9036772752
1;16168.0635736543;253444.154572619;253959.338805942;86.3498537701432;35146.9327702625
0.79433;19089.9216829741;316947.319880337;317521.697981714;86.553205808362;35150.0948282545
0.63096;22867.7519462608;396587.343458173;397246.088804266;86.6999035821515;35153.6168912456
0.50119;27951.3011963717;496462.812577741;497249.031684499;86.7775981811336;35157.3939632361
0.39811;34519.0918076648;621366.986751742;622325.075763596;86.82028904736;35161.5910412255
0.31623;43776.2605569752;778576.476479017;779806.187917763;86.7818744293972;35166.3731292134
0.25119;56213.1467518134;975159.715694962;976778.577253832;86.7008320692452;35171.8252311997
0.19953;73136.2752679206;1221426.89976583;1223614.5578701;86.5733498732997;35178.1023451838
0.15849;98627.2124293806;1529467.12967484;1532643.80329788;86.3104079226373;35185.4194821654
0.12589;133952.707643225;1914218.96196087;1918900.09177537;85.9970965197357;35193.9316401439
0.1;186337.136028424;2396927.88376209;2404159.89655836;85.5547675429173;35204.168829118
