Frequency (Hz);Z' (Ω);-Z'' (Ω);Z (Ω);-Phase (°);Time (s)
10000;97.0483163940653;45.8095192152771;107.316763674914;25.2686207992992;4049.01797377721
7943.3;99.3385216694371;56.0330551294572;114.05194059993;29.4256801009375;4050.15499377434
6309.6;99.2394790821649;68.0873053873585;120.350967438616;34.4536646164532;4051.35701377131
5011.9;99.3953642120504;85.5894534008677;131.167804587503;40.7317759894929;4052.56903876825
3981.1;99.6013068004025;105.900964928145;145.380310527458;46.75584834727;4053.76105776524
3162.3;101.378093973569;134.281426609574;168.25284386903;52.9483866735704;4054.95807976221
2511.9;102.426157465735;166.665193193725;195.623118151964;58.4266807384349;4056.16010175918
1995.3;102.802524457526;210.460946107684;234.226746703663;63.9661717977618;4057.3421257562
1584.9;106.564742073373;261.936238058096;282.78372842367;67.8618040398954;4058.51414575324
1258.9;106.683438082893;330.53184422086;347.322121387667;72.1118423062684;4059.69616775025
1000;111.923113434971;413.595439107873;428.47166834204;74.8578475532271;4063.53924174055
794.33;117.497814419978;518.723907958296;531.864859791469;77.2371207941821;4064.76626073745
630.96;125.686487880468;650.315129715456;662.349500771728;79.0613055890275;4065.98328373438
501.19;137.627724032166;814.848930610471;826.389841502969;80.4132386795484;4067.19530573132
398.11;155.096497447786;1021.76744102325;1033.4716382445;81.3688256753955;4069.83635672465
316.23;180.644059344407;1278.20854834012;1290.91028705568;81.9558913215301;4070.96837872179
251.19;218.026381344663;1597.52264893673;1612.33188792757;82.2284122288056;4072.20539871867
199.53;272.218253848322;1990.54255000277;2009.07003887365;82.2127755864151;4073.40242271565
158.49;349.293520005831;2476.1711650933;2500.68582631997;81.9707230131638;4074.64444571251
125.89;457.298887176474;3069.91061195986;3103.78372919838;81.5274283174838;4075.92646970927
100;606.368853216001;3792.03418665388;3840.20916863942;80.9149769617412;4077.18849170609
79.433;804.286936334795;4660.55266789403;4729.44274161057;80.2087181709135;4078.50051770278
63.096;1057.78010654489;5702.40467864951;5799.68256656224;79.4912395124556;4079.85254169936
50.119;1369.06619706803;6941.02978419456;7074.76054132084;78.842063193755;4081.38456969549
39.811;1739.30650953061;8428.22894524907;8605.82536934313;78.3397413091263;4082.81159569189
31.623;2155.78496822697;10224.4029810425;10449.2021297314;78.0937475744576;4085.04064068626
25.119;2619.19357078208;12401.4585294091;12675.0285450519;78.0743614321277;4086.51266668255
19.953;3105.12552505102;15040.6201085337;15357.8012025013;78.3352066152717;4088.314696678
15.849;3639.01896047353;18311.8506552038;18669.9312642863;78.760337858515;4090.14673367337
12.589;4194.62863770774;22376.9814691266;22766.7347039033;79.3829552676303;4092.09376866846
10;4783.36532592064;27436.9860281573;27850.8309777378;80.1104477418595;4094.26080666299
7.9433;5427.22619469562;33741.757971513;34175.4446229533;80.8624680189589;4096.45784765744
6.3096;6088.70104732907;41609.0876003445;42052.2110165077;81.6749343861593;4098.76489265161
5.0119;6825.64580111185;51445.834931877;51896.6605133719;82.4423444547677;4101.04193364586
3.9811;7645.21786781673;63822.4409368747;64278.7159438273;83.1691522092225;4103.34897564004
3.1623;8515.75224021329;79338.3861756971;79794.0947513082;83.8736364990881;4105.77602163391
2.5119;9584.80121857259;98626.3840082239;99091.0290436888;84.4492590325121;4108.28306662758
1.9953;10775.5095570134;123053.329093983;123524.221945841;84.9955001737181;4110.79011362125
1.5849;12091.3600452785;153455.676009888;153931.301194384;85.4947544102527;4114.85419061099
1.2589;13680.8976383272;191982.721884605;192469.562431082;85.9239307161454;4117.51123760428
1;15763.8986532431;239553.904194507;240072.017352254;86.2350665204718;4122.41032959191
0.79433;18301.0237593427;299485.529299742;300044.179631245;86.503106027057;4125.4273845843
0.63096;21523.4221596579;375016.511711668;375633.653654529;86.7152116447708;4128.85944757563
0.50119;25671.9587815562;469336.260363326;470037.843965264;86.8691304951366;4132.55151756631
0.39811;31123.4937517525;587774.035711968;588597.476141759;86.9689355584841;4136.71859355579
0.31623;38424.272405976;736443.513169843;737445.23376307;87.0132751326348;4141.40068054397
0.25119;48394.0198407494;923444.408609731;924711.607447924;87.0001021510959;4146.73777853049
0.19953;62552.7056271964;1156903.55687875;1158593.40620426;86.9050837904348;4152.90489451492
0.15849;82288.3277527055;1448901.35768676;1451236.20172282;86.7494581617089;4160.08702749679
0.12589;110697.627820698;1817485.74476799;1820853.7550391;86.5145908582725;4168.48918247558
0.1;151170.295297173;2278593.1352277;2283602.22764102;86.2043484103876;4178.57136745012
