Frequency (Hz);Z' (Ω);-Z'' (Ω);Z (Ω);-Phase (°);Time (s)
10000;94.1760906636204;46.2836236350638;104.934788652166;26.1721934383431;41953.6628020772
7943.3;95.3544545926412;55.3553789245334;110.257380644285;30.1361169991069;41954.919824074
6309.6;95.6691938477825;68.8273870636629;117.855012033837;35.7324119255549;41956.2668490706
5011.9;94.5676574225391;85.440014482155;127.448177331406;42.0971910369205;41957.5938740673
3981.1;95.3132185540212;107.240638197193;143.475308370702;48.3699805995681;41958.9108970639
3162.3;96.2150733961979;132.745656288279;163.947398918194;54.0651108523875;41960.2379210606
2511.9;96.8133887794557;166.729318454842;192.799112755682;59.8578905461437;41961.5799460572
1995.3;98.3084997166212;210.636945293363;232.448884357513;64.9805917722791;41962.9169720538
1584.9;98.4348014606247;263.439266834528;281.228834668329;69.5116606505574;41964.2189940505
1258.9;101.826096786434;328.694188086659;344.105250277743;72.7875537116438;41965.5310210472
1000;106.144350788689;415.595165337676;428.935851446813;75.6727570331463;41969.5390950371
794.33;111.115492694608;521.408621755819;533.116876076971;77.9698640359982;41970.9061180337
630.96;118.373847256602;653.845149144651;664.474112945207;79.7381731377785;41972.2381420303
501.19;129.126859007015;820.316062709921;830.416876307873;81.0544113556146;41973.6001710268
398.11;144.645157715712;1028.7119485184;1038.83131194392;81.9962247524692;41976.4962240195
316.23;167.55348307817;1288.26792450485;1299.11832217072;82.5896479423375;41977.7382470164
251.19;200.954887244774;1610.34828082385;1622.83839375949;82.8868475927893;41979.1202700129
199.53;248.574795178857;2011.3971297773;2026.69875474244;82.9549280939492;41980.4572950095
158.49;318.454943445022;2504.46852680775;2524.63386509315;82.7534601722328;41981.854320006
125.89;415.203612138299;3111.27966209572;3138.86208287385;82.3987285303292;41983.2513480025
100;550.158237652231;3852.30252220896;3891.38905907314;81.872385640862;41984.6683749989
79.433;731.650837823428;4748.70204895772;4804.73559087938;81.241093426321;41986.1304009952
63.096;965.882710875288;5830.37311744689;5909.83756966426;80.5935848845403;41987.6224299914
50.119;1252.89605298138;7130.13667453135;7239.37825486922;80.0338224000135;41989.374461987
39.811;1597.36754781152;8692.91383904383;8838.45767630536;79.5877624128584;41990.946490983
31.623;1983.18132412152;10584.034323697;10768.2306220447;79.387274636766;41992.6035219789
25.119;2412.75425959343;12875.3914339428;13099.5071546389;79.3862843323389;41994.2055519748
19.953;2874.93057957533;15701.541633027;15962.5698272884;79.6241535920626;41996.11258697
15.849;3370.24571495037;19193.6140919624;19487.2619444169;80.0408447864191;41998.084620965
12.589;3872.97322758647;23537.2536079806;23853.7676065647;80.6559104762554;42000.06165796
10;4452.93828907194;28922.665797002;29263.4457337367;81.2474567375157;42002.3587019542
7.9433;5027.50468438727;35677.1828271423;36029.6707982861;81.978892463181;42005.5577639462
6.3096;5738.03569838744;44137.3889514959;44508.8098822199;82.5928643034685;42007.8398019404
5.0119;6428.95302174975;54673.6085370801;55050.2943445514;83.2935083442326;42010.2468459343
3.9811;7268.35183349542;67898.4169795782;68286.3380677874;83.8899013446609;42012.748893928
3.1623;8163.95470258862;84504.5829641068;84898.0252910721;84.4818025117734;42015.3709419214
2.5119;9408.24852405212;105293.047606546;105712.53953323;84.8940106987828;42017.9879909148
1.9953;10446.780459633;131369.056502997;131783.778320624;85.4532711689761;42020.7000419079
1.5849;11989.2194658736;164199.893243871;164637.013835587;85.8239022142283;42026.0961428943
1.2589;13872.3720835996;204859.282118118;205328.439767064;86.1260393434981;42028.8781928873
1;16214.4569197529;255983.287700851;256496.300549031;86.3756209597281;42033.9572888745
0.79433;19160.646210409;320312.509822068;320885.079602827;86.5767258666152;42037.1243438665
0.63096;23096.0198613331;400728.481221841;401393.499942137;86.7014021094676;42040.6664088575
0.50119;28237.5874084522;501542.336673487;502336.617039362;86.7775635104553;42044.6034818476
0.39811;35117.7572656359;628121.689837573;629102.626063328;86.7999724628875;42048.805562837
0.31623;44368.9573585766;786309.697055099;787560.501840949;86.770406000218;42053.6426518248
0.25119;57504.5518240397;984804.797680605;986482.266954263;86.6581893668612;42059.1197508109
0.19953;74915.3295788345;1233178.53835908;1235451.98776615;86.5235662167845;42065.421870795
0.15849;101376.131603735;1543649.07721833;1546974.33516395;86.2426074462021;42072.7390057765
0.12589;137338.43609928;1931718.49876414;1936594.48633362;85.9333130274983;42081.291164755
0.1;193569.816561781;2418409.97808761;2426144.2858984;85.423794854113;42091.5333517291
