Frequency (Hz);Z' (Ω);-Z'' (Ω);Z (Ω);-Phase (°);Time (s)
10000;96.9341389355733;45.9629632068495;107.279174483845;25.3687610681372;13498.0839289206
7943.3;97.7187259439375;55.8513638734689;112.553650525574;29.7502256993874;13499.2409479177
6309.6;97.8237120724763;69.1181576709416;119.778121388941;35.2434345966869;13500.4929699145
5011.9;98.7369059730285;85.8811227398111;130.860780389608;41.0166673568634;13501.7449939114
3981.1;99.42530399182;107.020562949074;146.078033830561;47.1069934928094;13502.9870189082
3162.3;100.160386576449;133.748646145959;167.095192585007;53.1715507295685;13504.264038905
2511.9;100.535722119361;166.078511349478;194.137846269397;58.8113598201331;13505.5510639018
1995.3;99.8287467173346;210.796366053002;233.239976445516;64.6587444626207;13506.8080858986
1584.9;106.236732714528;263.7532811421;284.344925558874;68.0610013718921;13508.0201088955
1258.9;106.589513072478;329.467062368298;346.280044880764;72.0725165953568;13509.2571318924
1000;109.743883815632;414.288860847202;428.577857870669;75.1632863493296;13513.1102068827
794.33;115.014917286612;519.814906791567;532.387047664734;77.5236693337829;13514.3922268794
630.96;122.734462543095;652.295640532547;663.741930989378;79.3439441645402;13515.6092518764
501.19;134.003850536451;817.688890401429;828.596496157518;80.6930287240162;13516.8962738731
398.11;150.296301666322;1025.3291160406;1036.28604858657;81.6607748029061;13519.6873288661
316.23;174.310016477682;1283.41078509275;1295.19389480372;82.2655399784608;13520.8693488631
251.19;209.577470252939;1605.10554534195;1618.729911914;82.5610151196234;13522.1363728599
199.53;259.529458989924;2000.99581080333;2017.75612375135;82.6099830776875;13523.4083938567
158.49;332.542678201346;2492.03299246001;2514.12272340364;82.399220996712;13524.6954188534
125.89;434.813275558668;3093.49688276062;3123.90549605005;81.999080219633;13526.03744185
100;575.798690998877;3826.36851834018;3869.44959531725;81.4422405605407;13527.3544708467
79.433;763.900983458551;4708.96854467891;4770.52716869995;80.7856010120636;13528.7064938433
63.096;1008.75835595402;5772.93479691053;5860.40694748133;80.0882505007747;13530.1035178398
50.119;1309.41429934599;7041.0719060152;7161.79163289524;79.4651623420004;13531.7505488356
39.811;1663.95844166996;8575.30978579823;8735.25589882813;79.0187552541557;13533.2225778319
31.623;2066.08036692288;10414.6814623117;10617.639946994;78.7792605211922;13535.5066198261
25.119;2506.28379884258;12656.7497621156;12902.5103379596;78.7992165121176;13537.0136478223
19.953;2990.13467166354;15407.6337223454;15695.0973962139;79.0172219782264;13538.8306818177
15.849;3500.48725193016;18787.9770742214;19111.2923043522;79.4459327598229;13540.707716813
12.589;4065.91927132847;22995.9255157772;23352.6077740396;79.9731383650337;13542.6047518082
10;4637.17636661936;28218.3515101649;28596.8314085033;80.667881602373;13544.8367918026
7.9433;5282.93934108483;34744.5343307526;35143.8773322243;81.354344323466;13547.0988357969
6.3096;5924.24038154365;42911.233747152;43318.2479539631;82.1395463796277;13549.3558757912
5.0119;6710.8476982594;53090.5638359501;53513.0212681766;82.7958043758192;13551.7229177852
3.9811;7547.06179430128;65896.0539641933;66326.8276776365;83.4663939293824;13554.0599607793
3.1623;8482.37842524377;81899.5952621057;82337.6854656832;84.0869326901533;13556.532006773
2.5119;9714.6250309888;101953.203021915;102414.986920472;84.5569968506163;13559.0640567667
1.9953;10856.9495033963;126999.985735137;127463.209316431;85.113789771274;13561.6761037601
1.5849;12304.5180017546;158738.843031818;159215.016409683;85.567625259145;13567.2022067461
1.2589;13831.1362211059;198140.013133531;198622.166773305;86.0069532915557;13569.9192557392
1;16304.5769662846;247354.610720534;247891.392901723;86.2287584419319;13574.8983497267
0.79433;19124.1720180882;309432.399016269;310022.811283849;86.46338781677;13577.950406719
0.63096;22662.8321652056;386983.653500061;387646.684544062;86.6484288320032;13581.4274707102
0.50119;27298.1461202918;484241.384292808;485010.213339286;86.7734792246326;13585.1545377008
0.39811;33488.5303706481;606398.511330526;607322.51416382;86.8390351312317;13589.2816156904
0.31623;41695.9706930808;759053.818381095;760198.167039989;86.8558163977755;13594.0037016784
0.25119;53245.4540540467;950244.270507624;951734.864345101;86.7928741672892;13599.3808006649
0.19953;68878.466930259;1191139.96068451;1193129.77045506;86.690518604233;13605.5479166493
0.15849;91195.3854011727;1491545.06800258;1494330.38120801;86.5012024249566;13612.775049631
0.12589;123050.753646167;1868327.41222197;1872375.17801132;86.23185895116;13621.2472076097
0.1;168607.697243026;2337750.4045873;2343822.8409412;85.8747475147261;13631.414393584
