Frequency (Hz);Z' (Ω);-Z'' (Ω);Z (Ω);-Phase (°);Time (s)
10000;94.5135961612829;46.1427840946537;105.17593062742;26.0222404741853;44885.7880926743
7943.3;94.3122327461851;56.4973580044672;109.93975035016;30.9235448363711;44887.0551136711
6309.6;94.4562115674574;68.720289936086;116.809478008319;36.0372364267894;44888.4371376676
5011.9;94.6287207900198;86.146277215145;127.967870484681;42.3135001777538;44889.7691646642
3981.1;95.2707224134776;105.749588465415;142.335821246061;47.9840360393825;44891.1111876608
3162.3;95.0221219835992;133.150350909018;163.579398499507;54.4866263468769;44892.4432136575
2511.9;95.8505775275889;167.469507897942;192.959501678335;60.2154893874813;44893.7952366541
1995.3;98.2475809155526;210.348071164347;232.16136241485;64.9640641245196;44895.1622656506
1584.9;99.7465953600006;262.139437939459;280.475432451983;69.167695229744;44896.4792876473
1258.9;101.600559287437;327.647217046788;343.038441703003;72.7717902155787;44897.8163136439
1000;105.859725965788;415.615896465401;428.88559660624;75.710283437035;44901.8243886338
794.33;110.772319820982;521.149999596215;532.792482039356;78.000161170862;44903.1864126304
630.96;118.170008491264;654.096470190017;664.685145931414;79.7593222921117;44904.503440627
501.19;128.817666838558;820.147010057632;830.201848586356;81.0736762916418;44905.8704606236
398.11;144.277585215053;1028.75462655346;1038.8224599279;82.0166283138839;44908.871519616
316.23;167.386483451544;1288.36793739756;1299.1959732682;82.5975201371695;44910.1135406129
251.19;200.776949621449;1610.42002159224;1622.88755908856;82.8933949361145;44911.5305676093
199.53;248.357709827434;2010.79717397288;2026.07670804638;82.9589398263434;44912.8725906059
158.49;318.094094108212;2505.4243458756;2525.53657776178;82.7643164524141;44914.2546176024
125.89;415.929395942042;3112.10875219071;3139.77995214167;82.3876018707556;44915.6916455988
100;550.450296898033;3852.93934798483;3892.06078428959;81.8694547645153;44917.0986705952
79.433;731.171421385264;4747.41102672551;4803.38662863251;81.2444003110353;44918.5506965916
63.096;965.818322396193;5829.48758583861;5908.9534221656;80.5927974815563;44920.0327225878
50.119;1252.06526054002;7126.83577091171;7235.98338321737;80.0357780229971;44921.7247535835
39.811;1594.91070396262;8685.05721832786;8830.28646416657;79.5942280338723;44923.2817835796
31.623;1982.87078983804;10576.956560153;10761.2167827136;79.3819594736079;44924.9538145754
25.119;2406.08136845596;12874.7732016396;13097.6720277036;79.4144773643893;44926.6008445712
19.953;2873.09385902393;15706.2680391029;15966.8883643278;79.6336913500327;44928.5328795664
15.849;3353.30637910259;19173.5859389873;19464.6104875454;80.079759870338;44930.4999175614
12.589;3892.0985003291;23536.2972926912;23855.9368079774;80.6102130965398;44932.4969545564
10;4445.86916556613;28917.5384403081;29257.3030555454;81.2596113502327;44934.8139985505
7.9433;5038.42567926532;35681.0677011443;36035.0430223015;81.9625598627067;44937.1760425445
6.3096;5725.51469079856;44084.2958211148;44454.545960094;82.6000455887494;44939.6430885383
5.0119;6447.53113926764;54669.0873932602;55047.977021901;83.2737543756938;44942.1101325321
3.9811;7220.39168135876;67897.2330770905;68280.0726094883;83.9298117314923;44944.6171805257
3.1623;8114.66261692783;84498.3050258108;84887.050258691;84.5145112811337;44947.1142245194
2.5119;9342.38710926233;105260.672524802;105674.449973837;84.9280162579386;44949.7462725128
1.9953;10341.7053914165;131416.470280669;131822.758017851;85.5004311901403;44952.4683235059
1.5849;11891.582277574;164155.295957721;164585.451726547;85.8566710183085;44956.7724054951
1.2589;13904.0921591748;205126.331140069;205597.022122783;86.1222478272318;44959.554456488
1;16106.0052461488;256050.25587736;256556.303644737;86.4007380641294;44964.7385524749
0.79433;19104.3618992607;320389.275865053;320958.353580197;86.5875737978147;44967.9906114667
0.63096;23018.0441439498;400845.746817903;401506.093475821;86.713473846583;44971.5426764578
0.50119;28250.9536158303;501714.787885219;502509.546937084;86.7771472074936;44975.3797494481
0.39811;35047.9250742918;628084.481653603;629061.58136234;86.8061337766433;44979.6068264374
0.31623;44186.9932711437;786762.35318764;788002.214951009;86.7854698381531;44984.3639144254
0.25119;57455.1099321108;984825.371795835;986499.925286422;86.6611257183158;44989.8510154115
0.19953;75802.8322163263;1232800.02638963;1235128.32306538;86.481407316801;44996.1431313957
0.15849;101317.31592821;1544624.74622293;1547944.05750051;86.2471463639172;45003.4902683771
0.12589;137100.83006111;1935472.40015885;1940322.15092755;85.9481727629601;45012.1274293553
0.1;192318.467381615;2416830.5888961;2424470.35212227;85.4502948849012;45022.3896203294
