Frequency (Hz);Z' (Ω);-Z'' (Ω);Z (Ω);-Phase (°);Time (s)
10000;95.1299503844247;45.8640996438059;105.608821110171;25.7396691835907;31704.6140329535
7943.3;95.9481426801019;55.6944735338843;110.941067535777;30.1336360973901;31705.8160549505
6309.6;95.7173874851707;70.0255376709149;118.597614618031;36.1886943386245;31707.1330799472
5011.9;96.2763472051675;85.3250907841999;128.644883880013;41.5490260517051;31708.4351039439
3981.1;97.023248345243;106.9173546108;144.37739240073;47.7775067444806;31709.7321279406
3162.3;96.6513987089116;133.687756134721;164.966387524021;54.1344355543147;31711.0391499373
2511.9;97.6197348886493;167.363708459464;193.752996232406;59.7458860102566;31712.346174934
1995.3;100.357098551258;209.83560822593;232.599504963302;64.4398263637281;31713.6331979308
1584.9;100.052209160175;262.008366491551;280.461813210644;69.099820020599;31714.9052209276
1258.9;101.295896231307;329.950994679531;345.149992732603;72.9333644796978;31716.1772459244
1000;107.300147725217;415.108671321208;428.752295280051;75.5070192434721;31720.1253199144
794.33;112.443995814596;520.896101646943;532.894361863339;77.8186773887038;31721.477344911
630.96;119.808071768367;653.05799904063;663.956869210497;79.6042862806958;31722.7543679077
501.19;130.726903609733;819.066389177139;829.433103515326;80.9318041435944;31724.1763949042
398.11;146.538470626681;1027.44291357488;1037.84028830492;81.8829642806906;31727.0374488969
316.23;169.775114646571;1285.88542132283;1297.04468169908;82.4787550265776;31728.2594708938
251.19;204.099341016417;1608.42303671756;1621.32082144376;82.7681561877043;31729.5814928905
199.53;252.578801516496;2007.5203377339;2023.34721622137;82.8289367147058;31730.8985198872
158.49;323.442985284756;2501.2245435113;2522.0506699496;82.6317511778926;31732.2355428838
125.89;422.527661068737;3105.50207761851;3134.11435312451;82.252040088197;31733.6175698803
100;560.141324544662;3842.63550453821;3883.24682761736;81.7064031615186;31734.9645948769
79.433;743.64495445209;4733.70645038649;4791.76215777795;81.0720464037515;31736.3566238734
63.096;979.781162664762;5807.19102550967;5889.26470227589;80.4233261439482;31737.8036468698
50.119;1273.9808771531;7097.41931558108;7210.85211445465;79.8238235873877;31739.5056768655
39.811;1620.6877905112;8644.93041006743;8795.53583980082;79.381859975481;31741.0277068616
31.623;2019.36369506074;10516.7673930022;10708.8853823095;79.1307161676414;31742.6597368575
25.119;2446.38567916386;12798.5653188272;13030.2754042846;79.1787114451483;31744.2167648536
19.953;2912.95993648857;15592.1115912543;15861.8813343725;79.417839392093;31746.1137988488
15.849;3408.566340357;19052.9557350253;19355.4500525679;79.8571070679378;31748.0508378439
12.589;3947.12479980427;23336.7304527849;23668.180800627;80.399970659093;31749.997870839
10;4514.52094249259;28673.7172286741;29026.9350612524;81.0525406668102;31752.2749158332
7.9433;5101.43726569897;35325.0793358735;35691.5381044529;81.7824974467242;31754.5769588274
6.3096;5778.89753865189;43678.5792092748;44059.2094629844;82.4632503981729;31756.8840008216
5.0119;6513.53581798054;54098.5748599997;54489.282897971;83.1345643162087;31759.3060438155
3.9811;7324.23805360145;67250.5750383224;67648.2394896634;83.7844331433272;31761.7780888092
3.1623;8199.20161112285;83592.645275383;83993.7929325486;84.3980508603246;31764.3051368028
2.5119;9416.20255155159;104110.057525902;104535.013026921;84.8319619402209;31766.8771857963
1.9953;10601.1250574802;129928.691667703;130360.457083295;85.3354628048032;31769.5492327896
1.5849;12230.2765977492;162163.995595264;162624.540377762;85.6869641557549;31775.1953397753
1.2589;13909.363131281;202856.639917993;203332.945538927;86.077513824741;31778.0723917681
1;16209.1592149931;253090.571841254;253609.097623468;86.3355026047903;31783.1014867554
0.79433;19157.4103560649;316678.232504161;317257.165897809;86.5381178880884;31786.2285437475
0.63096;22933.0966011608;396348.011427191;397010.923126817;86.6885005040526;31789.6856057388
0.50119;27956.1263945595;496043.710374708;496830.864183472;86.7743257793459;31793.4826787292
0.39811;34649.3944459107;621018.481781926;621984.352898203;86.8065236306102;31797.6797557186
0.31623;43648.1759395984;777680.144605155;778904.083039721;86.7875800653481;31802.4368437066
0.25119;55868.6735277278;974629.092696422;976229.059704739;86.7192237612751;31807.8989426928
0.19953;73761.3721149029;1219838.80680968;1222066.87812703;86.5396447000811;31814.161060677
0.15849;98142.7459760978;1528068.7053281;1531217.15206917;86.3251310466922;31821.4381966586
0.12589;133938.317973891;1912582.51543065;1917266.63543512;85.9941116694035;31829.9553516371
0.1;182987.912398273;2393349.10933048;2400334.25489386;85.6278518011358;31840.1875426113
