Frequency (Hz);Z' (Ω);-Z'' (Ω);Z (Ω);-Phase (°);Time (s)
10000;95.1644006668001;46.4085143689505;105.877350553385;25.9969527485826;31150.9697843514
7943.3;95.7140339799758;55.7949727285188;110.789238116778;30.2393666170649;31152.1668033483
6309.6;95.8508120334287;68.305969180119;117.699123161997;35.4747349769392;31153.493826345
5011.9;96.1851014346463;85.6277647036635;128.777668196544;41.6767348807283;31154.8008523417
3981.1;96.7973254975572;107.122685565566;144.377948407155;47.8986598150017;31156.1028753384
3162.3;97.7569480651452;133.377846799041;165.36647457015;53.761102664657;31157.3798983352
2511.9;98.0008218300767;166.330451556378;193.054345183731;59.4936841787394;31158.7169233318
1995.3;100.496584522439;211.999165889205;234.612893589406;64.6370665496257;31160.0189473285
1584.9;102.419930046797;260.43184483251;279.847436782357;68.5317936425072;31161.2809703253
1258.9;105.664944882509;329.053761015008;345.603035598859;72.1972628935141;31162.5529963221
1000;107.365257555909;414.91623104469;428.582287681581;75.4921535026172;31166.4310683123
794.33;112.487821774571;520.733873703849;532.745039648614;77.8103886149643;31167.758090309
630.96;119.969233086387;653.427407714378;664.349301226145;79.596364155703;31169.0401143057
501.19;130.955264546648;819.183324564039;829.584595177776;80.9175022700728;31170.3471393024
398.11;146.76027522789;1027.57893500466;1038.00628420558;81.8719038955283;31173.2081952952
316.23;170.151172629652;1286.27927477797;1297.48441002988;82.4645680433629;31174.4302162921
251.19;204.171778061838;1608.15334837686;1621.06240066588;82.7644163624661;31175.7522412888
199.53;253.297649954564;2006.13090444813;2022.05858106396;82.8038125490524;31177.0692642855
158.49;324.557048799518;2499.53489409362;2520.51819368895;82.6017099275972;31178.4162882821
125.89;424.560318829083;3105.8458996114;3134.72968794077;82.2160740883292;31179.7983162786
100;562.364732422341;3841.72845118045;3882.67067685141;81.6720051598287;31181.1603402751
79.433;745.619059996147;4732.10999375081;4790.49191373765;81.045758285669;31182.5973652715
63.096;984.488409582938;5808.67190521527;5891.50971577238;80.380581448243;31184.0493922678
50.119;1276.33022055348;7093.00346470648;7206.92146358182;79.7992374199743;31185.6964222637
39.811;1623.76948931144;8634.77379945486;8786.12234846356;79.3499035514349;31187.2184522598
31.623;2017.45074262252;10509.1741229793;10701.0676217845;79.1331083153665;31188.8354842558
25.119;2450.91605096925;12778.3582089771;13011.2807980549;79.1424102774546;31190.4125102518
19.953;2923.70088532328;15579.4114675076;15851.3749731923;79.371245545101;31192.294547247
15.849;3426.27778091408;19026.9002534855;19332.9333699797;79.7918385812279;31194.2115812422
12.589;3950.79292940823;23295.529576008;23628.1709617509;80.374538867703;31196.2036192372
10;4522.3164245033;28634.3864675153;28989.2986154263;81.0252307629668;31198.4906622314
7.9433;5126.75720029185;35305.947434246;35676.2324751436;81.7378596501302;31200.7877032256
6.3096;5764.39960966403;43584.6355727407;43964.175880693;82.4659231276139;31203.1247462197
5.0119;6528.1413669501;54040.2018820578;54433.07863019;83.1119561234272;31205.5817922135
3.9811;7353.27407851813;67113.8400546887;67515.4661285853;83.7473737571599;31207.9538352075
3.1623;8269.36419303974;83488.2138829312;83896.7475026249;84.3434014361441;31210.4858822011
2.5119;9437.5476765365;103971.593925723;104399.040463035;84.8134499965368;31212.9829281948
1.9953;10547.6891691421;129685.818010442;130114.04666617;85.3502180776044;31215.6399771881
1.5849;12080.4256955977;162023.728870712;162473.46060867;85.7359389626951;31221.1960821741
1.2589;13942.8633643866;202298.223651826;202778.141651121;86.0572769525902;31223.9381331671
1;16148.6219036948;252582.897946128;253098.594077985;86.3418334938915;31228.9072261546
0.79433;19092.9756275255;316076.0049652;316652.147684292;86.5431755789092;31232.0942841465
0.63096;22843.4723556271;395344.306452399;396003.71825728;86.6930575277021;31235.6363481376
0.50119;27784.6258760864;494731.888153926;495511.479777636;86.7855897192927;31239.4134201281
0.39811;34435.5168643416;619505.929735231;620462.248488034;86.8184622371251;31243.6404971174
0.31623;43404.0839033778;776029.807814627;777242.675820299;86.798728024706;31248.4425841053
0.25119;55861.4991853528;971553.08981711;973157.702237623;86.7092810998056;31253.8996850915
0.19953;73381.6654120763;1217792.66623536;1220001.57653803;86.5516445673406;31260.0567990759
0.15849;97084.6026834247;1524647.90240224;1527735.79076284;86.3565108849913;31267.3539360575
0.12589;132727.241144931;1908075.22730155;1912685.96313765;86.0208693703631;31275.9110950359
0.1;185274.688971802;2390486.60099826;2397655.70921386;85.5681499204577;31286.1532840101
