Frequency (Hz);Z' (Ω);-Z'' (Ω);Z (Ω);-Phase (°);Time (s)
10000;95.2155806169028;45.7318588107477;105.628640540812;25.6548839855922;34504.5058748845
7943.3;95.2570535696104;56.2662824114237;110.633633182526;30.5694283544836;34505.7378948814
6309.6;96.1853370989338;69.8794088566907;118.889658318106;35.9987020285067;34507.0449218781
5011.9;96.55834506505;85.9631361144414;129.279444508132;41.6777594796678;34508.3819448747
3981.1;97.3811932844545;107.013509972025;144.68928129629;47.6981280301805;34509.6839688714
3162.3;97.0852059135096;133.459209198593;165.036049780593;53.9658985637461;34510.9859938681
2511.9;96.9940552350174;167.712457612557;193.740329279625;59.9576841617804;34512.2880168648
1995.3;98.4168076228521;208.615315661052;230.664730617912;64.7438359172685;34513.5950408615
1584.9;102.265711243318;264.28808913943;283.383961714619;68.8461606901822;34514.8620658584
1258.9;102.455326339096;330.125424014283;345.658631421032;72.7581276434022;34516.1390888551
1000;107.372027624981;415.354425541072;429.008218024845;75.5059388226095;34520.1121638451
794.33;112.448954515738;521.164283227363;533.157554090321;77.8242377261343;34521.4491888417
630.96;119.79825106625;653.544679858671;664.433796198015;79.6126921279391;34522.7412108385
501.19;130.613491399388;819.596537511982;829.938773908755;80.9453042578756;34524.0732348351
398.11;146.497197643789;1028.38793804693;1038.77003231605;81.8925778050881;34526.9342888279
316.23;169.779061943143;1286.65079905119;1297.8039946669;82.4830051731065;34528.1613108248
251.19;203.68757595908;1609.79837323709;1622.63348636618;82.7886935125337;34529.5383358213
199.53;252.528087624681;2008.70846555303;2024.51972937381;82.8345582337737;34530.835362818
158.49;322.681394009183;2501.28750605719;2522.01555704907;82.6490937685537;34532.1873858146
125.89;421.637909448377;3107.95305698345;3136.42323851497;82.2741818312542;34533.5694128111
100;558.061364349297;3844.96375395858;3885.25144046491;81.7417081687146;34534.8514348079
79.433;741.861054603778;4734.79923761199;4792.56524679935;81.0951422827718;34536.2734638043
63.096;978.512413189797;5811.51385823678;5893.31654225739;80.4424811962446;34537.7304878006
50.119;1272.79358003558;7103.23030366399;7216.36225838685;79.8412534539474;34539.4775227962
39.811;1615.95966176604;8654.69973832096;8804.26903206325;79.4238171860994;34541.0445497922
31.623;2008.9695524831;10533.9187272975;10723.7774322351;79.2025344470667;34542.726582788
25.119;2437.21415908788;12804.968110713;13034.8464192577;79.2235926984612;34544.303610784
19.953;2908.0568448611;15613.0612914621;15881.5766693328;79.4491072887515;34546.2056447792
15.849;3407.50760654391;19078.3099508157;19380.2223585811;79.8733884577278;34548.1576827743
12.589;3949.52375630826;23361.1554418583;23692.6638747167;80.4041010431844;34550.1197187693
10;4503.90661161191;28709.4507252127;29060.5873256123;81.0841705185283;34552.4317627635
7.9433;5131.0571631902;35414.1915947591;35783.9728638706;81.755952095541;34554.7388057577
6.3096;5749.30726648907;43768.3719652871;44144.3645161671;82.5166104817846;34557.0508457518
5.0119;6488.86257135177;54182.5352013425;54569.7027508361;83.1708222087777;34559.3878887459
3.9811;7283.45517781691;67349.3298864569;67742.0176513961;83.8277676225308;34561.7999367398
3.1623;8222.94771144839;83725.3077573626;84128.1405246206;84.3907754296957;34564.3369807334
2.5119;9419.87317886129;104313.249112184;104737.710262571;84.8399745463144;34566.8540267271
1.9953;10351.2494522485;130094.424579226;130505.584830009;85.4507193497836;34569.5310777203
1.5849;12019.420781846;162501.500617998;162945.402448281;85.7698215821506;34574.9921797065
1.2589;13823.5071430963;203054.885895004;203524.878173574;86.105444919545;34577.7392286996
1;16128.2504844114;253590.714562515;254103.071559583;86.3609165962583;34582.7983236868
0.79433;19048.1838730287;317098.571489367;317670.170695107;86.5623602506411;34585.910382679
0.63096;22844.3037627607;396845.072186277;397502.042174549;86.705416292313;34589.4224466701
0.50119;27882.3130387047;496552.865156874;497335.069420898;86.7861166094009;34593.1995166606
0.39811;34565.7458708889;622249.435149094;623208.753413314;86.8205065107995;34597.40159365
0.31623;43537.6636040666;779129.09165493;780344.583895562;86.8016432486783;34602.1786806379
0.25119;56129.570668738;976193.401130072;977805.750194462;86.7092069823243;34607.6007836242
0.19953;73362.8757224115;1221599.69375337;1223800.60602722;86.5632434182537;34613.8678996084
0.15849;98208.5854785487;1531026.98672359;1534173.57568745;86.3297584730822;34621.1750325899
0.12589;134406.49780371;1916520.17366781;1921227.38964641;85.9883870888809;34629.7621935683
0.1;185765.165581044;2398359.82744887;2405543.29802312;85.570993337385;34639.9793815425
