Frequency (Hz);Z' (Ω);-Z'' (Ω);Z (Ω);-Phase (°);Time (s)
10000;91.7015466412982;45.8900575781563;102.543020439875;26.5846838792318;63925.9376336025
7943.3;93.2631361256015;55.9985828899355;108.78351826294;30.9821387306944;63927.319655599
6309.6;91.8886556769117;69.9260046001884;115.46935161096;37.2706363424494;63928.8066845953
5011.9;93.0419426318275;85.4939544858762;126.35671467056;42.5791396052185;63930.3087105915
3981.1;93.125844072356;107.014314073302;141.860798851437;48.9696035556374;63931.7707375878
3162.3;93.9972480854037;134.938100825845;164.449912441797;55.1391117409199;63933.2477655841
2511.9;94.3912102557375;167.184529768309;191.990540307051;60.5512326719451;63934.7297925803
1995.3;95.7922038628893;209.740439946618;230.580134595135;65.4529735483707;63936.2318205765
1584.9;97.7351276458508;263.782386811534;281.306421483656;69.6696152921557;63937.6588485729
1258.9;101.414320213645;330.976800839472;346.16543304947;72.9644563074021;63939.1208745692
1000;103.789806647605;415.870546044604;428.626451623537;75.9868178382114;63943.3539555586
794.33;108.719316890215;522.177192773896;533.375018648513;78.2388199213454;63944.9209815546
630.96;115.829754922311;654.741400310623;664.90813907342;79.9676523061754;63946.4730095507
501.19;126.310450787352;821.405149945394;831.06001608483;81.2578970713491;63947.9700395469
398.11;141.644718441829;1030.38981030971;1040.07999089135;82.1727724957599;63951.0510995391
316.23;164.026110047647;1289.87265850168;1300.25998935888;82.7529032917957;63952.4931235355
251.19;196.861779707084;1613.77828572918;1625.74134344934;83.0449592626119;63954.0151515316
199.53;244.743848039512;2015.86987909083;2030.67252913385;83.0776813095842;63955.6271785276
158.49;312.493769317918;2510.6071654732;2529.98037446694;82.9049189936904;63957.1792075236
125.89;407.822366910153;3118.43445588376;3144.98847988276;82.5492615344105;63958.7362365197
100;540.869455803996;3863.55821702074;3901.2333773475;82.0308069607006;63960.3182665157
79.433;719.288310364538;4765.07712082407;4819.05962204538;81.4160095330982;63961.9152955117
63.096;948.968076826723;5852.99186341083;5929.42275132998;80.7905543363627;63963.5773285075
50.119;1235.89021613073;7156.52519657945;7262.45671350984;80.2019927519509;63965.4793625027
39.811;1572.96029302297;8730.67662012583;8871.24108164346;79.7868825240532;63967.2063934983
31.623;1952.85480857917;10639.3061524271;10817.0456830164;79.5990792899816;63969.0484304937
25.119;2372.9459197561;12968.952752039;13184.2560587508;79.6312128928227;63970.7954604893
19.953;2826.43605816471;15812.3229455972;16062.9479774652;79.8654719634383;63972.882501484
15.849;3310.87528779071;19331.9484682784;19613.417008555;80.2815573799459;63975.0145404786
12.589;3838.90451461023;23725.9873690356;24034.5514729927;80.809099734177;63977.2815804729
10;4383.61029542842;29162.8656438001;29490.4861231639;81.4515954304734;63979.7636264666
7.9433;4987.24285591719;36002.3529779361;36346.1416281261;82.1132666297399;63982.2506714603
6.3096;5657.40086966057;44519.8180264674;44877.8384251047;82.7578970307911;63984.7327184541
5.0119;6315.06891859894;55207.9772669113;55567.9840317287;83.4744760130405;63987.3247694475
3.9811;7131.57800386888;68647.8101469016;69017.253225482;84.0690197120643;63989.911813441
3.1623;8074.69230011171;85407.7860925941;85788.6389971295;84.5991492410693;63992.6238654342
2.5119;9309.00445819679;106308.404878606;106715.202814952;84.9956012032022;63995.3309164273
1.9953;10394.3597537058;132730.087466803;133136.466956407;85.5221912900192;63998.22796842
1.5849;12094.8164720645;165930.72345077;166370.93968115;85.831039993542;64003.9990784054
1.2589;13844.9720809764;207438.532535141;207900.043367614;86.1815978816133;64006.9661313979
1;16245.7776509955;258831.167645761;259340.507125967;86.408488783108;64012.2552303846
0.79433;19399.6814165514;323970.666360709;324550.982591743;86.5731644933182;64015.637291376
0.63096;23447.0195185285;405362.875644255;406040.421232765;86.6895832871924;64019.3893623666
0.50119;28914.8946111211;506952.58652946;507776.521827547;86.7355755726726;64023.3414323566
0.39811;36250.5268371325;635070.571288024;636104.339878347;86.7330389918959;64027.7585173454
0.31623;46154.8939685154;795124.005420584;796462.465049871;86.677856024988;64032.6606073331
0.25119;59793.3592468996;995205.573479575;997000.190218055;86.5617216469883;64038.3177113188
0.19953;78968.159000676;1245892.68290946;1248392.78573024;86.3732848595093;64044.7498323026
0.15849;105896.385942019;1558577.04518692;1562170.42935116;86.1130537717861;64052.2469682836
0.12589;144679.827352776;1950465.85050209;1955824.45184062;85.7577366425382;64060.9841302616
0.1;200878.550921754;2443150.78579442;2451395.10368042;85.2996507574725;64071.4413262352
