Frequency (Hz);Z' (Ω);-Z'' (Ω);Z (Ω);-Phase (°);Time (s)
10000;96.5809662868049;46.4138659734768;107.154701266425;25.6675193796684;12522.4718633838
7943.3;97.4814901476292;55.9122269629002;112.378014065711;29.837186677964;12523.6288843809
6309.6;97.3322080799066;69.1139782720183;119.374623443575;35.3779259524658;12524.8859073777
5011.9;98.385894827308;85.503950849746;130.348417373921;40.9928335346397;12526.1479313745
3981.1;98.4311739207266;106.938160019572;145.342581743218;47.3719992653193;12527.3699513714
3162.3;99.6725006864303;134.346902635399;167.283285599045;53.4281335254386;12528.6069773683
2511.9;100.667247970026;167.327006983739;195.274734873703;58.9680493888292;12529.8690003651
1995.3;101.518907629978;209.652566911614;232.938376870392;64.1625975988055;12531.111022362
1584.9;104.450526581533;263.520382583839;283.465878970102;68.3783077344044;12532.298045359
1258.9;106.229706616219;331.06867673546;347.694146173237;72.2101697266697;12533.5150673559
1000;109.818857228143;414.23023458067;428.540393246251;75.1515894976064;12537.4081423461
794.33;115.190750014004;520.143964468869;532.746330500906;77.512850858835;12538.6751613429
630.96;122.809642534525;652.28114989494;663.74159641213;79.3373350602209;12539.9321863397
501.19;134.027047110183;817.682017629914;828.593465646695;80.6913689791171;12541.1992073365
398.11;150.296768854012;1025.43235463177;1036.38826346771;81.6615770201888;12543.9902613295
316.23;174.368677659878;1284.10067244409;1295.88540107534;82.2670750325261;12545.1422823266
251.19;209.064194653877;1603.80509629983;1617.37399027052;82.5730804419577;12546.4043043234
199.53;260.388156669231;2002.63000244523;2019.48729107846;82.5917864626497;12547.6613293202
158.49;331.654198069095;2492.48084124217;2514.44929379301;82.4206383753681;12548.948352317
125.89;433.48012704687;3094.53605883122;3124.74934033936;82.0259392133513;12550.2703763136
100;572.64172573601;3825.42651148947;3868.04944912296;81.4864063382753;12551.5723993103
79.433;761.055915971311;4714.13336604801;4775.17114877803;80.8292209665491;12552.904427307
63.096;1003.95215381563;5776.34443141523;5862.94080794722;80.1402537610171;12554.3214513034
50.119;1301.88972433151;7051.60744557382;7170.77990324568;79.5396626506886;12555.8784822995
39.811;1654.62175090243;8583.36933014401;8741.39589517694;79.0888951853838;12557.3505082957
31.623;2055.97613006727;10453.5684005439;10653.8317122177;78.8732568059721;12559.5945532901
25.119;2499.52117280302;12697.1568794416;12940.8422799461;78.863339378366;12561.0915772863
19.953;2974.95919140738;15453.8538513498;15737.5976899086;79.1035177915903;12562.8986102817
15.849;3490.80190546382;18852.739331498;19173.1968707516;79.5098338491511;12564.770646277
12.589;4035.17148413848;23094.002100394;23443.8806923983;80.0888700873593;12566.6576802722
10;4635.57874511519;28344.126218888;28720.6908241153;80.7117136715452;12568.8647192667
7.9433;5271.01476560846;34893.2508009802;35289.1279025052;81.4097818576311;12571.111763261
6.3096;5960.1327189424;43109.6492512507;43519.7086455466;82.1284615422229;12573.4538052551
5.0119;6742.2092858361;53364.6359813018;53788.862782837;82.7992729318652;12575.8108482491
3.9811;7565.92847475146;66202.0756207678;66633.0105141807;83.4802179186236;12578.2178932431
3.1623;8546.99062371379;82296.1852711658;82738.8249790139;84.0707201520212;12580.6599402369
2.5119;9645.62698295168;102414.022098381;102867.244749055;84.6196012466124;12583.1869862305
1.9953;10861.9503785969;127728.993094913;128190.006018673;85.1393165619948;12585.7040342242
1.5849;12439.8543399297;159589.643440647;160073.746346837;85.5428635213014;12591.1751362103
1.2589;14160.3291271521;199311.628156228;199814.013620857;85.936182206365;12593.8721832035
1;16602.5620282285;248657.225789066;249210.87657447;86.1800952860172;12598.8662771909
0.79433;19413.0655428707;310846.328926779;311451.934206591;86.4263884931601;12601.9833331831
0.63096;22995.4468315285;388652.410341087;389332.103272923;86.613920880432;12605.4053981744
0.50119;27703.2600369125;486461.066087401;487249.25801438;86.7406080414183;12609.1824681649
0.39811;33842.5218656311;608682.868176725;609622.957489357;86.8176542903531;12613.2945431545
0.31623;42175.9698311401;762242.339505455;763408.276458899;86.8329711373135;12617.9216281428
0.25119;53453.0587534138;954563.657068816;956059.101147355;86.7949340189642;12623.3037301292
0.19953;68985.609294212;1195457.87248019;1197446.67487307;86.6973277062001;12629.4908421136
0.15849;91827.302304933;1497094.7447831;1499908.30663271;86.4900460388859;12636.7429790953
0.12589;123227.360269584;1875338.30717819;1879382.54453131;86.2405331097767;12645.2801360737
0.1;167766.614526983;2349030.32361262;2355013.60892065;85.9148992850789;12655.457326048
