Frequency (Hz);Z' (Ω);-Z'' (Ω);Z (Ω);-Phase (°);Time (s)
10000;95.0682767284816;46.5175073310328;105.838819572101;26.0727948081051;40211.407544476
7943.3;94.9873915018308;56.1871838962606;110.36124400583;30.6052717701038;40212.6945654727
6309.6;95.0897493294964;69.1569895776744;117.578695497922;36.027691911177;40214.0365884693
5011.9;95.486178616388;85.3184719686922;128.050193150316;41.7813121958691;40215.363612466
3981.1;96.5860917165458;106.898686516018;144.070129769939;47.9012640073642;40216.6756364627
3162.3;95.5952769546074;134.06278182895;164.655052906811;54.5087185767274;40217.9826614594
2511.9;98.4432675505915;167.564926345155;194.342690799255;59.5660506429568;40219.324686456
1995.3;97.8128900976368;208.865852672582;230.634572174029;64.9060796767773;40220.6667124526
1584.9;99.1677888891948;265.342457131506;283.268194313723;69.5075197022912;40221.9837374493
1258.9;101.269529849422;331.078187992562;346.219993992781;72.9922817659708;40223.285759446
1000;106.37214929059;415.617583260739;429.013997044614;75.6440211283355;40227.3238374358
794.33;111.310271634889;521.168644216297;532.922820196026;77.9440052940592;40228.6558604324
630.96;118.57264995745;653.866148840738;664.530220469882;79.7216291092405;40229.9828854291
501.19;129.255968227644;819.969002358498;830.094133307335;81.0418832635088;40231.3249104257
398.11;144.837316700846;1028.69662931317;1038.84291568522;81.9856121148241;40234.2159634184
316.23;167.61964501917;1287.42380175915;1298.28979458838;82.5819478425859;40235.4629854152
251.19;201.053643025859;1610.16357126354;1622.66733916663;82.882579783052;40236.8150124118
199.53;249.700703363621;2011.27433170907;2026.71529294374;82.9229129001335;40238.1670354084
158.49;318.11388983029;2504.87941114686;2524.99847748279;82.7623134088399;40239.5340604049
125.89;415.474936463382;3111.62335150942;3139.2386504514;82.3946497348496;40240.9410864014
100;550.972513549873;3853.23738070911;3892.42970685168;81.8624655531303;40242.3381143979
79.433;731.62126168595;4749.64805032241;4805.6660591933;81.2431594307088;40243.7901413942
63.096;963.618890311086;5829.40439717392;5908.51224857451;80.6137070391565;40245.2771683904
50.119;1255.64779759818;7129.5556548144;7239.28278399933;80.0115763259771;40247.029201386
39.811;1594.2258357476;8687.83764051319;8832.89753610235;79.6018550144855;40248.5662273821
31.623;1986.28954965218;10586.1960842854;10770.9281730962;79.3731411561989;40250.203257378
25.119;2412.5585216183;12879.2118229052;13103.2261599766;79.3902024589694;40251.785289374
19.953;2874.58356474321;15700.1398893714;15961.128506986;79.6244726450061;40253.7173243691
15.849;3365.09976630057;19205.6900654717;19498.2672904059;80.0618753767797;40255.6593613642
12.589;3899.93951222606;23541.3953340985;23862.2468027497;80.5936353665708;40257.6213973593
10;4450.46664332461;28917.5001396504;29257.9641750759;81.2507012808108;40259.9534413534
7.9433;5075.41363149452;35661.0035060764;36020.3691623386;81.8998405505338;40262.2854833475
6.3096;5718.61186545381;44103.803814939;44473.003413468;82.6121015766997;40264.7225303414
5.0119;6430.45974245;54677.1997755599;55054.036980005;83.2923874750413;40267.1745743352
3.9811;7258.20925217416;67895.6727478334;68282.5305581833;83.8981185280226;40269.6616203289
3.1623;8155.72154933737;84429.7844361722;84822.781691765;84.4824794947147;40272.2086673224
2.5119;9412.42073131289;105100.810300809;105521.438532224;84.8824645692498;40274.8307143158
1.9953;10522.8000927229;131342.112206117;131762.96809254;85.4193900466416;40277.532764309
1.5849;12034.6144436868;163882.395211047;164323.678771253;85.80005437737;40283.1788712948
1.2589;13927.445550327;204971.884881083;205444.511562761;86.1128368449919;40285.9909202877
1;16223.8112010993;255752.553029553;256266.619814254;86.3702726190921;40291.0850192748
0.79433;19233.6631615468;319953.553135483;320531.13727473;86.5598658057893;40294.2920772667
0.63096;23106.0256295795;400317.628663633;400983.905212253;86.6965968608858;40297.8491422577
0.50119;28286.7382631755;501145.71967413;501943.39512466;86.7694170078893;40301.6662132481
0.39811;35056.8234658395;627332.697310121;628311.46256129;86.8015040605692;40305.9332922373
0.31623;44257.3280782531;785518.665495105;786764.440560093;86.7752770522273;40310.7603802251
0.25119;57372.4276720107;983434.50149067;985106.600413977;86.6612150384994;40316.2024802114
0.19953;74886.0966097255;1232194.97712185;1234468.46420221;86.5221523740257;40322.4195951957
0.15849;100959.032648904;1542686.358842;1545986.39322297;86.2556941861779;40329.7367301772
0.12589;136613.48099303;1931709.9989114;1936534.73066798;85.9546902580924;40338.2738881557
0.1;189785.624144155;2418272.01221779;2425707.75408079;85.5126334440759;40348.5160781298
