Frequency (Hz);Z' (Ω);-Z'' (Ω);Z (Ω);-Phase (°);Time (s)
10000;90.3817136423716;46.0578958293278;101.440543813393;27.0030762034591;71717.6438999304
7943.3;91.9587340344766;56.0024146878763;107.66930489279;31.3412082667477;71719.1309269266
6309.6;91.3500665021714;68.9589276067904;114.4559668459;37.0486605514789;71720.7229589226
5011.9;93.062892821777;86.5518642789447;127.090232632246;42.9239390725788;71722.2599839187
3981.1;93.5572421301289;107.08039015671;142.194119115767;48.8559525653144;71723.7820109149
3162.3;94.1017800694579;133.820254905875;163.594026893753;54.8852918980722;71725.314041911
2511.9;94.8602040750845;168.233667980169;193.134733694456;60.583095943007;71726.8210699072
1995.3;96.0697654054564;209.126832681934;230.137854280075;65.3266515110354;71728.3380979034
1584.9;97.3306177096708;264.855942017676;282.173562131211;69.82237103291;71729.8351268996
1258.9;98.89761895812;330.301173236547;344.789216880437;73.3314326920703;71731.3321528958
1000;103.091436321534;416.16498387091;428.743674056086;76.0868960213627;71735.4752318853
794.33;107.889984321621;521.981438419892;533.014887945749;78.3218073086428;71736.9822558815
630.96;115.004458316314;654.883704556055;664.905024740896;80.0398180457363;71738.5242868776
501.19;125.44909578526;821.726608667308;831.247312792778;81.3199459961693;71740.1063158736
398.11;140.553169541107;1030.86207014875;1040.39982753719;82.2358669656278;71743.2373728657
316.23;163.024544794611;1291.00557499844;1301.25800550181;82.8029437277868;71744.6893988621
251.19;195.509758730083;1614.41799841047;1626.21325149882;83.0949732361043;71746.2564308581
199.53;242.245842275524;2016.56665611435;2031.06477657705;83.1500047035605;71747.8234588542
158.49;310.026264396493;2513.10468170256;2532.15549005407;82.967304531906;71749.3854878502
125.89;404.836117034234;3122.18796507405;3148.32494684215;82.612006828284;71751.0075188461
100;537.961398753924;3866.37110281269;3903.61729312881;82.0788020745493;71752.5895478421
79.433;715.653761622392;4767.97790069735;4821.38710000168;81.4638627378802;71754.2615778379
63.096;942.640958271593;5857.19612142304;5932.56423319835;80.8573714423806;71757.0506288309
50.119;1228.30995452329;7170.38829864094;7274.83427286615;80.2794037050555;71758.9076618262
39.811;1564.90211078257;8744.39108762928;8883.31549083686;79.8537169450766;71760.6546938218
31.623;1949.6055886773;10660.046774935;10836.8611320439;79.635773159081;71762.4817278172
25.119;2359.77578826061;12981.0113862501;13193.756037642;79.6968971784252;71764.2637608127
19.953;2820.4192189682;15849.7584468707;16098.7455223963;79.9099957188799;71766.3758018073
15.849;3293.50262696452;19395.7725660997;19673.412337205;80.3628039368856;71768.5528408018
12.589;3818.41165762285;23768.4912762581;24073.25165275;80.8734058082772;71770.7398817963
10;4366.70321112942;29246.6612372682;29570.8520415225;81.5081243124785;71773.24192979
7.9433;4951.4927800646;36126.870085228;36464.6132970853;82.1957545442024;71775.8039747835
6.3096;5640.74524879071;44653.486185916;45008.3529527303;82.8003812974498;71778.4160227769
5.0119;6312.19525386113;55387.1638416195;55745.6879708312;83.4983405001462;71781.0480727703
3.9811;7141.40470059864;68830.9627216717;69200.441402421;84.0765965563198;71783.6801227636
3.1623;8051.09527129654;85666.6789098338;86044.1747622002;84.6310186834013;71786.4771747566
2.5119;9250.62589614218;106740.100317923;107140.202983523;85.0468399127195;71789.2892267495
1.9953;10320.5397532005;133143.356316698;133542.75297474;85.5676098579172;71792.1662807422
1.5849;11850.7098039584;166511.906210641;166933.083098465;85.9291036740094;71797.7723827281
1.2589;13836.7494421057;208138.405837702;208597.822663094;86.1966531521835;71800.7094357206
1;16151.9695225832;259732.451136543;260234.187402146;86.4415324994709;71806.0035357073
0.79433;19259.3776483129;324987.058388655;325557.232675779;86.6085050466049;71809.3255976989
0.63096;23313.5916917548;406589.965769284;407257.810019449;86.7182924114385;71813.0726666894
0.50119;28871.5053884651;509043.794476724;509861.891612481;86.7538253836517;71817.1647426791
0.39811;36037.0622497557;637306.301151197;638324.362172252;86.7636046893308;71821.6068226679
0.31623;46489.286466045;797896.776937489;799249.973664907;86.6654435178298;71826.6739166551
0.25119;60371.4699572723;997534.655759338;999359.847014929;86.5366451398275;71832.3910246406
0.19953;77351.3329965012;1251749.85527526;1254137.52391752;86.4639287834718;71838.8631446243
0.15849;108402.703909958;1562681.44188169;1566436.85956901;86.0317674886652;71846.3552826054
0.12589;147532.041715633;1957081.19138951;1962634.07007607;85.6889852865223;71855.0724435834
0.1;195384.5251073;2449358.88013109;2457139.40107769;85.4391925624126;71865.529638557
