Frequency (Hz);Z' (Ω);-Z'' (Ω);Z (Ω);-Phase (°);Time (s)
10000;95.9006736436919;46.148159171005;106.426461935866;25.6972260780288;23607.3641083971
7943.3;96.6225036482001;55.6715228042563;111.513347463841;29.9494938704528;23608.5861283941
6309.6;96.7603737219042;68.9176171115478;118.794814159274;35.4603863205178;23609.8731513908
5011.9;97.3924048086903;85.7365640655924;129.753762689924;41.3581357186768;23611.1801753875
3981.1;98.3846033794624;107.043740179574;145.388763299528;47.4136809045127;23612.4522013843
3162.3;98.3059716702098;134.405626023135;166.520077986695;53.8177911726502;23613.7142243811
2511.9;98.426527619144;166.733884405186;193.618102325181;59.4457505731241;23614.9812483779
1995.3;100.512015923636;209.273890364772;232.159915862838;64.3455226751102;23616.2582713747
1584.9;101.566165343809;263.072952719678;281.998341121532;68.8896197124115;23617.5052943715
1258.9;105.823105204555;332.760898481416;349.182395251097;72.3585323335705;23618.7573163684
1000;108.699110380644;414.768214111428;428.775195218575;75.3146435086331;23622.7003903584
794.33;113.923816413018;520.334010089217;532.659476590469;77.6503256585406;23623.9924153552
630.96;121.521945463175;652.655733709584;663.872796530443;79.4525330266561;23625.2794383519
501.19;132.714689755631;818.245915976313;828.938820353377;80.78718841648;23626.5814623486
398.11;148.914904204439;1026.09383004538;1036.84338101346;81.7424323121869;23629.4325173414
316.23;173.0587571135;1284.67252259657;1296.27652286397;82.3278483825652;23630.6345373384
251.19;207.785236790798;1606.33673409241;1619.7198547659;82.6295184688408;23631.9415603351
199.53;258.636205257918;2003.66931725201;2020.29290439959;82.6448577620714;23633.2485863318
158.49;330.350887252663;2495.21995058297;2516.99310894883;82.4582713745919;23634.5756083284
125.89;432.225558719612;3096.60339883144;3126.62302544853;82.0539625401682;23635.947633325
100;572.080231209319;3828.62387686933;3871.12859273293;81.5016312976351;23637.1996573218
79.433;759.95439994584;4713.83747533396;4774.7035964403;80.8417041544849;23638.5916853183
63.096;1001.94298994643;5779.01178840469;5865.22523059628;80.1640527072931;23640.0537123146
50.119;1303.86180014736;7056.46998609309;7175.9197500053;79.531227207353;23641.7357443104
39.811;1652.61583417528;8590.00842164386;8747.53586899072;79.1100274943515;23643.2527703065
31.623;2053.89946211384;10445.2367227772;10645.2559008849;78.8755700318834;23645.5718163007
25.119;2491.79266532311;12695.3899542942;12937.6178942861;78.8954100781101;23647.023841297
19.953;2964.31539652615;15451.546560878;15733.3231357226;79.1399919164131;23648.8608752924
15.849;3481.52089581739;18843.620536557;19162.542176699;79.5321560836473;23650.7779092875
12.589;4013.99843187532;23094.0505086318;23440.2933494087;80.1398719777972;23652.7049442827
10;4574.88220485423;28351.2608918037;28718.0003019606;80.8335202293865;23654.9969882769
7.9433;5228.93334806421;34936.4730372652;35325.6124114226;81.4877405811952;23657.2690292711
6.3096;5874.94651053287;43137.8666564749;43536.0831514898;82.2446006337506;23659.5610742654
5.0119;6598.50071218104;53449.2704529456;53855.0343384978;82.9622436475236;23661.9731162593
3.9811;7391.67644787076;66340.0581492285;66750.5819896204;83.6422693470061;23664.3751632532
3.1623;8297.47157243925;82493.2247579989;82909.4696971893;84.2562978692141;23666.7872072471
2.5119;9413.4072751223;102776.272173516;103206.464712304;84.7668089928062;23669.3292522407
1.9953;10638.2338283185;128127.075881616;128567.957100357;85.253688453462;23671.991302234
1.5849;12100.4945925094;159977.246280355;160434.227323314;85.6744498658898;23676.2203832233
1.2589;13698.4847375909;199981.527944926;200450.143435452;86.081431802622;23678.9574302164
1;15998.091031727;249666.606936946;250178.643245316;86.333624075812;23683.9915272037
0.79433;18792.2527211535;312192.116515957;312757.200360037;86.5552649143511;23687.1085811958
0.63096;22473.9483557364;390829.602472609;391475.231047373;86.7089342205946;23690.6206481869
0.50119;27145.3188302314;489046.989074997;489799.781398191;86.8229681629483;23694.4327191773
0.39811;33468.2812133613;612679.236316336;613592.676342005;86.8732622491929;23698.6247951667
0.31623;41992.5041764798;767345.821354366;768493.9687187;86.8676498739435;23703.3968841547
0.25119;54274.5147250016;960724.08392576;962255.93704774;86.7666067704028;23708.813984141
0.19953;70240.8535446121;1204036.79197269;1206083.90003787;86.6612745936029;23715.0461001253
0.15849;93917.110963351;1506152.21367644;1509077.50446892;86.4319037585259;23722.3282351069
0.12589;127064.303288535;1887272.93732143;1891545.52604902;86.1482635972109;23730.8203940854
0.1;176158.729076673;2364602.47972893;2371155.15835006;85.7394355164332;23740.9825800598
