Frequency (Hz);Z' (Ω);-Z'' (Ω);Z (Ω);-Phase (°);Time (s)
10000;97.633080955454;44.9578689165316;107.486875823843;24.7250222356896;11080.1411600253
7943.3;98.1791630253904;56.2122405119739;113.132506538758;29.7931897037978;11081.2931770224
6309.6;98.5935791458526;68.815784880902;120.234379848544;34.9140508949527;11082.5252000193
5011.9;98.3595949004139;86.4397534010307;130.944419037256;41.3094467658509;11083.7472250162
3981.1;99.4003614684845;106.482828055807;145.667513642637;46.9702214993434;11084.9692440131
3162.3;100.520283603648;133.150785374145;166.833626890712;52.9495414522244;11086.21127001
2511.9;100.050175473942;167.242405883692;194.884735005418;59.1106809960036;11087.4332900069
1995.3;101.243201515697;209.252661985541;232.458302500004;64.1808021799722;11088.7053160037
1584.9;103.168284262288;259.433851127243;279.194588035544;68.3139162335145;11089.9123390007
1258.9;106.090894637755;329.606207358417;346.25933901375;72.1581046302773;11091.1243599976
1000;110.273206168956;414.236633840845;428.663234736285;75.0931076173618;11095.0174329878
794.33;115.58401859883;519.611982063322;532.312199051673;77.4591415989967;11096.2644539846
630.96;123.386657525559;651.626691596465;663.205558221796;79.277884784206;11097.4764759816
501.19;134.900173421051;816.950542332121;828.013433107082;80.6235599292484;11098.7384999784
398.11;151.435561853704;1024.17570348254;1035.3108716699;81.5891351660061;11101.4995539714
316.23;175.880365928027;1282.23342764987;1294.2397251289;82.1896386849764;11102.6665729685
251.19;211.492449193621;1603.40000936665;1617.2880529154;82.4859211348225;11103.9235979653
199.53;262.545870157768;1999.97918099896;2017.13833396873;82.5213008994189;11105.1856189621
158.49;336.918260523708;2489.14218766938;2511.84050940935;82.2915677436294;11106.4626449589
125.89;440.849684006117;3087.68004890855;3118.99287083446;81.8743978948305;11107.7796669556
100;582.93232089663;3816.43940342682;3860.70198419599;81.3156231571934;11109.0566929523
79.433;772.557736611279;4697.4741174305;4760.57859302075;80.6606048887018;11110.393716949
63.096;1017.41375833817;5753.88998800694;5843.14818824084;79.9725006214183;11111.7857409454
50.119;1322.10833558505;7021.66849089153;7145.05415283904;79.3366373815246;11113.3627719415
39.811;1680.60432264646;8543.54896230483;8707.27625383495;78.8714165463309;11114.8147969378
31.623;2084.84916923207;10378.1479290474;10585.4877306452;78.6411340078699;11117.0538429321
25.119;2533.84746947593;12600.0816163102;12852.3320738397;78.6296055581841;11118.4458649286
19.953;3017.46468965772;15325.3839352347;15619.6186226066;78.8613265627397;11120.257897924
15.849;3520.55873651507;18702.9057716342;19031.3693180465;79.3396168890022;11122.1249339193
12.589;4086.84747816504;22851.3128586599;23213.8928591078;79.8601281912053;11124.0019679146
10;4674.85380867777;28054.1839858997;28441.0178658785;80.5393539866505;11126.224007909
7.9433;5302.07025631239;34508.3435517101;34913.2886403691;81.2650387760693;11128.4660519033
6.3096;5993.63768710164;42624.7010195934;43044.0336136609;81.995878659452;11130.6930928977
5.0119;6721.06661257205;52757.9552140471;53184.345203998;82.7399468179854;11133.0251358918
3.9811;7557.38567319538;65446.1585886505;65881.0576131274;83.4129529798698;11135.3721778859
3.1623;8471.22944095069;81280.2051269537;81720.4593337611;84.0499700140036;11137.8392228797
2.5119;9574.4893901922;101119.745673976;101572.012937878;84.5910937154809;11140.3462698733
1.9953;10681.7048016358;126104.44257029;126556.032070514;85.1583058820169;11143.0233228666
1.5849;12110.3407258336;157423.70210057;157888.829039754;85.6009960801923;11147.192400856
1.2589;13707.0360284643;196666.407592309;197143.497767362;86.0131099393301;11149.8944488492
1;16073.5798475507;245484.258905741;246009.921221923;86.2537901329643;11154.8085418368
0.79433;18720.7284724657;306775.105952354;307345.784592237;86.5078971098228;11157.8755948291
0.63096;22143.0042266552;383995.287104217;384633.192996174;86.6997062458289;11161.2926588204
0.50119;26540.515897205;480411.775856009;481144.337351292;86.8378890611194;11165.044726811
0.39811;32437.2437135833;601432.713506453;602306.80193359;86.9128412161947;11169.1918058005
0.31623;40338.2878508515;753242.767037076;754322.108624962;86.9345766150987;11173.9338937885
0.25119;51411.4936719679;942941.712064784;944342.212353789;86.8791836128632;11179.280991775
0.19953;65849.9896791769;1181630.8783433;1183464.30186766;86.8103169384189;11185.3781057596
0.15849;87402.8156997421;1478438.39117278;1481019.69220054;86.6167067721202;11192.5302387416
0.12589;119760.693046826;1854067.40910974;1857931.26383135;86.3041996930073;11200.9773927203
0.1;164483.298537194;2326404.44332457;2332211.90920079;85.9557581358709;11211.1245816946
