Frequency (Hz);Z' (Ω);-Z'' (Ω);Z (Ω);-Phase (°);Time (s)
10000;94.6965999079558;45.4154335297426;105.023843182498;25.6218568573396;26765.2685794242
7943.3;95.7119623532009;56.1035939389086;110.94319713422;30.3776029649336;26766.4905984211
6309.6;96.3027117022266;68.9279168118324;118.428332746945;35.5928983035606;26767.8326254177
5011.9;96.6040848789083;84.9844453129736;128.665089128501;41.3387011866514;26769.1646504144
3981.1;98.3695997196878;107.041708285784;145.377114642403;47.4174926557789;26770.486672411
3162.3;96.9277701592402;133.611691652316;165.066885759186;54.0412253502814;26771.8086984077
2511.9;100.095855931433;167.584165048241;195.201518307523;59.1506737260281;26773.1607224043
1995.3;99.6192463668624;208.609197369102;231.174807177778;64.4736560765832;26774.472747401
1584.9;101.572075999486;263.422397483898;282.326488518187;68.9140425292219;26775.7947703976
1258.9;103.361529094661;332.795952708191;348.477763760816;72.7459741082117;26777.0767943944
1000;108.125856809137;414.868672637841;428.727438411626;75.3921548249567;26781.0448723844
794.33;113.298080625188;520.398749961781;532.589254524662;77.7175740499066;26782.3068933812
630.96;120.919771176166;653.14074223401;664.239730991222;79.5112555882484;26783.6289153778
501.19;131.941377920968;818.55488445514;829.120392990699;80.8433565985882;26784.9609423745
398.11;148.106393260804;1027.15999301787;1037.78280722952;81.795061309846;26787.8469983672
316.23;171.594663743564;1284.7053548316;1296.11441522663;82.3921842126061;26789.0640153641
251.19;206.368538968828;1607.53894129591;1620.73113799263;82.684639619161;26790.4860433605
199.53;256.962909141595;2005.55640850982;2021.95114787408;82.6987293332635;26791.8430703571
158.49;327.651520859966;2496.96756192129;2518.37299151833;82.5243721557559;26793.2100923536
125.89;429.246239022629;3100.58189117709;3130.15341438888;82.1180410384543;26794.6071183501
100;567.340543475542;3835.34554160898;3877.08017918266;81.5855853075116;26795.9891443466
79.433;753.122677197987;4720.60738342761;4780.30624912056;80.9354589081257;26797.411172343
63.096;992.785937210769;5790.74694902022;5875.2339651039;80.2715904038994;26798.9181993392
50.119;1289.99797499629;7072.22480965912;7188.91219405638;79.6626983491273;26800.600229335
39.811;1640.42614102198;8612.1014671483;8766.94300224463;79.2155361009535;26802.1422613311
31.623;2035.6627538146;10474.9694200639;10670.9375032629;79.0024510783312;26804.5063033251
25.119;2469.07477084603;12728.7672638494;12966.0266188711;79.0223260465129;26806.1183323211
19.953;2943.91967809673;15503.6246755438;15780.6540153194;79.2483428794991;26808.0303693162
15.849;3458.1024104537;18919.1531553251;19232.5980667156;79.6416432617532;26809.9774033113
12.589;3989.06310974473;23167.9405833148;23508.8514259104;80.2305850798499;26811.9494423063
10;4553.55765292135;28478.8264823082;28840.5694310618;80.9157152185212;26814.2764833005
7.9433;5153.93960797204;35079.4553259151;35456.0471491887;81.6417940881841;26816.6235272945
6.3096;5824.46797558951;43377.1139565655;43766.4076935672;82.352344295567;26818.9405712887
5.0119;6563.80935831336;53713.1906899619;54112.7567897672;83.03293737499;26821.4176182824
3.9811;7347.30383810105;66684.3240532755;67087.8673690827;83.7124905334388;26823.8996612762
3.1623;8270.27459009972;82892.0577485437;83303.6054416827;84.3023630118234;26826.4567092697
2.5119;9444.4373017268;103306.628406266;103737.441980302;84.776459503368;26828.9787572633
1.9953;10502.5744792866;128723.907843403;129151.649316491;85.3355733506118;26831.6758042565
1.5849;12052.1141580215;160997.034053096;161447.50982772;85.7188671120044;26837.2269122425
1.2589;14002.9647446658;200977.331625119;201464.564747237;86.0143949272641;26840.0489622354
1;16027.0647551087;251144.889343301;251655.761404192;86.3485633980158;26845.0930552227
0.79433;18802.7510352831;314212.135908966;314774.220353207;86.5754502338853;26848.2401112147
0.63096;22490.4252537667;392981.692603659;393624.732390804;86.7245233742764;26851.8221812057
0.50119;27242.6951042594;492021.072051357;492774.694743054;86.8308282267419;26855.6192511961
0.39811;33574.6516831653;615909.022785683;616823.460630722;86.8797603441668;26859.8413271854
0.31623;42372.1468659183;771657.116445958;772819.580621323;86.8570113413579;26864.6584181733
0.25119;54591.3985055067;966194.505558967;967735.523458307;86.766143252629;26870.1355191594
0.19953;71004.1881719671;1210739.36664697;1212819.61094248;86.643715325132;26876.4176341436
0.15849;94984.479829987;1515643.17419068;1518616.56874913;86.4139964024407;26883.774772125
0.12589;129658.245417244;1899336.18666117;1903756.60486452;86.0947605499751;26892.3069291035
0.1;178312.904331238;2378783.05389858;2385456.83452166;85.7131418184548;26902.5541170776
