Frequency (Hz);Z' (Ω);-Z'' (Ω);Z (Ω);-Phase (°);Time (s)
10000;92.4181432458875;45.9344949826185;103.204123126577;26.428707634385;58875.9721293525
7943.3;92.4904061897819;55.8358390618103;108.037568284774;31.1190992349464;58877.2891523491
6309.6;92.6500821946296;69.1096465653331;115.586249091563;36.7200323184698;58878.7011763456
5011.9;93.5550244524784;85.7334721676411;126.896693614229;42.5020262383035;58880.128205342
3981.1;93.6851778076907;107.154782899365;142.334324880082;48.8368736342602;58881.5152313385
3162.3;95.2360595733268;133.935336759348;164.3428777766;54.5848899868047;58882.882253335
2511.9;96.0708755383383;167.17465701498;192.813327015481;60.1151512045097;58884.2892803315
1995.3;95.5752790705519;210.593252126934;231.26640873852;65.5896343044087;58885.6813083279
1584.9;94.7712299247547;263.115450962798;279.662880191146;70.1915495346511;58887.0583333245
1258.9;97.4814738278102;333.112485769672;347.082938093033;73.6885024170729;58888.445357321
1000;104.320102274399;415.833259266196;428.719002670151;75.9168493887587;58892.5884373105
794.33;109.236832302067;521.87375752105;533.183743488611;78.1777289904453;58894.0054603069
630.96;116.43023896432;654.608983354805;664.882637488828;79.914709412605;58895.4024883034
501.19;126.863998159489;821.095736762308;830.838542051492;81.2169241175449;58896.8495122997
398.11;142.224474592943;1029.68983200422;1039.46570472821;82.13585933318;58899.8555702922
316.23;164.700458434313;1289.42867554738;1299.90482356684;82.7209488960718;58901.1975952888
251.19;197.578372111018;1612.72511300487;1624.78290957365;83.0153783988333;58902.6346202851
199.53;245.425196813742;2014.32422918644;2029.22044823095;83.0533235275189;58904.0866472815
158.49;313.480279285497;2510.65681560121;2530.1516814661;82.8828892212769;58905.5586752778
125.89;410.341378434415;3117.97612688064;3144.861709941;82.5026727099824;58907.0807042739
100;543.008103511231;3860.81734188002;3898.81627520974;81.9940972680947;58908.5427292702
79.433;722.397988358187;4762.7506917368;4817.22461643874;81.3753074640027;58910.0397592664
63.096;953.220912481844;5843.28018441306;5920.51969184691;80.7348863828463;58911.6067872625
50.119;1240.14112961227;7151.29051108286;7258.02355984463;80.1618927589408;58913.3538212581
39.811;1579.81117179956;8720.76581769963;8862.70612091482;79.73193407437;58914.9908482539
31.623;1965.34190032378;10633.8293365094;10813.9213582852;79.5287668275633;58916.7128802496
25.119;2387.12857536182;12940.9302540919;13159.2575275575;79.5485097087857;58918.3799112454
19.953;2846.21426018005;15778.1826626291;16032.8407885235;79.7744262559783;58920.3619512404
15.849;3332.69389494148;19307.2580109002;19592.78082603;80.2064798178122;58922.4039872352
12.589;3845.83578259129;23670.2156317193;23980.6080181205;80.7714680395685;58924.48602723
10;4408.30075669153;29116.0653257397;29447.8925496238;81.3905544220934;58926.8780712239
7.9433;4998.16632786265;35940.5044634794;36286.3821251218;82.0827815625547;58929.2801152179
6.3096;5621.83090288911;44409.6898660117;44764.1099173883;82.7852920355797;58931.7771622116
5.0119;6373.03675226818;55117.1026163191;55484.3275012287;83.4043387472463;58934.3142062052
3.9811;7163.90257579492;68466.2048944409;68839.9790293623;84.0266413942008;58936.9012561986
3.1623;8097.40446725846;85188.3362249913;85572.3120401018;84.570179638027;58939.5483031919
2.5119;9205.51277821635;106213.312664604;106611.487433104;85.0465502992989;58942.1503521854
1.9953;10322.8111007514;132347.419709915;132749.387693105;85.5400833025894;58944.9574041783
1.5849;11950.9590223878;165314.093310048;165745.512363014;85.8651415323395;58950.5235081642
1.2589;13863.2610824406;206800.300806267;207264.455277316;86.1648039827032;58953.3555621571
1;16214.0242277844;258232.449993266;258740.976289384;86.4072012820898;58958.5796601439
0.79433;19363.4446889203;323196.202088698;323775.737254631;86.5713734990304;58961.8867191355
0.63096;23344.2514092451;404324.976338858;404998.321682049;86.6956188323309;58965.4487821266
0.50119;28682.4624245766;506124.018573427;506936.096394459;86.7564705928443;58969.3308551168
0.39811;35803.4405160996;634108.583309935;635118.557263227;86.7683606742198;58973.6129371059
0.31623;45403.9576086059;793594.261363821;794892.049926348;86.7255027476072;58978.5150270936
0.25119;58826.0907685187;993699.382112039;995439.084507412;86.6120964549741;58984.1221320794
0.19953;78270.7678967717;1244678.55769559;1247137.13163161;86.4017317717959;58990.3992450636
0.15849;104611.859684198;1559195.23654293;1562700.68370266;86.1615785361573;58997.7963840449
0.12589;141101.200978126;1949504.47879807;1954604.11893846;85.8602657703178;59006.4235420231
0.1;200397.428076211;2440105.24174553;2448320.38752561;85.3050318059203;59016.7307329971
