Frequency (Hz);Z' (Ω);-Z'' (Ω);Z (Ω);-Phase (°);Time (s)
10000;97.9769428047899;45.0676787040049;107.845152812449;24.7016024705098;4965.80094746256
7943.3;99.150426068277;56.0959139424983;113.919087735836;29.4996944209799;4966.91296745975
6309.6;99.3783558908152;69.2807685432968;121.14405684767;34.8819501397279;4968.1199894567
5011.9;98.9291483007067;85.7099935363174;130.893771339582;40.9049221990495;4969.32201145367
3981.1;99.9728519968363;106.791681443719;146.284087863165;46.8888568397751;4970.51403045066
3162.3;101.048418017362;133.52061775849;167.447120460223;52.8815599595337;4971.69605544767
2511.9;101.940923804167;168.635835776856;197.05328480948;58.8468985480587;4972.88807644466
1995.3;102.747112412394;210.032650821452;233.817628762613;63.9323090937553;4974.09009844163
1584.9;104.169537619685;262.665834692501;282.567926846992;68.3674265656172;4975.26211943867
1258.9;106.081817739266;331.746322855331;348.294379487956;72.2673934139978;4976.44414143569
1000;111.586115925906;413.578376852199;428.367289912674;74.9007611844733;4980.29721542596
794.33;117.167179387381;518.928024610577;531.991017454082;77.2767071090837;4981.53423542284
630.96;125.261289064443;650.722494424304;662.668963576743;79.1040848336482;4982.7362574198
501.19;137.031051785642;815.555959911414;826.987927904941;80.4621582698539;4983.93828041677
398.11;154.410187299255;1022.34397918021;1033.93893325854;81.4112215510209;4986.60433341003
316.23;179.873198213584;1279.30568323987;1291.88908138641;81.9965519525784;4987.71635240723
251.19;216.807137824429;1598.93642548705;1613.56841434162;82.2780968321136;4988.93837340414
199.53;269.695085520324;1993.45518454267;2011.61602000329;82.2952194231119;4990.15039640108
158.49;345.637047544366;2478.55395931429;2502.53765163837;82.0612376633084;4991.39242039795
125.89;453.070031402344;3076.33099331927;3109.51520880854;81.6219287524575;4992.6794413947
100;601.001036282877;3796.51107572245;3843.78701200995;81.0045234413257;4993.85646639172
79.433;797.369298312568;4669.33546059065;4736.92848177178;80.3092379953054;4995.15848938844
63.096;1049.90652766884;5714.56144916818;5810.20793717064;79.5894449433932;4996.520515385
50.119;1358.23680999047;6963.9009117432;7095.11967063212;78.9636023480685;4998.12754638094
39.811;1727.66428887807;8454.46385406043;8629.18205594707;78.4506537400076;4999.55456937734
31.623;2139.37089964095;10259.012193214;10479.706056314;78.2205958040284;5001.79361237169
25.119;2597.78491359808;12443.9153016226;12712.1797694681;78.2083139620404;5003.25563836799
19.953;3087.46806651275;15111.8209777702;15423.9940458337;78.4529207823369;5005.04767236347
15.849;3617.29035269349;18400.1549594281;18752.34630724;78.8780425141021;5006.87470435886
12.589;4171.70313397299;22494.466537454;22878.027271656;79.4935971222132;5008.74173935414
10;4761.72107320628;27568.6372643072;27976.8430704747;80.2004226717103;5010.91877934865
7.9433;5423.4389044108;33925.8981892179;34356.6624906299;80.9174706288048;5013.12082234309
6.3096;6080.05132847493;41810.5792661258;42250.3439361845;81.7261033334579;5015.3328613375
5.0119;6824.9483556409;51694.1947666614;52142.7817883807;82.4789975317041;5017.65990433163
3.9811;7653.38457718155;64161.9536415382;64616.7980527133;83.1977681913495;5019.95694832583
3.1623;8549.55886919661;79730.1197867332;80187.1994651558;83.8794905147521;5022.39399431967
2.5119;9720.93062128058;99205.293813593;99680.4234179664;84.4035658735496;5024.81103931357
1.9953;10830.9435212005;123645.233084908;124118.70528724;84.9938436471648;5027.413087307
1.5849;12240.4743568461;154375.818741957;154860.33263793;85.4664965355033;5031.48216429673
1.2589;13668.739098287;192609.583829426;193093.982846389;85.9407507585792;5034.21421128983
1;15949.7550907845;240750.697666942;241278.455554108;86.2096883656442;5039.18830627727
0.79433;18498.060462007;300953.37430635;301521.328842976;86.4827471367194;5042.19036026969
0.63096;21786.2369690314;376708.308175324;377337.765893616;86.6900901454372;5045.61742326104
0.50119;26093.5497600584;471723.981874182;472445.116827673;86.8338937979374;5049.31449325171
0.39811;31744.3632333179;590729.51105539;591581.828514728;86.9240231261562;5053.40656824137
0.31623;39387.1979392594;739786.560085191;740834.330902792;86.9523756946509;5058.08865622955
0.25119;49509.9845281149;926551.90952618;927873.741203287;86.9413284995716;5063.34575321628
0.19953;63151.7363899878;1161842.97732516;1163558.0113466;86.888761256106;5069.50286720074
0.15849;83332.6481505329;1455460.78781898;1457844.44819275;86.7230982714808;5076.70500118255
0.12589;112852.795682096;1824305.95969681;1827793.20167205;86.4601552398799;5085.1221551613
0.1;153246.444822899;2283713.50346365;2288849.45742465;86.1609760663818;5095.23934113576
