Frequency (Hz);Z' (Ω);-Z'' (Ω);Z (Ω);-Phase (°);Time (s)
10000;96.8601457942701;46.2817786373381;107.349386943395;25.5394346309703;14970.0421812043
7943.3;97.2450415631046;55.8141493705168;112.124115954438;29.8538276196218;14971.2142012013
6309.6;97.7262163819749;69.3300412037065;119.820983060749;35.3530842455203;14972.4762251981
5011.9;99.3632158239767;85.8706733845983;131.327153347686;40.8339003453585;14973.723247195
3981.1;98.8972177891603;107.196053764796;145.848049795606;47.3059051227673;14974.9802721918
3162.3;99.8352376639896;134.034411773982;167.129585109946;53.3194973571963;14976.2222931887
2511.9;100.315232119426;166.999552637973;194.812721290108;59.0071148495287;14977.4843191855
1995.3;101.959621722413;210.082368010935;233.51737796331;64.1112333553606;14978.7363421823
1584.9;102.299589442651;261.701887157136;280.985913778149;68.6494104749151;14979.9283631793
1258.9;105.794621533058;329.688155866153;346.246706935601;72.2089279000014;14981.1703861762
1000;109.725502550812;414.211642417391;428.498507143421;75.1630183178179;14985.0834621663
794.33;115.086301571085;519.937906724563;532.522566337269;77.5190292586762;14986.2754831633
630.96;122.858921866931;651.922618600503;663.398383571472;79.3274230416419;14987.5075041602
501.19;134.326556896564;817.274388896187;828.239730170753;80.666361171529;14988.759527157
398.11;150.782683449627;1024.59063422521;1035.626083763;81.6282248121562;14991.55557915
316.23;175.3022188812;1283.02748204966;1294.94802507258;82.2197563068079;14992.717601147
251.19;210.967117196372;1602.89479030755;1616.7185386867;82.5020373930456;14994.0296231437
199.53;262.769178463059;2000.1149203331;2017.30199417173;82.5155142050013;14995.2816491406
158.49;335.27126321591;2488.33788158759;2510.82301902826;82.326349966758;14996.5986711372
125.89;438.950932221174;3089.56339201674;3120.5896677051;81.9137976063073;14997.9406951338
100;582.0822953502;3817.49353165217;3861.61580983483;81.3304521668334;14999.2477231305
79.433;772.566302986611;4698.50321514844;4761.59544220954;80.6625127228113;15000.6097471271
63.096;1017.92611689695;5758.60213712655;5847.87757679479;79.9755962195585;15002.0167731235
50.119;1319.70872890167;7021.07178869454;7144.02408948497;79.3546646064416;15003.7138041193
39.811;1677.23500826955;8540.51396510565;8703.64843391147;78.8893233210312;15005.1858321155
31.623;2080.07033188561;10374.8598949402;10581.323661302;78.6629970511684;15007.4698761098
25.119;2524.61347901396;12604.0679116096;12854.4234074846;78.6734592268772;15008.976902106
19.953;3004.94202161701;15329.2860087691;15621.0334514694;78.9091576451265;15010.8089351014
15.849;3516.66699727872;18697.9197252522;19025.74962575;79.348356874956;15012.6959730966
12.589;4060.58612859739;22882.2851024363;23239.7790698822;79.9373054020334;15014.6080050918
10;4637.04977874649;28082.9652314676;28463.2248145285;80.6239405124349;15016.8400480861
7.9433;5255.4251002076;34577.6385217899;34974.7420108778;81.3578063175183;15019.0920890804
6.3096;5924.37524724299;42673.4146770552;43082.6942317917;82.0961145065024;15021.4391330745
5.0119;6654.15284641186;52878.0095876685;53295.0433723153;82.8276174821531;15023.8311750685
3.9811;7447.24656678646;65579.8000517052;66001.3004133112;83.5212420209104;15026.1732200626
3.1623;8357.44177808183;81529.6167706919;81956.8498897433;84.1471647527323;15028.6602650563
2.5119;9550.47029778048;101419.576639064;101868.258101117;84.6204396068495;15031.1173110501
1.9953;10700.0366504696;126570.83274075;127022.307037026;85.1678226543666;15033.7043580435
1.5849;12210.6735967883;158177.607454221;158648.21476975;85.585751409897;15039.2654630295
1.2589;13682.3268800703;197237.421145056;197711.421948266;86.0317585099507;15041.9675110227
1;15903.8114913649;246690.836425297;247202.95304904;86.3113262627564;15046.9016040102
0.79433;18613.8555164011;308383.199242888;308944.450010782;86.5458461697131;15050.0286600023
0.63096;22110.4261298365;385752.62001812;386385.759047207;86.7195309934587;15053.4557239937
0.50119;26583.7625480489;482978.306603325;483709.355998648;86.84954369991;15057.2427969841
0.39811;32653.0346122839;604949.185888823;605829.793074705;86.9103730176422;15061.3648709737
0.31623;40895.7562750735;757820.131145215;758922.798478383;86.9110300573129;15066.1069599617
0.25119;51683.3728396313;949521.038299349;950926.586651754;86.8844082970061;15071.4840599482
0.19953;67420.9179844302;1188896.24552751;1190806.391825;86.7542995346708;15077.7111729324
0.15849;89078.3365968546;1490706.68531445;1493365.78630021;86.5803125812024;15084.9433069142
0.12589;120663.105030466;1867931.14294633;1871824.33462769;86.3039887743076;15093.3754648929
0.1;162522.138666577;2338079.00947256;2343720.73850383;86.0237107663481;15103.5476528672
