Frequency (Hz);Z' (Ω);-Z'' (Ω);Z (Ω);-Phase (°);Time (s)
10000;95.5707867859992;46.138071889971;106.124912082974;25.7695467458549;29490.4530375438
7943.3;95.3432318071914;56.0932512430758;110.620001294787;30.469561646722;29491.6700575407
6309.6;96.5587317763476;69.7248408981167;119.101394284552;35.8329648930511;29492.9670825374
5011.9;96.1095979315511;86.2907845482032;129.163285466532;41.9186791561958;29494.2641055341
3981.1;96.475764244806;107.353342322379;144.334033389236;48.0547583885185;29495.5511315309
3162.3;97.9373432258747;134.868909656589;166.677370959888;54.0140873375295;29496.8381525276
2511.9;98.3320221662984;167.647719701509;194.357774489288;59.6066899123954;29498.1401765244
1995.3;99.089386405328;209.969152648669;232.176121860506;64.7362721453252;29499.4322025211
1584.9;101.836130696693;262.764601571573;281.808149907595;68.8158357060918;29500.6892265179
1258.9;105.402147948198;330.499820006024;346.90019287413;72.3116120131652;29501.9662485147
1000;107.657019643133;415.226479589082;428.955782372011;75.4648066255099;29505.8793235048
794.33;112.682445333639;520.829144183103;532.879283625168;77.792097176548;29507.1963465015
630.96;120.151796037424;653.509046903799;664.462586212445;79.5821520114405;29508.5083684982
501.19;130.950459771265;819.051904362449;829.454064402641;80.9163969777189;29509.8253924949
398.11;146.862300961592;1027.51920624613;1037.96158630674;81.8658624623429;29512.6964504876
316.23;170.132904231465;1286.41513819181;1297.61670491377;82.4661544158139;29513.9234684845
251.19;204.061654684728;1608.41604882535;1621.30914542281;82.7694463113532;29515.2554944811
199.53;252.721074651636;2007.74561613643;2023.58849588747;82.8257361550792;29516.5725214778
158.49;323.4077837825;2501.11658670288;2521.93909024215;82.6322297702766;29517.9345444744
125.89;422.888128701211;3104.09521088275;3132.76897450509;82.2420387505875;29519.3065704709
100;559.706712854509;3842.49986606828;3883.04993853403;81.7124602528203;29520.6585944675
79.433;744.191835936366;4735.78188531452;4793.89732409315;81.0694389484834;29522.055618464
63.096;980.215318388479;5809.78935931551;5891.89905463588;80.4233667199875;29523.5126484603
50.119;1277.02930312804;7096.40468947533;7210.39273256701;79.7985565607436;29525.2596814559
39.811;1623.03169401434;8647.27197497674;8798.26940306974;79.3696672084885;29526.791709452
31.623;2019.26677002077;10524.5413705055;10716.5017308818;79.139062681655;29528.4037384479
25.119;2448.10428590207;12796.8718799532;13028.9348953239;79.1698899769459;29529.950766444
19.953;2913.56563006632;15591.8089360836;15861.6950727229;79.4154879388997;29531.8328004393
15.849;3414.14467851499;19049.4959799555;19353.027695329;79.8390463747794;29533.7598364344
12.589;3942.75770434676;23339.0614969045;23669.7513690254;80.4113347680741;29535.6918734295
10;4518.44999975821;28663.4282425331;29017.3828767371;81.0417173066654;29537.9589144238
7.9433;5133.70165486712;35313.324052231;35684.5309384762;81.7285272423563;29540.245956418
6.3096;5820.67718167131;43641.0241990409;44027.4831894182;82.4029393262491;29542.658001412
5.0119;6530.5205825511;54110.1572461272;54502.8147555678;83.1182926890448;29545.0750454059
3.9811;7371.58665078205;67147.8494008208;67551.2691879679;83.7350754585677;29547.5070933997
3.1623;8277.29081625422;83507.3938371303;83916.6155700194;84.3393064976351;29550.0491373933
2.5119;9416.06718575638;104072.516304519;104497.612275119;84.8301817356434;29552.546185387
1.9953;10587.4145683138;129864.340481519;130295.204347441;85.3391706489392;29555.2082353803
1.5849;12128.2267460691;162105.686361489;162558.75071719;85.7212853796178;29560.7343373663
1.2589;13935.5377869601;202480.559043061;202959.5427759;86.0628793598705;29563.4563873594
1;16227.8920326868;252653.144571175;253173.766298026;86.3249447359652;29568.4704833468
0.79433;19160.0252085898;316211.830456735;316791.77433575;86.5325521082204;29571.5975363389
0.63096;22934.1811663519;395555.066460056;396219.367608388;86.6817203901389;29575.11960433
0.50119;27864.8706804096;495043.511573747;495827.116411862;86.7783507144431;29578.9066743204
0.39811;34462.5514725218;619896.077596411;620853.295451841;86.8179694489564;29583.1187523098
0.31623;43289.5266281552;776216.685419147;777422.874527613;86.8079268032082;29587.8958382977
0.25119;55796.7610797097;972175.821978922;973775.696650609;86.7151871973691;29593.2929402841
0.19953;72878.6392287043;1217558.08110121;1219737.25732663;86.5745680699186;29599.5700572683
0.15849;97834.2313644683;1524597.92890378;1527733.74042874;86.3283347028795;29606.8521912499
0.12589;132400.476097025;1909590.88427201;1914175.33976527;86.0337748111465;29615.3493462284
0.1;182522.257101422;2390097.34731222;2397056.4665786;85.6330244162496;29625.5665352026
