Frequency (Hz);Z' (Ω);-Z'' (Ω);Z (Ω);-Phase (°);Time (s)
10000;96.5711404416928;46.7435594162343;107.289074528156;25.8284854519342;20000.8203295028
7943.3;97.3980949097527;55.7358336849093;112.217966692509;29.7802478446556;20002.0023494998
6309.6;98.1449263432544;68.6207557041522;119.754894181122;34.9603922742574;20003.2893764965
5011.9;97.7636316818826;86.1085043602294;130.278172395787;41.3730373042212;20004.5713994933
3981.1;98.9479777521787;107.30799895494;145.964752392347;47.3210570191812;20005.8434194901
3162.3;99.8272688847889;134.133678427951;167.204447613121;53.3420065830122;20007.1204454869
2511.9;99.9813945539591;167.009596074104;194.649645357473;59.0928740526373;20008.4074684836
1995.3;102.049745146877;209.27152683737;232.827666803983;64.0041578419805;20009.6794934804
1584.9;102.937935008856;264.090614043652;283.443241037497;68.7050271648987;20010.9215154773
1258.9;107.452337955651;330.657656228044;347.678717430847;71.9976251185504;20012.1585404742
1000;109.142788985681;414.629399215734;428.753643811424;75.25258740507;20016.0716114643
794.33;114.35237057402;520.167035013555;532.588217078346;77.6014467497639;20017.358636461
630.96;121.985592240043;652.496807394838;663.801603172672;79.4106786966693;20018.6156584579
501.19;133.222491831527;818.475861579393;829.247229912727;80.7550987363816;20019.9226814546
398.11;149.348480676805;1025.26112126123;1036.0817223802;81.712090187527;20022.7887384473
316.23;173.39157000996;1283.72985843581;1295.38680940873;82.3076932105109;20023.9757554443
251.19;208.496440854429;1605.14744364623;1618.63185489875;82.5991509780896;20025.277780441
199.53;258.995981280603;2003.1075689218;2019.78188203363;82.6326958385876;20026.5848064377
158.49;331.241509616293;2493.78349858231;2515.68620370155;82.4338686664978;20027.8868284344
125.89;433.192742331689;3096.16719644405;3126.32488080574;82.0353021443982;20029.238855431
100;573.112597243722;3827.6862424397;3870.35399152088;81.4844649272383;20030.5658794277
79.433;761.051749303051;4710.98716652628;4772.06452683663;80.8232498867547;20031.9429044242
63.096;1002.51820621704;5779.59481727556;5865.89797095681;80.1594896370537;20033.3449324207
50.119;1300.75537568168;7054.20993356939;7173.13336933267;79.5523468120981;20035.0569614163
39.811;1656.83153541553;8582.56221404738;8741.02195940161;79.0736708957532;20036.5589904126
31.623;2054.71661080775;10440.371703064;10640.6400958246;78.866198355022;20038.9380374065
25.119;2493.95021342644;12680.0457304944;12922.9774972519;78.8729206393493;20040.4750634027
19.953;2970.17186548966;15435.2044485038;15718.3796008895;79.1078030946959;20042.327097398
15.849;3478.44939077649;18855.7315475683;19173.8942929744;79.5477568506179;20044.2241313932
12.589;4035.9210194096;23065.9997030668;23416.4258753719;80.0752703322591;20046.2411683881
10;4589.92104362764;28306.3285037997;28676.045901619;80.7895540753536;20048.4882093824
7.9433;5207.72588659586;34891.9570601113;35278.4505951519;81.5111025393883;20050.7452523767
6.3096;5894.25187679609;43086.8185353455;43488.1148899893;82.2103225460155;20053.1473013707
5.0119;6628.88753474633;53367.6877426782;53777.8043894349;82.9194632506251;20055.5393413646
3.9811;7486.32569944547;66242.6621183766;66664.3484705849;83.5521522010877;20057.9113873586
3.1623;8353.28244447873;82321.9512343312;82744.6734395927;84.2059771544994;20060.2984293526
2.5119;9460.46856738174;102561.030446882;102996.434073421;84.7298173248344;20062.7754773464
1.9953;10672.0266991033;127921.104116132;128365.497826155;85.2310496764203;20065.4025243397
1.5849;12107.7175895704;159792.718241578;160250.771069163;85.6668986027807;20070.8786293259
1.2589;13886.5948884789;199853.356162701;200335.222781946;86.025253058761;20073.600677319
1;16084.3366081957;249386.290968784;249904.437750298;86.30978121601;20078.5847693064
0.79433;18891.60491385;311856.463601622;312428.146341412;86.5333791928732;20081.6868262986
0.63096;22506.1013577506;390158.820601005;390807.407671723;86.6985824039609;20085.2288902897
0.50119;27099.1007068795;488348.831448373;489100.135387543;86.8238414010769;20089.06596128
0.39811;33569.1637864855;612032.969166719;612952.888976269;86.8605512461433;20093.2230412695
0.31623;42255.672238477;766704.311973462;767867.855711532;86.8454268791471;20097.9851282575
0.25119;53389.6484730823;959419.572672298;960903.934319541;86.8148973812087;20103.3872272438
0.19953;70262.1475568713;1202890.21680326;1204940.51432437;86.6570885614129;20109.6143412281
0.15849;91892.8030656478;1505557.28173702;1508359.04739111;86.5072426495236;20116.9064792097
0.12589;126550.515268009;1886542.91220525;1890782.6930947;86.1623115599282;20125.4086371882
0.1;173969.160634162;2362031.04579878;2368429.00044925;85.7876365344989;20135.5508231626
