Frequency (Hz);Z' (Ω);-Z'' (Ω);Z (Ω);-Phase (°);Time (s)
10000;99.050208966016;45.1079742018805;108.837829971058;24.4847635614559;450.184337863394
7943.3;99.4306179142291;55.5151767364184;113.87880675034;29.1759685417265;451.271356860649
6309.6;99.8849695284585;68.7141787313809;121.23797052256;34.5253707293091;452.448378857678
5011.9;100.818590911996;85.7782625562962;132.371819511017;40.3917317761545;453.620399854719
3981.1;100.149213823854;106.503447807726;146.194560173999;46.7611973300281;454.787421851772
3162.3;101.827501004838;132.960997820491;167.473779745699;52.55348637284;455.949442848838
2511.9;103.232531838149;167.082011175815;196.401003277146;58.2899281696044;457.126464845867
1995.3;104.421218849363;207.921699285476;232.669774529797;63.3335497112535;458.308488842882
1584.9;103.925692837337;261.236524907225;281.149553756224;68.3062383987439;459.445509840012
1258.9;108.099821807964;329.429666651149;346.712383316201;71.8331465163692;460.597527837103
1000;112.818030826448;413.106261899676;428.234388740887;74.7251723582116;464.470601827324
794.33;118.484350782623;517.814550360371;531.19718555852;77.1116718311438;465.657621824328
630.96;126.903458043916;649.318901565057;661.603751193383;78.9414577525695;466.824644821381
501.19;139.11182554142;813.513827401155;825.322268800704;80.2962116952017;468.021667818359
398.11;157.074418507238;1019.50502622684;1031.53423183682;81.2413488351933;470.742717811489
316.23;183.348440970719;1275.74615308692;1288.85410265183;81.8215332336866;471.829734808744
251.19;221.825257556186;1593.56957259751;1608.93456287025;82.075336873268;473.036759805697
199.53;277.526167871014;1986.19099411482;2005.48633477169;82.0456843071825;474.213780802725
158.49;355.619257434337;2469.75592181989;2495.22731822625;81.8063183882628;475.425804799665
125.89;466.8386938927;3059.0045550996;3094.42195478179;81.3229659781517;476.672827796517
100;616.843078100396;3774.67904863638;3824.7480051913;80.718986600189;477.829846793596
79.433;819.116498562853;4637.47880089378;4709.26336776328;79.9831792250007;479.106870790371
63.096;1077.18539123589;5667.40255667468;5768.86298212176;79.2383358009986;480.438896787008
50.119;1397.24459794626;6899.00995162928;7039.07883029945;78.5508474160051;481.945925783204
39.811;1767.74842948776;8364.23114777568;8548.99392930989;78.0663674296428;483.342948779676
31.623;2191.68552944537;10143.5377266176;10377.6125901526;77.8076896349697;485.53199077415
25.119;2646.20623816385;12283.0701919175;12564.8804528523;77.8422860658739;486.959019770547
19.953;3142.92814951803;14886.2767140385;15214.4415526814;78.0782675869972;488.696050766161
15.849;3675.0859659007;18118.2336923763;18487.2023028991;78.5337420552408;490.498082761611
12.589;4238.63869676264;22122.8189801596;22525.2120440763;79.1538131650853;492.420118756759
10;4818.97683616603;27093.1280379606;27518.3597735917;79.9144396141078;494.5821577513
7.9433;5458.64354811941;33311.8876344891;33756.1645800919;80.6939485329921;496.754198745816
6.3096;6154.66228147776;41091.5786096393;41549.9422434161;81.4816093480925;499.031241740067
5.0119;6836.16971323247;50792.0136523461;51249.9938264214;82.3345438528325;501.333282734255
3.9811;7625.52994952417;62966.134584025;63426.199724283;83.0948071349402;503.625326728468
3.1623;8473.77416187061;78235.443705106;78693.0079503967;83.8183237279884;505.942367722618
2.5119;9622.83529790257;97367.3173472827;97841.6754076555;84.3557732684957;508.404414716402
1.9953;10591.1312261129;121466.179747438;121927.047381152;85.0167508762882;510.951461709972
1.5849;11981.6327314006;151559.051957291;152031.923467089;85.4798334102397;513.583510703326
1.2589;13439.426299591;189426.897504298;189903.048099197;85.9417890971219;519.419620688592
1;15238.0101079847;236422.929914547;236913.483663193;86.3122539515831;524.178708676576
0.79433;17603.1938565198;295877.596076044;296400.783220438;86.5952095209178;527.165760669034
0.63096;20508.9167507346;370238.925272768;370806.522938072;86.829413094733;530.497823660622
0.50119;24461.3464149895;463864.524752569;464509.047051142;86.9813709673214;534.164891651363
0.39811;29592.428241718;581066.222678595;581819.273440827;87.0845704043309;538.22196664112
0.31623;36500.5091203688;728253.630827944;729167.770804586;87.1307021609727;542.809049629539
0.25119;45643.7151498956;912834.016593811;913974.447445592;87.1374686565208;548.11614961614
0.19953;59044.8330821465;1144752.24965145;1146273.96611619;87.0473746621707;554.163261600872
0.15849;77101.0214238727;1435035.41409122;1437105.14827571;86.9245917099036;561.330393582777
0.12589;103180.97035055;1798755.83859808;1801712.76277135;86.7169737095971;569.712549561614
0.1;143543.907562847;2253182.38826219;2257750.14741962;86.354773353027;579.809736536121
