Frequency (Hz);Z' (Ω);-Z'' (Ω);Z (Ω);-Phase (°);Time (s)
10000;92.7739964691202;46.4169472813369;103.737878404037;26.5798461192877;49047.7981531662
7943.3;94.3108169054821;56.6388295319409;110.011304856036;30.987131149954;49049.0901751629
6309.6;93.7782037407569;68.8070958698181;116.31323200256;36.2683022796844;49050.4672021595
5011.9;94.5485205397033;85.6229621497198;127.556710460638;42.163929124626;49051.8142261561
3981.1;94.7764332444558;106.634619605574;142.665743600089;48.3694308937789;49053.1462501527
3162.3;95.741868099086;133.889429779718;164.599163770174;54.4321382659737;49054.4932751493
2511.9;97.1940869609556;165.739888811035;192.136413215372;59.6115557583031;49055.8603041459
1995.3;97.8870348483272;210.804657876892;232.423052587283;65.092225298739;49057.2473281424
1584.9;97.9206507867587;265.040987226089;282.551196706512;69.7230100248903;49058.6043531389
1258.9;101.657782951398;332.456174954289;347.651280883345;72.9975208397739;49059.9413781356
1000;105.379598094184;415.511471860167;428.666120590249;75.7690270393079;49063.9244541255
794.33;110.368943984699;521.353962733722;532.908301919244;78.047141811702;49065.311475122
630.96;117.647018042779;654.146424474526;664.641531584631;79.8044543487294;49066.6735011186
501.19;128.297181903621;820.412668430494;830.383714559513;81.1119985571275;49068.0455261151
398.11;143.951843489464;1029.18091446759;1039.19944570249;82.0376781327292;49070.9815841077
316.23;166.673444349826;1288.25686353556;1298.99414298061;82.6280773968305;49072.3586061042
251.19;200.234983012244;1611.28394216228;1623.67792086113;82.9161443112889;49073.7556321007
199.53;249.182087812044;2012.10020393657;2027.47107095711;82.9403326385328;49075.1376570972
158.49;317.208211889545;2505.98041103729;2525.97681505448;82.7858391878247;49076.5346830937
125.89;414.973144505372;3111.61851083656;3139.16748002419;82.4037161326588;49078.0067100899
100;550.406652961149;3854.15333002985;3893.25639728545;81.8726173409809;49079.4437390863
79.433;730.887451982177;4750.14165661877;4806.04226213314;81.252701529039;49080.9157660826
63.096;964.106947587096;5829.66723414603;5908.85117998935;80.6094535594959;49082.4177920788
50.119;1254.19849257705;7126.30889961672;7235.83391127374;80.0184192789984;49084.1948250743
39.811;1595.76551991202;8692.01472934541;8837.28395208039;79.5969244621143;49085.7918550703
31.623;1983.17048075306;10585.6399784675;10769.8068185766;79.3889045408625;49087.473889066
25.119;2406.71356746527;12887.8445553785;13110.6371881545;79.4222554303774;49089.1909180617
19.953;2870.5096735599;15708.7884264824;15968.9028932481;79.6444391742806;49091.1479560568
15.849;3360.79628585527;19208.0074023084;19499.8076924402;80.0755055661267;49093.1349900518
12.589;3868.68457115955;23527.1438939772;23843.0958585297;80.66213506917;49095.1770310466
10;4444.73625436087;28951.7982447769;29290.9935300443;81.2719851600269;49097.5640730406
7.9433;5032.08050140286;35681.2309466695;36034.3180321505;81.9725860962756;49099.9261180346
6.3096;5684.00128333548;44145.4062261643;44509.8276952633;82.6631707805379;49102.3781610284
5.0119;6410.38995907337;54709.7806273371;55084.055730481;83.3170785364388;49104.8552080222
3.9811;7204.35778852625;67953.5263023822;68334.3581814716;83.9481713842238;49107.3922560158
3.1623;8120.61842509361;84514.2197864517;84903.4615885514;84.5115371621482;49109.9793050092
2.5119;9309.39544201195;105394.333214533;105804.680034637;84.9522110439319;49112.6713540024
1.9953;10395.7719598568;131510.221065112;131920.469674862;85.4802157224658;49115.3934039955
1.5849;11927.1891973077;164336.707791393;164768.963612271;85.8488795009099;49120.8945089817
1.2589;13796.9338479639;205308.215866372;205771.278087682;86.1554421039193;49123.6865569746
1;16152.5662709651;256295.482917079;256803.971855649;86.3938050240589;49128.7806529618
0.79433;19105.5681881747;320475.478919741;321044.475617679;86.5882746196186;49132.0227109536
0.63096;23058.6795223922;401188.989373118;401851.101647787;86.710495257343;49135.6347799444
0.50119;28225.8972485936;502083.993077129;502876.761622331;86.7823624418321;49139.4818509347
0.39811;35115.3509244166;628548.543800376;629528.680668417;86.8023597927552;49143.7989289238
0.31623;44442.1843067263;787179.365465577;788432.914813139;86.7686534822916;49148.6310189116
0.25119;57727.7007156214;985542.020832731;987231.260777826;86.6477546435725;49154.1431198977
0.19953;75858.2992361818;1234004.82676108;1236334.25659595;86.482268331816;49160.365236882
0.15849;101948.347953438;1545829.71164368;1549187.8398215;86.2267749692742;49167.6923708635
0.12589;138934.476355461;1934310.23899647;1939293.39951611;85.8917075728328;49176.3345318417
0.1;195049.255121174;2424209.7131198;2432043.77943895;85.3999536736239;49186.5967228158
