Frequency (Hz);Z' (Ω);-Z'' (Ω);Z (Ω);-Phase (°);Time (s)
10000;93.0554585778436;45.9236776884451;103.770431933017;26.2667396722122;48447.7230436813
7943.3;93.4632656095841;55.9670586367098;108.938944693129;30.9137410486731;48448.9850636781
6309.6;94.3233644400012;68.8673658016131;116.788745826533;36.1339255888619;48450.3320886747
5011.9;94.3017781666991;85.7691664058893;127.472252946916;42.2870846131747;48451.6941186712
3981.1;94.9705184147527;107.54523306029;143.476048600312;48.5530781114325;48453.0661396678
3162.3;94.8169275362319;134.166922502543;164.289417922197;54.7508198482104;48454.4481666643
2511.9;96.9222022721606;167.057946760698;193.137958126272;59.8789293377438;48455.8151926608
1995.3;99.0148803830674;211.070271737285;233.140743218607;64.8683223006952;48457.1472176575
1584.9;98.1462240754499;263.09509005632;280.805462397033;69.5422372594054;48458.4392396542
1258.9;101.027895930041;333.436836580233;348.406027135991;73.1437368830618;48459.7712626508
1000;105.479452841652;415.594406834534;428.771064746588;75.7588175407922;48463.7693396407
794.33;110.459755781358;521.414024571376;532.985874734966;78.0389284504626;48465.1663626372
630.96;117.815151228718;654.44679171669;664.966926280784;79.7947772749649;48466.5383896338
501.19;128.456205690088;820.492706626792;830.487374020854;81.1020123071662;48467.9254156302
398.11;143.927397036391;1028.80192326828;1038.82072223179;82.0361179297797;48470.8764726228
316.23;167.001560733302;1288.3196551029;1299.09855477242;82.614081021878;48472.1884956195
251.19;200.100268348401;1611.02553003257;1623.40487119198;82.9197378507571;48473.560520616
199.53;248.11527262312;2011.99808888232;2027.2388853253;82.9699007056564;48474.9325446126
158.49;317.607189724837;2506.00040276649;2526.04678215403;82.776918158007;48476.334573609
125.89;416.827726604823;3112.94497486051;3140.72790451129;82.3733790556352;48477.7965986053
100;550.048279281554;3852.21637720703;3891.28823480896;81.8738090928466;48479.2436266017
79.433;731.177821158562;4750.03637335724;4805.982371417;81.2490892000055;48480.690650598
63.096;963.862753927734;5830.85077872625;5909.97903652642;80.6136613933494;48482.2226815942
50.119;1253.28285489601;7124.27676251233;7233.67384551235;80.0227720585953;48483.9747115897
39.811;1595.51300040393;8689.83773600209;8835.09714788151;79.5959858503311;48485.5617415857
31.623;1983.96581294794;10586.4887565892;10770.7875543219;79.3855774988524;48487.2537725815
25.119;2412.56138976233;12886.4449004063;13110.3361753458;79.3960102533821;48488.8708025774
19.953;2871.18421302173;15705.3379006548;15965.629876671;79.6398319876019;48490.7928405725
15.849;3352.73584091304;19203.7340999649;19494.2104482613;80.0966769770501;48492.7848765675
12.589;3894.29129015449;23543.6364319429;23863.5353854386;80.6078936866013;48494.7969145624
10;4440.12735746476;28926.2062905118;29264.9985701649;81.2733010075889;48497.1339575565
7.9433;5039.56670013717;35668.8776379949;36023.1323524119;81.9580519435074;48499.5160015505
6.3096;5628.42899449708;44105.1575973704;44462.8399861612;82.7275728288863;48501.8830455445
5.0119;6416.85930833352;54721.3478407741;55096.2974517702;83.3117965072002;48504.3800885382
3.9811;7177.76860679166;67913.2910063599;68291.5474820066;83.9667961347561;48506.9071385318
3.1623;8076.83903474469;84555.6390919587;84940.5170165731;84.5436049626805;48509.4391845254
2.5119;9303.29584089215;105414.659940244;105824.391535319;84.9564690257401;48512.0812315188
1.9953;10417.0424053981;131499.182457089;131911.14342374;85.4706277742993;48514.748281512
1.5849;12022.2419042656;164183.400403748;164622.973088637;85.8120215053439;48520.319388498
1.2589;13785.2982687839;205347.788018259;205809.981517786;86.159412720933;48523.2214414906
1;16134.5137331185;256398.339098378;256905.490065532;86.3992660236514;48528.2905344778
0.79433;19111.1115735114;320755.740159256;321324.570225632;86.5902618929904;48531.5125914697
0.63096;22971.7062671321;401256.659392213;401913.679781395;86.7234270602212;48535.0346574608
0.50119;28208.76231897;502398.129316161;503189.44207122;86.7863181225906;48538.8617314512
0.39811;35069.0784575946;629130.515390248;630107.169979095;86.8095126381306;48543.1288074404
0.31623;44605.720546269;787523.455205423;788785.688767322;86.7582022847945;48547.8858954284
0.25119;57392.266585066;986453.401570276;988121.544008296;86.6702614945194;48553.3879964145
0.19953;76177.0475309314;1235608.12924844;1237954.11531905;86.4720966488326;48559.7001133985
0.15849;100881.584348063;1545668.73931352;1548957.37376843;86.2657570754553;48567.06224938
0.12589;139100.046717792;1936131.72680654;1941122.0689446;85.8906848072643;48575.6494093583
0.1;193570.440272732;2422429.60016351;2430151.16465946;85.4313414802533;48585.9166003324
