Frequency (Hz);Z' (Ω);-Z'' (Ω);Z (Ω);-Phase (°);Time (s)
10000;92.8359296318146;45.0134655012071;103.173261589579;25.8674089996363;50856.8646515988
7943.3;95.0866035115676;56.1682638581592;110.437022923501;30.5706177483925;50858.2166725953
6309.6;94.1964075527693;69.2112368011572;116.889514052345;36.3067538229632;50859.6986995916
5011.9;94.8206533374588;85.1915003649906;127.469792632532;41.9380705560834;50861.115725588
3981.1;95.0658957998375;107.459484102469;143.474963905883;48.5018617493003;50862.5377535844
3162.3;96.2463135618183;133.285680717647;164.403240718079;54.1667451448692;50863.9447805809
2511.9;96.6856791215423;167.26929376803;193.202321893008;59.9710536951689;50865.4368075771
1995.3;98.7495373125494;209.565314410809;231.665906260597;64.7696582786088;50866.8538315735
1584.9;100.764098664925;265.196987279886;283.694986987932;69.1952397215013;50868.24085957
1258.9;102.645358268427;331.931824901579;347.440363165459;72.8164946112365;50869.6528835665
1000;105.560645485214;415.574607111846;428.77185536299;75.7476505032935;50873.800962556
794.33;110.525224570046;521.699518549083;533.278738485423;78.0384041850655;50875.2279865524
630.96;117.780404736367;654.465218507444;664.978906414225;79.7980050287439;50876.6750155487
501.19;128.467438373809;820.661771596255;830.656141903394;81.10305059287;50878.1270405451
398.11;143.843027579854;1029.52929371111;1039.52940467918;82.0462777681909;50881.1681005374
316.23;166.755495869847;1288.7189055286;1299.46289399491;82.6271034570442;50882.5451245339
251.19;200.039973403491;1612.53797096779;1624.89836567467;82.9284211923155;50883.9871495303
199.53;247.773195051918;2013.50464567696;2028.69231633309;82.9846969071782;50885.4441785266
158.49;316.83729327343;2508.25825313191;2528.19013027367;82.8006613198448;50886.9012035229
125.89;414.1759052893;3114.6797509228;3142.09669350431;82.4255052645103;50888.4232325191
100;548.338803701488;3856.86373321421;3895.64799490763;81.9083607525677;50889.9602625152
79.433;728.32799456287;4756.51878496414;4811.95725452551;81.2943699456857;50891.4922885113
63.096;961.356598440773;5840.63903140671;5919.22890286877;80.6530474447362;50893.0743195073
50.119;1250.27968720465;7140.76841174358;7249.39809959361;80.0687313577403;50894.9213545027
39.811;1591.2840226817;8708.61925156306;8852.80939078307;79.6448573393394;50896.6033844984
31.623;1979.15550752862;10606.6535640312;10789.7245724975;79.4304081032681;50898.4454174938
25.119;2400.50603117155;12918.2774222576;13139.4185854665;79.4732247612467;50900.1374504895
19.953;2865.12235095904;15738.1792076706;15996.8500292626;79.6823433045695;50902.1244884845
15.849;3353.09438151287;19232.030508303;19522.1474075889;80.1099233919268;50904.1765254793
12.589;3900.87396228943;23581.5650162055;23902.0297523703;80.6071628991416;50906.3385634739
10;4442.48118553862;29011.8503207674;29350.0101894101;81.2941255394326;50908.655605468
7.9433;5065.6948292503;35804.5535035742;36161.1299006737;81.9471344106331;50911.047652462
6.3096;5699.43740808979;44221.0941304231;44586.8674932482;82.6559177312137;50913.5997004555
5.0119;6409.22123285077;54855.3352769685;55228.4883475933;83.3358556987951;50916.171745449
3.9811;7200.93719328622;68121.4304583856;68500.9692205762;83.9658227005243;50918.6987924426
3.1623;8068.31208845549;84730.8630765554;85114.1399395817;84.5605350651118;50921.2858394361
2.5119;9319.38053014482;105561.635433035;105972.2120594;84.9547921889937;50924.0228914292
1.9953;10515.8226994287;131751.687627805;132170.684040829;85.436584523001;50926.8149444221
1.5849;11871.6245742316;164526.473334998;164954.223644268;85.8729002089751;50932.4960494078
1.2589;13812.4364660727;205637.134068794;206100.495654805;86.1572730584401;50935.3481014006
1;16135.85071478;256727.871280079;257234.456421162;86.4035785277616;50940.4621963877
0.79433;19102.8013309663;321311.372774242;321878.727617652;86.5976210078968;50943.7292553794
0.63096;23030.2655793268;402262.770316513;402921.492992581;86.7232907624383;50947.3163243704
0.50119;28190.2300410382;503266.820519713;504055.732737748;86.7939569309205;50951.2883973604
0.39811;34993.2652437415;630281.742574401;631252.408815239;86.8221987241832;50955.5904743495
0.31623;44240.0198239786;789433.840937079;790672.478698162;86.7924887446724;50960.5075683371
0.25119;57306.380087957;988579.55181202;990239.138521418;86.6823678291728;50965.9596683233
0.19953;75616.1803341234;1238287.61355191;1240594.22076859;86.5055656239857;50972.3467883072
0.15849;101933.289846945;1550201.25602902;1553548.94669366;86.2379389537984;50979.7839232884
0.12589;139541.602785502;1940035.16036389;1945047.11571625;85.8859509539636;50988.4210832666
0.1;196907.16334245;2423810.32932031;2431795.41563336;85.3555656364695;50998.8782762402
