Frequency (Hz);Z' (Ω);-Z'' (Ω);Z (Ω);-Phase (°);Time (s)
10000;94.1219839457194;46.8336270048668;105.13009312423;26.4542193742212;40788.2572240196
7943.3;95.083491301023;56.4279003252279;110.56662359458;30.6872808407842;40789.5092430164
6309.6;95.3591035665353;69.6981772593147;118.115174919585;36.1631510057235;40790.836271013
5011.9;95.4762264133656;85.1852898918813;127.954067634054;41.739810704075;40792.1682940097
3981.1;95.5065834937455;107.28521438085;143.637128610233;48.3241407044533;40793.4903170063
3162.3;96.5782957875377;133.535639006353;164.800285503576;54.1240468729573;40794.792343003
2511.9;97.3056511111515;167.000503610606;193.281033586746;59.7720643264783;40796.1193679997
1995.3;98.9184634310175;210.014438845203;232.144194265157;64.7791931491016;40797.4313899964
1584.9;100.602909930301;264.65312294451;283.129336118188;69.1866404492027;40798.7334139931
1258.9;102.880163933874;330.130618028054;345.789752726488;72.6911524268587;40800.0154389899
1000;106.285870749703;415.606201904165;428.981586297394;75.6548079485861;40803.9735129799
794.33;111.238864865438;521.397680720225;533.131903488227;77.9566513211559;40805.3105359765
630.96;118.503844136877;654.035080991004;664.684171800508;79.7300632930956;40806.6475639731
501.19;129.219675232186;820.206478748095;830.323064985829;81.046908724429;40807.9995849697
398.11;144.697258989011;1028.84490981405;1038.97023307177;81.9944004754868;40810.8856419624
316.23;167.415157798565;1288.11578922755;1298.9496223942;82.5948329200141;40812.1526629592
251.19;200.756872314002;1610.50150117849;1622.96592911849;82.8944541495681;40813.5096899558
199.53;248.413808207562;2011.93165563833;2027.20951237601;82.9612967127859;40814.8467149524
158.49;317.484077014928;2505.23834593876;2525.27529372937;82.7775153324823;40816.218738949
125.89;415.441573209083;3112.51861647193;3140.12162800022;82.3974151005146;40817.6207649454
100;549.530573799848;3853.26805147353;3892.25622589873;81.883541747935;40819.1377939416
79.433;729.346652377524;4750.21428275697;4805.87996848055;81.2709889823234;40820.554818938
63.096;960.475408857505;5831.80593998632;5910.36999964298;80.6475691650306;40822.0268459343
50.119;1253.70012772317;7130.27318176522;7239.65190163542;80.0277418189534;40823.8538809297
39.811;1589.75624556107;8695.11519981821;8839.25071815537;79.6388650997544;40825.4159079257
31.623;1976.03535908961;10602.5374699636;10785.1062369527;79.4426916165091;40827.0629389216
25.119;2402.71478757651;12898.4242190912;13120.3043290191;79.4479022591208;40828.6599679175
19.953;2869.44038258779;15731.3249623197;15990.8809381887;79.6627232107463;40830.5420049128
15.849;3352.95864890057;19212.0547475671;19502.4454703699;80.1002363581263;40832.5190409078
12.589;3879.90690198889;23587.1394436598;23904.1173169551;80.6589256572741;40834.5060769028
10;4452.5986144132;28968.5762504919;29308.770776026;81.2617701146927;40836.798121897
7.9433;5059.18563067733;35760.0742857697;36116.1774301963;81.947474008525;40839.1201638911
6.3096;5687.24358740595;44214.6591442471;44578.9280138548;82.6704042440451;40841.4572088852
5.0119;6442.30026792769;54742.0419147163;55119.8184479476;83.2880364924897;40843.909252879
3.9811;7262.21937242338;68021.1502492615;68407.7240627534;83.9059501162051;40846.3312978729
3.1623;8192.55945015142;84612.3352922055;85008.0308791168;84.4695959450392;40848.9033428664
2.5119;9373.78336823458;105441.860216494;105857.704965436;84.9197594359307;40851.5253938598
1.9953;10566.3082345876;131491.783633394;131915.639833947;85.4057448535773;40854.217443853
1.5849;12131.1777221965;164285.041570536;164732.329421885;85.776815272147;40859.6985458392
1.2589;13933.5827093558;205346.503113539;205818.684934281;86.1182020574724;40862.5905968319
1;16317.3093170313;256430.48893031;256949.119936974;86.359036058286;40867.684691819
0.79433;19307.2574376553;320775.647778381;321356.167511071;86.5555633328006;40870.861749811
0.63096;23256.951556279;401242.628979797;401916.077193125;86.6827156203265;40874.433815802
0.50119;28371.8172589904;502329.175127292;503129.76477112;86.7673386273404;40878.3108877922
0.39811;35224.828405423;628910.677285177;629896.363332486;86.7942545546251;40882.5329657815
0.31623;44621.6208869621;787793.654860676;789056.355204951;86.7581590695935;40887.4000557692
0.25119;57478.4680651923;986112.152686481;987785.883664616;86.6641202110629;40892.8571567555
0.19953;75488.2918672491;1234010.88008482;1236317.65108193;86.4994008203491;40899.0592747398
0.15849;100978.569047204;1545667.80930818;1548962.7652524;86.2621750096705;40906.3764097213
0.12589;135591.478532278;1934626.49898907;1939372.2540145;85.9908869653976;40914.9185656998
0.1;189434.677875527;2416492.29676222;2423906.04551681;85.5176121965951;40925.1757586739
