Frequency (Hz);Z' (Ω);-Z'' (Ω);Z (Ω);-Phase (°);Time (s)
10000;90.3435580738511;46.4776037291709;101.597864809499;27.2237357438948;86555.2086274691
7943.3;90.4602418060646;56.341990716326;106.57145614793;31.9161801267558;86556.5906524656
6309.6;90.7546096334524;69.0211048931265;114.018911108589;37.2538784385941;86558.0976824618
5011.9;90.9057732033487;86.0686575050371;125.186554415472;43.4343651795775;86559.609706458
3981.1;93.1393925837977;107.07201441312;141.91322250362;48.980769923617;86561.0867344543
3162.3;91.2750195716381;133.965369020182;162.104439465786;55.7321063553518;86562.5987634504
2511.9;92.9782000248824;167.262977930603;191.368360671456;60.9311782124167;86564.0757914467
1995.3;93.7411331133907;210.358576913979;230.30008883771;65.9810312144531;86565.562817443
1584.9;95.741909718974;263.567231640737;280.417900411864;70.036233853098;86566.9998454393
1258.9;97.158485098058;330.946923361418;344.913956384687;73.6389615466144;86568.4718724356
1000;101.775659714431;416.445499524648;428.701689971758;76.2666046440896;86572.674950425
794.33;106.527274257923;522.490535122102;533.239551658542;78.476270107572;86574.2119774211
630.96;113.593101016104;655.532515881695;665.301639842139;80.1691967903826;86575.6890064174
501.19;123.884586993385;822.163757211279;831.444907715652;81.4310695267285;86577.2060334136
398.11;138.956065872796;1031.84573234648;1041.16012390242;82.3302639657089;86580.3070934057
316.23;161.129792722851;1291.96849336508;1301.97749517837;82.8909774845791;86581.8241194019
251.19;193.226461229347;1615.60108343502;1627.1150316175;83.1798006411607;86583.361149398
199.53;240.102339504104;2019.58212329571;2033.80458406676;83.2200919655689;86584.8581743942
158.49;307.236096503685;2516.1369467891;2534.82527089975;83.0382891598602;86586.3752023904
125.89;401.964683492423;3126.05006529368;3151.78752734028;82.6728007086131;86587.9622333864
100;533.785064940573;3873.21996735698;3909.82856543435;82.1532508119428;86589.5092633825
79.433;709.425427553825;4776.50107826715;4828.89707779605;81.5519554171053;86591.1212923784
63.096;937.860459070834;5868.19317291846;5942.66550929592;80.9197237042892;86592.883325374
50.119;1219.08629781639;7186.74215761359;7289.40561647821;80.3725659269915;86594.8303613691
39.811;1553.71718201906;8763.71427677752;8900.37780134616;79.9465065901126;86596.5573943647
31.623;1933.43521776918;10687.051824055;10860.5362865444;79.7453202932854;86598.3494263602
25.119;2347.23746762191;13020.252080423;13230.1355989713;79.7807160405486;86600.1014583558
19.953;2801.97127335302;15889.5988929927;16134.7573888451;79.9992786266286;86602.1534943506
15.849;3287.39460746153;19448.4033234871;19724.2833871903;80.4058904021052;86604.2705333452
12.589;3801.56217707903;23865.5359120554;24166.4163531916;80.9493429778061;86606.4475753397
10;4348.73809716748;29373.857844676;29694.0237710721;81.5786512542728;86608.9496203334
7.9433;4908.05858037347;36196.1622748934;36527.4034453422;82.2780119671599;86611.4466683271
6.3096;5572.14604167898;44868.6498450087;45213.322709394;82.9207989568358;86613.9287133209
5.0119;6283.7690119426;55614.8941911147;55968.7610090158;83.5536513357334;86616.4907603144
3.9811;7136.35785185909;69141.0550668136;69508.367116067;84.1071130431146;86619.1128113078
3.1623;8000.79683516518;86064.9777836003;86436.0639483844;84.6889178542376;86621.8248593009
2.5119;9144.17794737298;107195.765856555;107585.074280341;85.1242709029783;86624.5169082941
1.9953;10375.1331663074;133828.019928232;134229.588042763;85.5669621108659;86627.3589632869
1.5849;11955.2351281018;167392.379433715;167818.760391826;85.9148475227715;86633.0400682726
1.2589;13847.4100698248;209220.784049867;209678.533102659;86.2133652752842;86635.9971232651
1;16355.7147534177;261033.424651021;261545.32721908;86.4146739101202;86641.186220252
0.79433;19602.8940591253;326863.492861821;327450.784731573;86.5679268310699;86644.5532802435
0.63096;23861.7288569491;408924.714055162;409620.316719201;86.6604420669965;86648.2653482342
0.50119;29510.9940967589;511719.101118142;512569.348695119;86.6993910898409;86652.2374232241
0.39811;37056.8508980482;640725.782928908;641796.493530731;86.6899434910795;86656.5945032131
0.31623;47344.8970163347;802038.104279355;803434.29102168;86.6217085392205;86661.5565972006
0.25119;61907.6100228881;1003284.59786935;1005192.78573844;86.4690445280051;86667.1887001864
0.19953;82328.1607179189;1256171.82245487;1258866.78150501;86.2502584378232;86673.6558201701
0.15849;110999.079631682;1572974.36856851;1576885.90578157;85.9635363813436;86681.1079561512
0.12589;150690.512451412;1966925.21205262;1972689.13424064;85.6190009298579;86689.8101191293
0.1;211176.572055843;2459747.0547249;2468795.47913817;85.0930199854252;86700.207312103
