Frequency (Hz);Z' (Ω);-Z'' (Ω);Z (Ω);-Phase (°);Time (s)
10000;97.7761279006907;45.3759620885809;107.792157055681;24.8950796813738;11559.8310388142
7943.3;97.6322789698067;56.21337274386;112.658799798677;29.931885807628;11560.9730578113
6309.6;98.4145282033794;69.1411279740655;120.274332004048;35.0899597705449;11562.2050828082
5011.9;99.2822353678931;85.5183470020138;131.035681909938;40.7404931644918;11563.4371038051
3981.1;99.6008810713491;107.929273971406;146.864099391866;47.2981038288651;11564.6541278021
3162.3;98.7643032576545;133.832684769451;166.329718061954;53.5738435150491;11565.8861507989
2511.9;100.965578522261;166.541431287312;194.756505363907;58.7737028390605;11567.1331747958
1995.3;103.346156599816;207.517518008155;231.827410726641;63.5261572106831;11568.3551977927
1584.9;102.859169013315;261.306564904185;280.822238279191;68.513710461676;11569.5472167897
1258.9;105.697787283482;331.141851725266;347.601709145197;72.2973396463896;11570.7692417866
1000;110.293312660332;413.929535795071;428.371655716287;75.0799422934722;11574.6573137768
794.33;115.802401272048;519.580482326255;532.328915009091;77.4354611934271;11575.8943337737
630.96;123.62860583241;651.492589339687;663.118862757346;79.2551888940649;11577.1413577705
501.19;135.297085077312;816.946912793019;828.074609894822;80.5964230000091;11578.4033807673
398.11;152.026938589675;1023.6170831331;1034.84497531701;81.5522208559788;11581.1744367603
316.23;176.85822501654;1281.58874500626;1293.73434022705;82.142853901037;11582.3264537574
251.19;212.812588956107;1601.97388621985;1616.04750244185;82.4329064592786;11583.6134787542
199.53;265.375972705524;1997.79604655888;2015.34449921984;82.4334477801315;11584.8555007511
158.49;338.905636755966;2485.21938560262;2508.22096817645;82.2345604716928;11586.1275257478
125.89;444.896627554512;3084.05779817782;3115.98227076323;81.7913167361167;11587.4445497445
100;588.457877279538;3811.7626598128;3856.91810232931;81.2239902041703;11588.6215697415
79.433;781.401457268864;4687.80394884061;4752.48294054672;80.5364790954873;11589.9635967382
63.096;1029.72163819739;5741.20496677532;5832.81759724214;79.8317506645833;11591.3506207347
50.119;1333.75507909354;7002.8966821878;7128.77721298714;79.2167285472728;11593.0176537304
39.811;1694.68140904595;8510.63425242467;8677.72092526085;78.7382723816575;11594.4846797267
31.623;2102.0256592767;10331.5259409538;10543.1940198812;78.4997180257929;11596.7337247211
25.119;2550.44754748875;12549.9946284592;12806.5275491386;78.5126163027254;11598.2257487173
19.953;3032.33501808616;15258.3222630686;15556.7173255018;78.7598758576365;11600.0277827127
15.849;3555.62716718664;18607.1307828937;18943.8063895233;79.1817966447606;11601.889818708
12.589;4093.62294269179;22745.824228684;23111.2584823743;79.7975522473819;11603.7818527033
10;4676.43628989442;27890.6146708256;28279.9477207776;80.481720015229;11605.9788916977
7.9433;5309.7119935367;34399.7957280401;34807.1686235062;81.2254706771894;11608.2159336921
6.3096;5964.80772938427;42441.5718080656;42858.6741370719;81.999955252237;11610.5579766862
5.0119;6705.11086567662;52481.5085976713;52908.101992119;82.7192546547719;11612.8900206803
3.9811;7504.72513985197;65129.9714165939;65560.9188171663;83.426972825141;11615.2220646744
3.1623;8436.34602069396;80944.1371034543;81382.5857638087;84.049870270258;11617.6941076681
2.5119;9535.75771850297;100794.443273123;101244.508344922;84.5955617329347;11620.2411556617
1.9953;10613.9138047824;125557.104326231;126004.926939558;85.1680149206123;11622.8532036551
1.5849;12205.5457216955;156897.273273765;157371.311575861;85.5517351072836;11626.852279645
1.2589;13546.6028861042;195937.946087312;196405.674985903;86.0450231944533;11629.619331638
1;15985.1121308886;244788.46373355;245309.836302723;86.2637907839099;11634.6584236253
0.79433;18620.5409237067;306158.863259611;306724.589977244;86.5195656047507;11637.7654806175
0.63096;22065.6320631274;383263.118180713;383897.785713787;86.7049438631258;11641.1975456088
0.50119;26570.4649566424;479631.971458459;480367.377798639;86.8291917208052;11644.9196145994
0.39811;32426.9552790543;600872.354837495;601746.702721857;86.9109459820937;11649.0666915889
0.31623;40427.9446994193;752275.798970667;753361.331918207;86.9238349417708;11653.7637765771
0.25119;51269.8787138216;942661.781188539;944054.995313768;86.8868407146188;11659.1308765635
0.19953;66392.1060177073;1181250.70833378;1183115.01878749;86.7830796412854;11665.3329925479
0.15849;88301.5305480716;1480411.74490845;1483042.84994063;86.5865456292275;11672.5351235297
0.12589;118468.120741688;1854522.60346564;1858302.66167732;86.3448744817769;11680.9472825084
0.1;163684.306558869;2322256.10124425;2328017.6013037;85.9681729488141;11691.0944674828
