Frequency (Hz);Z' (Ω);-Z'' (Ω);Z (Ω);-Phase (°);Time (s)
10000;90.2434135806207;45.7684424255779;101.186086082754;26.8925999563884;83119.5630141433
7943.3;90.0897552500785;56.0386503650557;106.096627353352;31.8829064853199;83120.9650381397
6309.6;91.0753876315987;69.7535950661964;114.718308289936;37.4480896711739;83122.437065136
5011.9;91.5346841083331;85.2972229616455;125.116803986439;42.9798210847721;83123.9340931322
3981.1;92.8089110129697;106.588029364636;141.331178326828;48.9530808366016;83125.4061201285
3162.3;92.8420515061963;134.187220373286;163.17431366299;55.3212426161308;83126.8931471248
2511.9;93.561649212305;167.671264384909;192.008945374325;60.8382003950215;83128.380175121
1995.3;95.9512828487366;210.611566473483;231.438718914387;65.5067441641545;83129.8572051173
1584.9;95.503870100125;263.61340805573;280.380131448108;70.0851760419869;83131.2742311137
1258.9;98.8841904013873;331.914215611626;346.330953910301;73.410104606005;83132.74125811
1000;102.221268674073;416.25130911401;428.619108426659;76.2025780399815;83136.9843400993
794.33;107.047596717154;522.316957286194;533.173697617977;78.4177560857521;83138.4063630957
630.96;114.114641029492;655.516481131925;665.375088452274;80.1247104145252;83139.858388092
501.19;124.345812452687;822.020455361455;831.372064786383;81.3981665004061;83141.3804180882
398.11;139.429424888061;1031.50347920629;1040.88423570506;82.3019265200633;83144.4764770804
316.23;161.708666605762;1291.58733589723;1301.67105641384;82.863616678906;83145.8834990768
251.19;194.101067889861;1616.1734941015;1627.78745160179;83.1516262453026;83147.4405300729
199.53;241.330595908239;2018.29897844031;2032.67587748136;83.1814428608494;83148.9025550692
158.49;307.996001519443;2515.11638476594;2533.90449028176;83.0184361067534;83150.4095840654
125.89;403.148006082117;3126.19682060334;3152.08421143193;82.6518071813666;83152.0016120614
100;534.553843166431;3871.35093631176;3908.08212341117;82.1383444374776;83153.6136430573
79.433;710.669469043162;4774.88952424357;4827.48599821492;81.5345405297031;83155.1356700535
63.096;939.620245926376;5868.47863488689;5943.22536125618;80.9034053658672;83156.7777030493
50.119;1221.4029955647;7176.31588786376;7279.51475030996;80.3408640752077;83158.6347350446
39.811;1556.09486835828;8757.37514775599;8894.55174350373;79.9242971000096;83160.2867670405
31.623;1934.6944832815;10684.5327738935;10858.2817858096;79.7364153450436;83162.0938010359
25.119;2354.0269018369;13012.7621913964;13223.9715102691;79.7460085499956;83163.8508320315
19.953;2805.09501267806;15887.7796819535;16133.5086466784;79.9872317239494;83165.9228710262
15.849;3285.34563241454;19449.6469718293;19725.1682693257;80.4123608980149;83168.009909021
12.589;3785.70702570165;23857.1336326774;24155.6288026595;80.9833471724818;83170.1469480156
10;4352.3851256951;29366.1122332065;29686.8961660806;81.5694990613618;83172.5939940094
7.9433;4932.07625854149;36210.7968171789;36545.1389702527;82.2437812387337;83175.0660410031
6.3096;5591.04335709942;44824.649687613;45171.9933746363;82.8901344577783;83177.6480869966
5.0119;6261.6253197325;55581.1797379103;55932.7765509867;83.5723137657833;83180.2351359901
3.9811;7076.40886041739;69084.4954172794;69445.9723052381;84.1515211059881;83182.8021829836
3.1623;7995.38174279603;86088.4610174832;86458.9454572039;84.6939314797594;83185.5192349768
2.5119;9204.93566807846;107134.111022276;107528.826763742;85.0892215684296;83188.3362859696
1.9953;10360.8083983345;133820.691196141;134221.174718745;85.5728169040005;83191.1633399625
1.5849;11867.821134005;167291.075758883;167711.505887441;85.942169664905;83195.6024239513
1.2589;13884.9840643727;208993.835537495;209454.568045534;86.1990095265194;83198.5544769438
1;16344.444649389;260986.887349668;261498.176359541;86.416500779563;83203.8085759306
0.79433;19586.4956472757;326598.235777214;327185.021699542;86.5680125234727;83207.1456339221
0.63096;23778.2922575542;408612.74064806;409304.01781879;86.6695579886983;83210.8027009129
0.50119;29424.4274766331;511340.614192111;512186.509637547;86.7066211280348;83214.739775903
0.39811;37178.0597077095;640241.056016719;641319.591103401;86.6766322674665;83219.096856892
0.31623;47405.5892756103;801202.542992887;802603.765747979;86.6138684294417;83224.0589498794
0.25119;61339.5913654793;1003144.02523165;1005017.65199764;86.5008720789337;83229.6960508652
0.19953;81418.6890255429;1256009.80415515;1258645.95143213;86.2910882255226;83236.118171849
0.15849;109225.5569595;1571789.04386882;1575579.58247725;86.0248362094548;83243.5203098303
0.12589;151352.519646408;1965828.81497811;1971646.65064549;85.5973854806985;83252.2274688083
0.1;210667.471426864;2458285.8888897;2467296.15065391;85.1018966087765;83262.5546597823
