Frequency (Hz);Z' (Ω);-Z'' (Ω);Z (Ω);-Phase (°);Time (s)
10000;99.3705305553712;45.9583969351369;109.48368185124;24.8203164549991;9.8851859750423
7943.3;99.8206152038181;56.1504286808735;114.529585089245;29.3583346003403;10.9822049722726
6309.6;100.189848594645;69.1299270856426;121.724905341036;34.6052616117003;12.1592269693009
5011.9;100.67125736865;85.7069270333507;132.213385864235;40.4095610957529;13.3312489663418
3981.1;101.283348541832;106.741945765313;147.146728395881;46.5031000542367;14.4982689633954
3162.3;101.99957612765;133.321998492504;167.865031535026;52.5817756083267;15.6602939604616
2511.9;103.136261653025;167.431941117709;196.648273255082;58.367380718501;17.6843319553514
1995.3;104.427482074467;209.459934940142;234.04820733674;63.5011806620557;18.7613509526321
1584.9;106.297726017516;262.459845961881;283.168460988912;67.9517733996229;19.8983709497614
1258.9;109.032452589586;329.157325417014;346.745757859245;71.6726907909449;21.0453919468655
1000;113.009470854914;412.80544853549;427.994718242521;74.6898404865858;22.2274139438812
794.33;118.759316088768;517.688635583839;531.135856980612;77.0797277868618;23.504437940657
630.96;127.064098931176;648.909624881958;661.232929081451;78.9209943175764;24.6664569377232
501.19;139.44449796704;813.404798879352;825.270946328076;80.2721699534512;25.8534799347262
398.11;157.43766219677;1019.27475941075;1031.36203762298;81.2194568044746;28.5795319278436
316.23;183.802360206005;1275.12799440675;1288.30691597037;81.7976401747647;29.6665499250992
251.19;222.018998895624;1592.71671560168;1608.11659155287;82.0643105400666;30.8685739220643
199.53;277.813409073896;1984.45199672918;2003.80388700684;82.0306691111138;32.0405929191053
158.49;356.000327311249;2468.90325844565;2494.43771872726;81.7948635102518;33.2426179160705
125.89;465.52676862721;3057.44935897713;3092.68681812726;81.3426461079973;34.489640912922
100;618.376016289136;3773.7784587145;3824.1067915239;80.6941434135655;35.7166639098241
79.433;820.831609996126;4634.4042822995;4706.53456204932;79.9561081444612;36.9786849066378
63.096;1078.74142598301;5660.34634337755;5762.22212268145;79.2100347199738;38.2957109033126
50.119;1395.39774259235;6889.09420705467;7028.99380094378;78.5495582608006;39.8027388995077
39.811;1768.60697212421;8353.63789644567;8538.80768765638;78.0460330111319;41.1997628959806
31.623;2190.1348962168;10124.7434959703;10358.9150842557;77.7941188254466;43.3838048904664
25.119;2657.66299635168;12266.6780447776;12551.2773396338;77.7754004106956;44.8058298868762
19.953;3145.06396583652;14874.0223552684;15202.8934211296;78.0608514909793;46.5428638824906
15.849;3676.08368647022;18095.2513162686;18464.877781043;78.5165315076555;48.3948978778146
12.589;4214.06964996419;22094.4432036062;22492.7277912691;79.2016784728004;50.2669318730882
10;4827.80503908106;27059.3079377256;27486.6121514463;79.8839761118606;52.4639728675412
7.9433;5460.27642794675;33230.3534131329;33675.9707600435;80.6687746257666;54.6810128619437
6.3096;6108.75147358091;40989.9571743108;41442.6523489727;81.523571224827;56.9230548562831
5.0119;6837.36409066994;50677.3828726665;51136.5493803719;82.3160854403548;59.1800948505846
3.9811;7592.7431838417;62853.0190203795;63309.9656375832;83.1119564395077;61.4921408447473
3.1623;8494.07863547723;78120.0597113923;78580.4880436433;83.7945458176452;63.8141838388847
2.5119;9572.7547027431;97151.3287619246;97621.8126896159;84.3725561720885;66.2862298326434
1.9953;10588.7286652197;121156.30713862;121618.139823849;85.0051975828069;68.7632758263894
1.5849;11926.0274571155;151179.34877642;151649.021188302;85.4894707710769;71.3353238198956
1.2589;13368.742875573;189027.688167697;189499.842163779;85.9545647600322;75.6444028090162
1;15259.7918522474;236051.657814692;236544.385696297;86.3012047355827;80.5334927966725
0.79433;17640.7851755106;295411.351979429;295937.601835121;86.5825833745076;83.5005457891814
0.63096;20575.0846252466;369820.197491861;370392.106530708;86.8156107697893;86.8376077807561
0.50119;24487.8043037253;463194.036355603;463840.886377013;86.9737458492544;90.4946777715229
0.39811;29609.6850211161;580222.617767759;580977.64123615;87.0786392458999;94.5667517612419
0.31623;36433.5373114317;727339.369424463;728251.303435703;87.1323639492305;99.2438407494334
0.25119;45855.8927902698;911765.783053426;912918.181465688;87.1208206207291;104.575936735971
0.19953;58814.6356764321;1142849.67194152;1144362.06422032;87.0539780945003;110.718050720464
0.15849;77352.7544237316;1433240.34598559;1435326.2130881;86.9107130649057;117.885184702369
0.12589;102355.883692558;1796881.72952482;1799794.62073499;86.7397802098134;126.27734068118
0.1;142433.742034968;2258738.89979115;2263225.30657021;86.3917648976151;136.344526655763
