Frequency (Hz);Z' (Ω);-Z'' (Ω);Z (Ω);-Phase (°);Time (s)
10000;92.1334986849846;46.4661114160442;103.187601435755;26.763390028698;65853.9293297348
7943.3;91.8494127883594;56.757815104371;107.971126719084;31.7137530987605;65855.2863547314
6309.6;93.275535646697;69.174147832767;116.126604525267;36.5610320701617;65856.7183807278
5011.9;92.7647768885767;86.2179356157733;126.644527134152;42.9051651905291;65858.1454077242
3981.1;94.0250929640815;106.844447908617;142.325170492789;48.6516247570902;65859.5574317206
3162.3;94.1636707700637;133.360963665447;163.254229723673;54.774803141853;65860.989460717
2511.9;94.9123080056544;168.310265452727;193.227046936312;60.5807936267642;65862.4014847134
1995.3;96.3007418734078;211.439467766665;232.336999668196;65.5129648486314;65863.8385127098
1584.9;98.9255550253698;263.525183128719;281.481416047494;69.424207430948;65865.2305367063
1258.9;101.788372333105;331.833675609292;347.094311406274;72.9468586244087;65866.5975637028
1000;103.932281977204;416.128875180536;428.911599278927;75.9767079074974;65870.7556426923
794.33;108.772577394957;522.034313905953;533.246001849429;78.2300881470276;65872.2126686886
630.96;115.881525979811;654.831953086953;665.006326922597;79.9646191235125;65873.6346926851
501.19;126.345698186999;821.18606921191;830.848840474648;81.2531984198516;65875.1667226812
398.11;141.64501257922;1030.62714936052;1040.31515926068;82.1745366131521;65878.1877786736
316.23;163.916931921036;1290.28110896953;1300.65141399763;82.7599441227705;65879.5498046701
251.19;196.593509429969;1613.69864587554;1625.62982491419;83.0540050547553;65881.0118286664
199.53;244.513490467325;2016.54510050911;2031.31508865754;83.0864268955483;65882.5288586626
158.49;311.956059632344;2511.02069099663;2530.32438508475;82.918158041502;65884.0108866589
125.89;408.72706295001;3118.83425343737;3145.50233069409;82.5338658354517;65885.5629136549
100;541.636335287474;3863.90538529858;3901.68357843675;82.0203609855742;65887.0599426512
79.433;719.354929495877;4767.56504834203;4821.52963329715;81.4196395647405;65888.6069696473
63.096;949.136775718892;5857.87827629482;5934.27320898767;80.7964971851935;65890.2039996432
50.119;1235.3070406764;7162.56973962553;7268.31402456883;80.2146314959548;65892.0760366385
39.811;1569.88800592694;8734.28024226737;8874.24361292924;79.8105295579169;65893.7480666343
31.623;1953.75410967555;10643.4039467193;10821.2385009348;79.5983129846739;65895.4950966299
25.119;2373.39826908666;12960.233641178;13175.7609031747;79.6224537473702;65897.1771286256
19.953;2832.66363576713;15822.315103498;16073.880630009;79.8498871717507;65899.1591686206
15.849;3313.40209657602;19358.7730417714;19640.2832753606;80.2875016422626;65901.2462036153
12.589;3841.67087937618;23723.5827354663;24032.6197688051;80.8016734850831;65903.4182466099
10;4386.73493566066;29188.9938906982;29516.7885744192;81.4531364957482;65905.8452886037
7.9433;4999.14486699484;36029.4739406785;36374.6400922845;82.1005582213721;65908.2673335976
6.3096;5647.02631135441;44522.8906491144;44879.5799658834;82.7715306116865;65910.8093825912
5.0119;6338.55164747952;55259.7700080306;55622.1126740814;83.4565065430028;65913.3814305847
3.9811;7116.87348601667;68613.2254611048;68981.3351305435;84.0781996154558;65915.9634765782
3.1623;8089.11638278749;85375.0121116269;85757.3699276903;84.58749408522;65918.6305275715
2.5119;9273.83809846807;106462.271319742;106865.426063039;85.0215799862473;65921.3875765645
1.9953;10447.1840252804;132888.513501886;133298.539657413;85.5048715952103;65924.2096315574
1.5849;11927.8270911777;165907.521264841;166335.740811651;85.8878277187955;65929.7707335433
1.2589;13916.7472911666;207453.791862144;207920.06063184;86.1621429789372;65932.6427875361
1;16277.8031223399;259054.621954866;259565.529357556;86.4045232820058;65937.806884523
0.79433;19414.5888092725;324064.145835044;324645.186125453;86.5715243777625;65941.0539405148
0.63096;23492.2839916547;405633.364518602;406313.073648666;86.6854135890351;65944.6210085058
0.50119;28993.0794264828;507687.103348126;508514.300251862;86.7314932617242;65948.5380804959
0.39811;36274.2470288677;635300.093558981;636334.841002409;86.7320844250892;65952.880159485
0.31623;46162.5762337169;795535.875358069;796874.088188505;86.6790207045854;65957.8122534725
0.25119;59976.0626723398;995382.16938994;997187.440370716;86.5518514154974;65963.3693554585
0.19953;79045.1572940421;1246821.9099815;1249325.02260283;86.3724563719399;65969.7014734425
0.15849;106629.366123452;1560202.33729489;1563841.79347539;86.0902973199112;65977.1086084238
0.12589;146256.948291143;1953369.70051001;1958837.48223124;85.7180155527646;65985.735768402
0.1;202325.097997017;2445233.27982647;2453589.45996481;85.2699698206741;65996.037961376
