Frequency (Hz);Z' (Ω);-Z'' (Ω);Z (Ω);-Phase (°);Time (s)
10000;98.2715328370364;45.6223342882077;108.345242406142;24.9029775415998;6816.06720679108
7943.3;98.8563734852828;55.7839735431456;113.509621983883;29.4357391283984;6817.20422778821
6309.6;99.2185732233458;68.8211294057559;120.750458074329;34.746396057052;6818.42124878514
5011.9;99.7130309842326;85.590388840181;131.40929651237;40.6417073077351;6819.63327178208
3981.1;98.8520739580345;105.997969992122;144.938960146179;46.9978698746261;6820.855291779
3162.3;100.200813677498;134.871188915071;168.019167540484;53.3899721653863;6822.05731577596
2511.9;100.916149358636;167.116418407156;195.222863677926;58.8735927046322;6823.27433877289
1995.3;102.530809701988;209.134984757959;232.916312841881;63.8830700501897;6824.48135876984
1584.9;107.047467750335;263.116551817596;284.058937884625;67.8613307671685;6825.65338176688
1258.9;107.587365287797;330.794933407922;347.851015720699;71.9834613166996;6826.8354027639
1000;111.183074896265;413.734726187568;428.413468272055;74.9582496535446;6830.68347575418
794.33;116.658228731242;519.112514279775;532.05915536957;77.3345442164825;6831.91049675108
630.96;124.723293679142;651.121535375091;662.959390773967;79.1562613658537;6833.11251874805
501.19;136.344901400455;816.016789363177;827.329035306079;80.5143081602163;6834.34454274494
398.11;153.544070196764;1022.69585465349;1034.15791473934;81.461580615834;6837.10559473797
316.23;178.562027954597;1279.67719122498;1292.07511839239;82.0564219120187;6838.24761673508
251.19;215.308216981603;1599.30066706701;1613.72867979124;82.3325714158835;6839.48963673195
199.53;267.416593090946;1994.01375399017;2011.86542426733;82.3616553482818;6840.71165872886
158.49;343.6409083558;2480.88085710402;2504.56760760032;82.1138167633494;6841.96868272569
125.89;450.176620782502;3078.13642403336;3110.88135981751;81.6794954769555;6843.26070672243
100;596.523475196171;3804.35820662688;3850.84167693109;81.0885801778463;6844.43773071946
79.433;790.642059570535;4675.03457839584;4741.41995351168;80.4009633444174;6845.76975271609
63.096;1042.95532573981;5724.73181766587;5818.96126432244;79.6748581180353;6847.13678071264
50.119;1351.29095078747;6972.31684400286;7102.05529455003;79.0315990993108;6848.68880670872
39.811;1714.48229402146;8470.69976317233;8642.46515840943;78.5578254527231;6850.1258367051
31.623;2125.38537852228;10283.8327570982;10501.1656106931;78.3229418854071;6852.3398786995
25.119;2581.08675019398;12479.0821504414;12743.2138854173;78.3141193345161;6853.82690469575
19.953;3065.35379723417;15161.1442419005;15467.924509317;78.569749844499;6855.61393569124
15.849;3584.67453703818;18467.9163294682;18812.5975104112;79.0153212070893;6857.47096968655
12.589;4141.92271093697;22577.6152397;22954.3946479821;79.6045298483491;6859.3130066819
10;4733.49547067472;27683.1469448932;28084.9177343186;80.2969262907978;6861.52504767631
7.9433;5385.02145475095;34068.6095850954;34491.5731031477;81.0179102367832;6863.72708767076
6.3096;6030.32205883379;41995.3777408969;42426.1303412634;81.8284769791959;6865.94912866514
5.0119;6755.18387274661;52023.0781772196;52459.8243629134;82.6015534639871;6868.31617065917
3.9811;7585.9124897573;64487.0172400177;64931.6676269492;83.2908602650614;6870.62821465333
3.1623;8501.42577143777;80145.3001370019;80594.9339238974;83.9449833367337;6872.98525764738
2.5119;9563.29681360786;99741.510998725;100198.930444661;84.5231763834323;6875.49730664104
1.9953;10807.5265346109;124367.20693176;124835.911459017;85.033466009786;6878.07935363452
1.5849;12138.6364283529;155237.711780779;155711.571995378;85.5289193136601;6883.49045262086
1.2589;13916.6636083718;194241.393456605;194739.293564376;85.9019757819671;6886.14250261416
1;15938.4247578399;242280.464337782;242804.153143007;86.236219315011;6891.08159560169
0.79433;18491.591946697;303011.429420631;303575.139516162;86.5077955495612;6894.10365059406
0.63096;21807.2622089226;379277.771772706;379904.178505472;86.7092984508569;6897.54571358537
0.50119;26235.7467896695;474893.989036279;475618.14014228;86.8378814896588;6901.25278257601
0.39811;31858.4055619174;594502.128431488;595355.136632344;86.9325460729751;6905.3748565656
0.31623;39410.1222939891;744959.957846686;746001.673278394;86.9717423110817;6910.06194555377
0.25119;50082.1693970785;933450.809999789;934793.366675641;86.9288705314449;6915.39404254031
0.19953;64501.4228561755;1169567.62304813;1171344.89303233;86.8433468328173;6921.47115552497
0.15849;84519.5956769598;1465126.16636213;1467562.00734838;86.6984038071065;6928.60329050696
0.12589;113881.288227615;1835932.66150639;1839461.24867971;86.4505408426128;6937.09544448552
0.1;157420.092095993;2298810.06095492;2304193.73789251;86.0825611536378;6947.23763345991
