Frequency (Hz);Z' (Ω);-Z'' (Ω);Z (Ω);-Phase (°);Time (s)
10000;97.3233741273853;46.9639784468165;108.062271043561;25.7599119586177;14478.6740824449
7943.3;97.7349074240805;57.0855608537644;113.185128825223;30.2885892705536;14479.8411034419
6309.6;97.6235525729913;69.5634236167281;119.872548660033;35.4724578624619;14481.0931264388
5011.9;98.1966761319528;86.1528928016872;130.632722322788;41.2621084313117;14482.3501494356
3981.1;98.7684250822019;107.289714849164;145.829642753569;47.368049664359;14483.5971744324
3162.3;99.4912886884828;134.033071027651;166.923277747588;53.4139034707918;14484.8441964293
2511.9;100.021131484121;167.237663402195;194.865755851535;59.1172935755322;14486.0712194262
1995.3;101.403970867288;210.681211483448;233.81475184382;64.2978027284469;14487.3132404231
1584.9;102.997948804331;263.934090063572;283.31922164863;68.6822234598535;14488.53026542
1258.9;103.742350256678;329.759904489963;345.693606892011;72.5364428761448;14489.7472864169
1000;109.805657370512;414.373404866939;428.675402900132;75.1581986397798;14493.7703634067
794.33;115.114894414447;519.765923110975;532.36083039932;77.5120243846452;14495.0573844035
630.96;122.886272361985;651.889511510576;663.370915214498;79.3245720600141;14496.2994094004
501.19;134.146602828526;817.010079821499;827.949745806088;80.6756830347102;14497.5614343972
398.11;150.779555900919;1024.79454197187;1035.82736386573;81.630038133581;14500.3574873901
316.23;175.218483436339;1282.64963496819;1294.5623210266;82.2211643553169;14501.5245043872
251.19;210.665177674307;1602.98777104723;1616.77135402985;82.5130761313715;14502.8165313839
199.53;262.373372622098;2000.72265675758;2017.85305112245;82.5289049031851;14504.0685523807
158.49;335.091833823209;2490.39117324563;2512.83400424197;82.3366561236159;14505.4005793774
125.89;438.637850037996;3089.35957633936;3120.3438521108;81.9189628409772;14506.722600374
100;581.764426925708;3818.48208426375;3862.54518113115;81.3373238181659;14508.0496283707
79.433;771.6120631041;4699.45072499153;4762.37569838323;80.6756905421392;14509.3916513673
63.096;1015.84446249649;5759.01152100189;5847.91874695753;79.9963783358102;14510.7886783638
50.119;1318.08734338444;7022.29469646408;7144.92666503847;79.369254428755;14512.4607063596
39.811;1676.29429666464;8546.60354886354;8709.44285189801;78.903115789444;14513.9377343558
31.623;2081.52715264761;10387.4402910432;10593.9450200196;78.6686468946923;14516.2117803501
25.119;2522.01173331604;12610.1154451446;12859.8427176563;78.6901171377484;14517.7138043463
19.953;3005.55501980878;15335.6997272517;15627.4453159025;78.9114756117394;14519.5408413417
15.849;3519.44768566427;18697.3734353818;19025.7269347126;79.339823067783;14521.412874337
12.589;4053.95976931335;22866.5490791982;23223.1276231818;79.9466188811321;14523.4099113319
10;4643.55411418386;28091.3878690668;28472.5950208566;80.6137878359789;14525.6469503263
7.9433;5269.20863228582;34603.5178081914;35002.3999793211;81.3418655585612;14527.8789943206
6.3096;5932.00525074898;42747.801011335;43157.4232038894;82.0996611530837;14530.2310363147
5.0119;6680.61770726007;52872.4384947066;53292.8269594238;82.7986395976308;14532.5430813089
3.9811;7518.64303042372;65545.9765282834;65975.791257591;83.4563203230106;14534.9201223029
3.1623;8376.12715386175;81578.3205864828;82007.2063651032;84.1376478773845;14537.3221682968
2.5119;9656.16294358381;101486.252331205;101944.597184088;84.5648122194833;14539.7642122906
1.9953;10640.9486606953;126506.841961293;126953.577544783;85.1919622744998;14542.406262284
1.5849;12076.3190222642;158022.049996588;158482.82483049;85.6298516189866;14546.5053402736
1.2589;13654.6006275992;197564.469617665;198035.773974321;86.0463092079062;14549.1973892668
1;15950.8306977444;246619.122733525;247134.418278397;86.2993782434326;14554.2014842542
0.79433;18659.9827384789;308354.59189113;308918.677480248;86.5369867240694;14557.3135372463
0.63096;22137.0554813724;385841.422887438;386475.940830976;86.7163429724781;14560.7156022377
0.50119;26585.3237069006;482995.737525829;483726.846375845;86.849472533846;14564.4626722283
0.39811;32643.2296357845;604826.395571232;605706.652779002;86.9106731212339;14568.6047482178
0.31623;40593.0546917226;757534.7057184;758621.530446551;86.9326970946132;14573.3418372058
0.25119;51533.0261761594;948850.590125633;950248.964834287;86.8912630092838;14578.6639351924
0.19953;67765.4245498473;1190273.57114879;1192201.04300395;86.7415171989836;14584.8610491768
0.15849;88566.9264797344;1489968.10522266;1492598.08891975;86.5982177717578;14592.0981811585
0.12589;123830.468139337;1867114.17442852;1871216.00174632;86.2055946775178;14600.5603391371
0.1;169494.638165201;2340998.20597542;2347126.12203667;85.8588557895132;14610.7225291115
