Frequency (Hz);Z' (Ω);-Z'' (Ω);Z (Ω);-Phase (°);Time (s)
10000;93.9669183086891;44.7899637396894;104.095737608389;25.4851173996832;43120.6684111308
7943.3;93.7321995838154;56.4228148336795;109.404109943712;31.0461597407335;43121.9354321276
6309.6;94.5478663488723;68.5590857219118;116.788900440704;35.9468315164165;43123.2824571242
5011.9;94.8806366158512;85.6947420835218;127.851179210012;42.0878660056291;43124.7094811206
3981.1;96.2508592077993;106.936239358124;143.873511065441;48.0103472830422;43126.0365081172
3162.3;95.6505655565495;133.88096225356;164.539183008872;54.4562847546798;43127.3485321139
2511.9;97.0347346693011;167.772694171475;193.81283920808;59.9561890144671;43128.6705561106
1995.3;97.5553763987258;210.361538881184;231.881496684744;65.1204396954664;43130.0225801072
1584.9;101.111922030659;263.15840026598;281.91481764406;68.9819982046275;43131.3246031039
1258.9;103.136914763584;330.920528603461;346.620281342775;72.6894816203279;43132.6516281005
1000;106.051567402333;415.671709314086;428.987068421165;75.6872936653027;43136.6947050903
794.33;110.980613356169;521.233201839572;532.917204864736;77.980115987267;43138.0467300869
630.96;118.251828223937;653.723020242796;664.332207614283;79.7466519805448;43139.3887550835
501.19;128.992196632264;819.791778741399;829.878031570907;81.0579669858217;43140.78577908
398.11;144.534728881908;1028.47130735293;1038.57764172988;82.00040902635;43143.7018360726
316.23;167.501249417672;1287.77663767777;1298.62440185958;82.5891376371504;43144.9488570695
251.19;200.809823261672;1610.77233029493;1623.24122827204;82.893781972261;43146.340884066
199.53;249.722188525954;2010.6444964795;2026.09290573396;82.9201155439296;43147.7979110623
158.49;318.499266056817;2505.82730358099;2525.98738275762;82.7563505214303;43149.1799360588
125.89;416.985766664444;3112.745802653;3140.55147411001;82.3700390509281;43150.5719620553
100;551.298901278806;3850.65580421325;3889.92038492723;81.8523240967446;43151.9739870517
79.433;732.428340303544;4746.51771081595;4802.695248792;81.2279578705984;43153.4160150481
63.096;965.124604997822;5825.96854361171;5905.36831826139;80.5938569812382;43154.9280420443
50.119;1254.40979642282;7122.21402879016;7231.83770623048;80.0111472113256;43156.60507304
39.811;1597.34940965534;8683.39499691137;8829.09246802363;79.5767142004976;43158.1721020361
31.623;1988.24467183022;10579.0658817924;10764.2812953939;79.3559140919435;43159.8341330319
25.119;2415.65413841584;12867.9157916033;13092.6942122788;79.3677855022369;43161.4211610279
19.953;2876.9184372551;15692.5466681912;15954.0803755019;79.6113133370131;43163.3331970231
15.849;3381.03990548585;19190.2211882964;19485.7902097458;80.007858557477;43165.2852350181
12.589;3890.90815219525;23505.3626706708;23825.2227802509;80.6009001538516;43167.3922740128
10;4455.22107975539;28906.795801753;29248.1082874387;81.2383062531959;43169.709316007
7.9433;5039.62096620199;35632.3743032928;35986.9959564972;81.9498358190191;43172.0463580011
6.3096;5712.42115813665;44081.723798101;44450.3107806907;82.616355394507;43174.4784019949
5.0119;6441.96236388299;54626.6392048054;55005.1687563057;83.2743363144449;43176.9454479887
3.9811;7297.31529040089;67850.9897435146;68242.2715010428;83.8614835791546;43179.4824969823
3.1623;8160.71825463457;84415.9540936219;84809.4960954728;84.4782210681677;43182.0395449758
2.5119;9263.7694936618;105147.95634487;105555.246902911;84.9651141010181;43184.6965919691
1.9953;10466.672959579;131244.597944452;131661.291701258;85.4403481976753;43187.3986439623
1.5849;11986.8699563455;164050.848089594;164488.193528488;85.8209377667078;43192.9797469482
1.2589;13933.0464676495;204854.586248384;205327.862918958;86.1090585954943;43195.7617969412
1;16174.114387821;255669.14154358;256180.233261393;86.3801841851751;43200.7908939285
0.79433;19205.694977116;319987.954103178;320563.799407687;86.5652246274065;43203.9529509205
0.63096;23055.8486518347;400360.72285983;401024.03988527;86.7041087065989;43207.5050169115
0.50119;28301.7061529835;501320.570025513;502118.811141223;86.7688361399311;43211.3320869019
0.39811;35219.4560749273;627471.236131738;628458.87873345;86.7874048709535;43215.5591658912
0.31623;44512.5404906678;785954.568711983;787214.04353592;86.7585160255988;43220.4112528789
0.25119;57219.6889580584;984317.461213798;985979.187029236;86.6730639437951;43225.8833548651
0.19953;75816.143741567;1232272.7237544;1234602.83223429;86.4792888592366;43232.0854698495
0.15849;101078.220214195;1544554.97139052;1547858.80048822;86.2558087381558;43239.3226048312
0.12589;138073.113281422;1930862.91039989;1935793.31628384;85.9098268384263;43247.8697628096
0.1;193209.976284914;2419278.98904636;2426981.85443921;85.4338996469904;43258.1119567838
