Frequency (Hz);Z' (Ω);-Z'' (Ω);Z (Ω);-Phase (°);Time (s)
10000;92.6452919694367;46.2437025558001;103.54530481954;26.5259802933252;47849.7799721909
7943.3;94.4658348543748;56.2250886882473;109.932045158522;30.7606706254667;47851.0769951876
6309.6;94.0158433990554;68.6619634813511;116.41925974318;36.1415273732877;47852.4490201842
5011.9;94.8035637794158;85.3629466950789;127.5717381466;42.0004787715305;47853.8260441807
3981.1;94.9875276056402;107.814163287655;143.688984289157;48.6189762455496;47855.1680691773
3162.3;95.1723863961494;133.562684792043;164.002359437895;54.5275746471697;47856.495094174
2511.9;96.4285169287953;168.238857971182;193.914342451853;60.1802023398385;47857.8821201705
1995.3;99.426412477636;210.252117102459;232.575932211911;64.6909369294391;47859.254146167
1584.9;99.2803533506109;263.838813549317;281.899819255943;69.3790982270247;47860.5661691637
1258.9;102.361332941773;330.037610438834;345.546909674782;72.7686966650084;47861.8881931603
1000;105.589657236619;415.592095800621;428.795948916614;75.7444685799176;47865.9412721501
794.33;110.641650607599;521.58489986526;533.190756312061;78.023612176223;47867.3382951466
630.96;117.853503561109;653.964878798539;664.499443945302;79.784160669743;47868.6803211432
501.19;128.535849152468;820.038976791903;830.051436945481;81.0917365695538;47870.0673441397
398.11;144.204820711249;1029.03513235021;1039.09014716115;82.022749858579;47872.9934001323
316.23;167.03140465501;1288.77442757914;1299.55339071658;82.6153536702798;47874.2804231291
251.19;200.719067714569;1611.1599904228;1623.61468916841;82.8986524054953;47875.6724501255
199.53;248.664582852783;2011.51381074576;2026.82556861371;82.9528136258476;47876.9344751224
158.49;318.36989391988;2505.98684373667;2526.129341569;82.7597176866357;47878.3214971189
125.89;417.036982249586;3112.55853407952;3140.37266461086;82.3686592501653;47879.7885241152
100;551.937264887765;3853.81287066545;3893.13606061725;81.8496090101094;47881.2055531116
79.433;732.187185468017;4747.77733847622;4803.90338478117;81.2330915968154;47882.6675801079
63.096;967.403168334778;5828.6290912398;5908.36576164265;80.5762745366567;47884.1546081041
50.119;1256.86305318517;7126.21857108884;7236.20728402618;79.997516852367;47885.8916400997
39.811;1597.472945469;8683.28325582589;8829.00492198365;79.5757945528113;47887.4836700957
31.623;1979.70022072589;10578.4384327898;10762.0896038021;79.4000037768185;47889.1606990915
25.119;2414.15352851411;12872.5869259788;13097.0084914883;79.3780078726931;47890.8427320872
19.953;2876.20817494244;15696.9983782199;15958.3311016987;79.6167037726532;47892.7747650824
15.849;3386.0357914948;19179.3562906095;19475.9581562353;79.9878382098414;47894.7768040773
12.589;3886.4259992387;23505.591762392;23824.7172312241;80.6116244925476;47896.7988420722
10;4458.76312758932;28911.1498259336;29252.9511824967;81.2327486599964;47899.1408850663
7.9433;5044.83316433666;35658.045533395;36013.144168729;81.9473446235688;47901.4929280604
6.3096;5697.02414978113;44068.6447675639;44435.3635724174;82.6338766780057;47903.8349690544
5.0119;6420.77821260708;54641.4469601862;55017.3983277866;83.2980519607885;47906.2370180484
3.9811;7207.20419338176;67873.1788007059;68254.7594882415;83.9386845180727;47908.759061042
3.1623;8133.74792184122;84538.8404080934;84929.2257871291;84.5043088709478;47911.3461120355
2.5119;9417.90187699595;105264.124728066;105684.591263488;84.8874024877499;47914.0231590287
1.9953;10339.9705969277;131319.861711576;131726.311236187;85.4978868224699;47916.7152100219
1.5849;11900.4835834707;164094.120951546;164525.080277693;85.852039981886;47922.1363100082
1.2589;13815.9720808316;205039.933508664;205504.879304058;86.1451308698384;47925.0233650009
1;16115.4873996388;255925.779024322;256432.66816717;86.3968776123434;47930.1274609881
0.79433;19136.2914190076;320240.359393969;320811.604269626;86.5802983466919;47933.2945159801
0.63096;23032.7256461254;400644.934139221;401306.453601372;86.7097375027379;47936.7965819712
0.50119;28099.3690645741;501709.901848076;502496.169293094;86.7943725730631;47940.6336529615
0.39811;35115.1620803479;628309.987096187;629290.484985066;86.8011654008538;47944.8807309508
0.31623;44424.5436186308;786564.834184789;787818.366409332;86.7674151498793;47949.6928209387
0.25119;57408.8412224653;984687.030538561;986359.124843155;86.6633407929846;47955.1749239248
0.19953;75494.1736620775;1234186.12408207;1236492.92724772;86.4996246017982;47961.4920389089
0.15849;101409.19699547;1544372.42272814;1547698.29272971;86.2431408255173;47968.8141728904
0.12589;138410.206766349;1934522.18522269;1939467.31616078;85.9076043296589;47977.4113318687
0.1;193513.925976922;2421481.92977919;2429202.00390873;85.4308897871935;47987.6935238427
