Frequency (Hz);Z' (Ω);-Z'' (Ω);Z (Ω);-Phase (°);Time (s)
10000;97.6110101681804;44.9410673012253;107.459801024503;24.7218071793898;2234.82038335762
7943.3;99.3882310273959;56.8691623497972;114.508174787316;29.7778496794292;2235.91239835486
6309.6;99.3072721515682;68.415502665297;120.592766396376;34.5640217369461;2237.10942335184
5011.9;99.1718304436796;85.2991432597267;130.809005020271;40.6993066357172;2238.30144534883
3981.1;101.226313952336;105.790621067956;146.418653669267;46.2630520832401;2239.49346534582
3162.3;101.699087053229;133.255650788612;167.629868384357;52.6495681389544;2240.68548834281
2511.9;101.474902445032;166.614045761919;195.083049164667;58.6568422309666;2241.90750933973
1995.3;104.273750339861;207.568249704758;232.287738151277;63.3269284642536;2243.11453233668
1584.9;104.382290278041;262.992694601233;282.950207522996;68.3517798481226;2244.30155733368
1258.9;105.520468619554;331.317774137284;347.715453721825;72.3339888907587;2245.48857733069
1000;112.330638289829;413.15869222394;428.156837220658;74.7899393587218;2249.34665132095
794.33;118.06256439951;518.357171178126;531.632322215625;77.169028001272;2250.55867231789
630.96;126.304912657395;649.582605961734;661.748058500687;78.9966985057757;2251.73569331491
501.19;138.54676938397;814.551013349938;826.249696312287;80.3469575041689;2252.93771331188
398.11;156.363195395176;1021.27706088601;1033.17776010044;81.2952941894134;2255.663767305
316.23;182.244272980877;1277.2006363576;1290.13737274237;81.879260308034;2256.77578730219
251.19;220.196187739675;1595.61376243884;1610.73574492507;82.1427566220902;2258.00780729908
199.53;274.575133679687;1987.40945572685;2006.28708034212;82.1339648021897;2259.20983029604
158.49;352.246326062107;2472.52208854113;2497.48732780529;81.891952445687;2260.43685329295
125.89;461.921827540211;3063.48297631979;3098.11228346541;81.4253517148874;2261.70387728975
100;612.41174532948;3783.43716675846;3832.68116866336;80.8054801746885;2262.85589728684
79.433;812.101011701689;4648.31281209044;4718.72017100517;80.0899457390912;2264.15792328355
63.096;1069.7235734301;5684.47207844282;5784.24855397381;79.3425204716597;2265.50494728015
50.119;1385.57300553705;6915.07480937485;7052.52239790301;78.6696891556252;2267.04697527626
39.811;1752.1714647425;8393.34224717688;8574.28124801736;78.2084320059218;2268.46900327267
31.623;2170.83042365667;10173.6385352817;10402.6643594245;77.9549782540027;2270.713045267
25.119;2632.45862692211;12330.8485356496;12608.7138135335;77.949080517323;2272.17006926332
19.953;3121.50762727796;14963.4288376497;15285.5491378806;78.216568134421;2273.93710425886
15.849;3628.5442847975;18219.8464297594;18577.6515617759;78.7367163180829;2275.77413725422
12.589;4201.82045480941;22251.7950682206;22645.036517801;79.3067123596507;2277.70617224934
10;4801.9810324264;27270.5776025016;27690.1322606059;80.013362648871;2279.86821524389
7.9433;5435.14003355532;33500.0051232651;33938.0478289948;80.7844626885571;2282.05525223836
6.3096;6120.37422486361;41375.3890357273;41825.6117529697;81.5856509221678;2284.35229723256
5.0119;6830.25207470512;51129.9039986867;51584.1005186572;82.3911192345085;2286.60433922688
3.9811;7588.46175133702;63370.7523358977;63823.4831654399;83.1715132628863;2288.90137922108
3.1623;8462.22495064046;78700.1205914214;79153.7632220952;83.8628546029518;2291.24342521517
2.5119;9619.65266852225;98028.2903220816;98499.1544173518;84.3954296271071;2293.73047220889
1.9953;10637.8120766569;122166.567675659;122628.843684631;85.0234483453134;2296.27751620246
1.5849;12116.7201758673;152694.421447934;153174.414472977;85.4629302655869;2302.97564318555
1.2589;13434.4264535238;190513.114507206;190986.205296013;85.9663467075146;2305.6076911789
1;15491.8418780273;238102.569691953;238606.015973372;86.2773698074381;2310.47178116662
0.79433;17898.0076942813;297764.111165225;298301.532978698;86.5602034504996;2313.53883815888
0.63096;20986.5466276252;372723.14147732;373313.508102876;86.7773070644139;2316.96589915022
0.50119;24991.1312995796;466671.408799139;467340.090762826;86.9346313434707;2320.71796814075
0.39811;30289.2803727596;584458.953307012;585243.290099278;87.0333301529276;2324.78504613048
0.31623;37338.0137545901;732302.054521106;733253.31661505;87.0811776001325;2329.48213411862
0.25119;47055.5855815618;917651.330163693;918857.00295836;87.0645418330554;2334.80423210519
0.19953;60655.7065504679;1150053.46145385;1151651.89138868;86.9809238733497;2340.87134408987
0.15849;78932.5413742756;1441939.66970036;1444098.45825809;86.8667258260397;2348.05847607172
0.12589;107035.774120046;1808346.97167658;1811511.91740858;86.6126239126923;2356.55063405028
0.1;146975.823151055;2266250.40087012;2271011.39848194;86.2893255297954;2366.65781902476
