Frequency (Hz);Z' (Ω);-Z'' (Ω);Z (Ω);-Phase (°);Time (s)
10000;97.6716119459092;46.2061482506059;108.049765924176;25.3177327911405;15965.0106036922
7943.3;96.7220391516939;55.3882941516523;111.458584176777;29.7977963874111;15966.1726236893
6309.6;97.8154384027551;69.8327685842068;120.185171955856;35.5239443914014;15967.4246456861
5011.9;98.4303548989443;86.2785381597518;130.891256058286;41.2359911162265;15968.666670683
3981.1;98.0324324131567;107.455136634802;145.45433714415;47.6254787947586;15969.9236956798
3162.3;99.4084352571702;133.187277118624;166.195330218849;53.2630441609398;15971.1607156767
2511.9;100.639418869573;166.638994852872;194.671125840431;58.8706776732105;15972.4077416735
1995.3;101.781565630701;211.412365743541;234.637327574957;64.2921525119558;15973.6797626703
1584.9;100.764709277158;261.762925421879;280.487710534936;68.9459664968678;15974.8917846673
1258.9;105.599892092344;330.535605917727;346.994414925246;72.2822995114722;15976.1288076642
1000;109.620641595114;414.293667555624;428.55096317756;75.1793786121673;15980.0668846542
794.33;114.98575300237;519.746081820855;532.313547602964;77.5251339166529;15981.328903651
630.96;122.711944798338;651.591534508047;663.045812322755;79.3346056080031;15982.5759286479
501.19;134.312825008401;817.247101313518;828.21057682638;80.6669924063371;15983.8579506446
398.11;150.869650811362;1024.74959972497;1035.79601933606;81.624745678085;15986.6490056376
316.23;175.46407888591;1282.6158176194;1294.56207985046;82.2101920371943;15987.8260246346
251.19;211.139540013778;1602.04571106372;1615.8992436705;82.492047390566;15989.1680486312
199.53;262.644037762734;2000.47954549484;2017.64721953952;82.5203863271154;15990.460073628
158.49;336.958601457582;2489.07753002071;2511.78184752383;82.290458019297;15991.7370966247
125.89;439.965765281446;3088.55293461859;3119.73221680336;81.8927345135613;15993.0841206213
100;583.321412566911;3814.65175272422;3858.99363369791;81.3059048261924;15994.391148618
79.433;775.197978648684;4695.06388035331;4758.62971313163;80.6245272547188;15995.7531736146
63.096;1020.487286925;5750.3209433422;5840.16996792178;79.9367111921422;15997.1401976111
50.119;1325.00660677665;7016.70837756738;7140.71697827508;79.3064194380601;15998.7222256071
39.811;1683.32574064123;8531.34160724826;8695.82515743449;78.8382981436344;16000.1992536034
31.623;2090.26444358046;10368.594770484;10577.1906931191;78.6021823920747;16002.5133005975
25.119;2527.84612026787;12576.8528881823;12828.3761473825;78.6354296525714;16004.0253235937
19.953;3014.74025162861;15304.5010915736;15598.6029004769;78.8563269825858;16005.8673605891
15.849;3518.45431505496;18662.7362218437;18991.504523161;79.3234379229134;16007.7393925843
12.589;4067.27380316919;22837.5087853791;23196.8645232974;79.9017170179529;16009.6564285795
10;4644.7083344654;28036.6639228879;28418.7937716789;80.5934983499269;16011.8734695739
7.9433;5258.90151688398;34507.3631582388;34905.7897389367;81.3348314615746;16014.1355135682
6.3096;5923.6644787255;42599.2698661511;43009.1570945733;82.083469803514;16016.3925545625
5.0119;6640.81807950637;52766.3414360674;53182.584116539;82.8268505175171;16018.7595995565
3.9811;7459.61748852063;65485.3125508294;65908.8162005271;83.501288195553;16021.1966435504
3.1623;8347.64035132203;81395.7255755209;81822.6572619132;84.1444316708139;16023.6886885441
2.5119;9509.84270569885;101309.056885348;101754.420617906;84.6373810058441;16026.2107355377
1.9953;10596.5968832346;126228.820692736;126672.81886413;85.2014122823797;16028.8377835311
1.5849;11990.0336480488;157857.198097076;158311.894366598;85.6564427060549;16034.2338875175
1.2589;13812.7198811591;197383.182012677;197865.893402488;85.9970122191621;16037.0259385104
1;15862.5144609681;246158.65605254;246669.218417331;86.3129460827519;16041.9900324979
0.79433;18518.6929689631;308000.020363087;308556.242090385;86.5591978682312;16045.09208649
0.63096;22014.7453965902;385347.71822441;385976.052308477;86.7302714964543;16048.5641514813
0.50119;26458.9412244688;482440.850759974;483165.861845316;86.860820465819;16052.3162214718
0.39811;32495.8320700948;604177.132025042;605050.399523819;86.9212973099313;16056.4582964613
0.31623;40463.5682167481;757161.532616091;758241.971158534;86.9409587205508;16061.2003844494
0.25119;51476.4294755688;948652.042455597;950047.641145816;86.894021871351;16066.5974834357
0.19953;67126.0721514655;1188658.70433983;1190552.57127324;86.7678190958813;16072.7945984201
0.15849;89526.7373774852;1489381.58900736;1492069.88924097;86.5600893651713;16080.0267334018
0.12589;120767.807212832;1865393.25585515;1869298.49468962;86.2957717500581;16088.5488893803
0.1;169157.210296261;2336727.79662211;2342842.49519716;85.8595445807134;16098.6410783548
