Frequency (Hz);Z' (Ω);-Z'' (Ω);Z (Ω);-Phase (°);Time (s)
10000;93.3419536540989;45.6241692249853;103.895549131972;26.0487020709117;62023.0894004068
7943.3;92.7699274421231;56.6843868180542;108.716968071022;31.4258121843333;62024.4064234034
6309.6;93.1196763520667;69.9508663595438;116.466294816846;36.9136258874977;62025.8484503998
5011.9;93.4003755507134;86.100865645047;127.031449719511;42.6713208492732;62027.2704763962
3981.1;94.0803326359745;107.645573444979;142.963906183323;48.8471145361731;62028.6625003927
3162.3;95.028188510475;133.612406185798;163.959237917054;54.5786951596535;62030.0645283891
2511.9;95.7439662033015;166.857165004889;192.375207804456;60.1524538498281;62031.4565533856
1995.3;96.1050415315401;210.635834855921;231.524586023234;65.4746073369488;62032.893580382
1584.9;97.0403654634522;264.128508546776;281.390656483872;69.8267536594238;62034.2606053785
1258.9;99.4261657145816;331.716193581811;346.296398354226;73.3148113088736;62035.657632375
1000;104.047152089093;416.101052586908;428.912457060627;75.9609198263745;62039.610706365
794.33;108.902254855405;522.014389914485;533.252964727233;78.2160111296413;62041.0327293614
630.96;116.086670637776;654.904377353597;665.11341782937;79.948304616568;62042.4297583579
501.19;126.53681170812;821.262319773306;830.953285447918;81.2409735583936;62043.8417833544
398.11;141.744351926951;1029.77713350286;1039.48660693083;82.1627328750998;62046.8378413468
316.23;164.199552737057;1290.02529281556;1300.433292877;82.7461709679518;62048.1848613434
251.19;197.089810151028;1613.48424992553;1625.47710473668;83.0357256326909;62049.6068903398
199.53;244.401625743399;2013.5034373834;2028.28209256523;83.0792212928621;62051.0389153362
158.49;313.08345227192;2511.1925555709;2530.6341693815;82.8933073413988;62052.4759443326
125.89;409.558500527862;3120.41306435502;3147.17585424649;82.5225923313115;62054.0379693286
100;541.203086305599;3862.04067373624;3899.77678158889;82.0228614660494;62055.4299953251
79.433;719.21723069565;4762.71864735695;4816.71696685731;81.4126581802593;62056.9470233213
63.096;948.701307845427;5848.79271089124;5925.23504567389;80.7866021138387;62058.5290553173
50.119;1237.46362889795;7155.79330233999;7262.00344386169;80.1887772289551;62060.3610893127
39.811;1570.98640520406;8727.30880747228;8867.57674375131;79.7955759297515;62062.0281203084
31.623;1955.42047736836;10635.1485633304;10813.4200976111;79.5817311994846;62063.7601523041
25.119;2377.4078841841;12957.5299523513;13173.8244528255;79.6031821553034;62065.4221832999
19.953;2832.73779065969;15805.2602086409;16057.106017383;79.838902169653;62067.4142202948
15.849;3312.65226074286;19326.1344904593;19607.9866213726;80.2735716434782;62069.5312582895
12.589;3841.05153337757;23713.827917247;24022.8914032192;80.7994125802966;62071.6032982843
10;4387.87963635455;29179.6085267193;29507.6776699849;81.4482300974157;62074.0203402782
7.9433;4982.5568758524;36005.3266819306;36348.4445677343;82.1212264243581;62076.4373842721
6.3096;5630.93931491786;44522.5295931986;44877.2004356949;82.7918480227462;62078.9194332658
5.0119;6332.66678101744;55222.8191728665;55584.7319500465;83.4581926035224;62081.4764782593
3.9811;7125.02575254236;68601.6844272859;68970.6973883497;84.0704743059029;62084.0435282529
3.1623;8059.66078759564;85411.2067453765;85790.6310136052;84.6093585830744;62086.6555742463
2.5119;9309.19136365351;106429.966831285;106836.318186063;85.0011882847334;62089.2876242396
1.9953;10449.6812819889;132853.070235771;133263.401239673;85.5026069014779;62092.0446732327
1.5849;12021.4626684616;165800.081145436;166235.322577731;85.8529822652452;62096.4287582216
1.2589;13795.6698440106;207322.938054837;207781.426383916;86.1930400970909;62099.2758092144
1;16229.1671653019;258755.34965832;259263.797788427;86.4111027952727;62104.4649082013
0.79433;19324.665467975;323684.837710291;324261.186174026;86.5833769647865;62107.6869651932
0.63096;23459.4329384829;405121.222137234;405799.888639414;86.685863279878;62111.314033184
0.50119;28810.161544238;507096.426000625;507914.176481434;86.7482948963402;62115.2211051741
0.39811;36036.4884627174;634576.692946441;635599.093557853;86.7497648786062;62119.5531841632
0.31623;46045.1242669862;794797.090774865;796129.743806216;86.6843792359575;62124.4552761508
0.25119;59668.3887111733;994943.045544622;996730.645906403;86.5679874252203;62129.9673771369
0.19953;78589.9445091614;1246493.83628427;1248968.88002569;86.3923449446802;62136.3444941208
0.15849;106126.823187731;1559793.8609043;1563400.07391412;86.1076510337644;62143.7716341021
0.12589;144285.563705167;1952285.60115155;1957610.12266422;85.773184336348;62152.4287920802
0.1;197743.771639664;2440585.53018709;2448583.33110819;85.367837751669;62162.9009880538
