Frequency (Hz);Z' (Ω);-Z'' (Ω);Z (Ω);-Phase (°);Time (s)
10000;96.7216213752532;45.5157220764765;106.895991494541;25.2009611575425;17465.428386904
7943.3;97.252458892235;56.1163476968062;112.281277332486;29.9856880703399;17466.6004049011
6309.6;97.071485330765;68.7190261990307;118.933501697646;35.295511341026;17467.8574298979
5011.9;98.6631051444385;85.6277743656688;130.638907143165;40.9540720651591;17469.1044518948
3981.1;98.1368807418277;105.903203745641;144.382602571524;47.1797816243418;17470.3564758916
3162.3;99.2031001089115;133.461038358758;166.292224204911;53.376160170263;17471.6034988884
2511.9;100.099401377315;167.61112211952;195.226479797853;59.153837266514;17472.8655208853
1995.3;102.925696571332;208.543215374848;232.559608903984;63.7315355128339;17474.137543882
1584.9;103.595643876931;264.165076435313;283.752083760368;68.5867492531709;17475.354567879
1258.9;104.286984794094;331.604582174003;347.61670574965;72.5420559629187;17476.5815918759
1000;109.114142777658;414.808079155961;428.919151690807;75.2623638522891;17480.4596648661
794.33;114.206920311053;520.168285101606;532.5582273071;77.6167590738442;17481.7266848629
630.96;121.867693175991;652.626723008986;663.907654892971;79.4227405792589;17482.9837098597
501.19;132.999149901571;818.261656566062;828.999947213977;80.7679559253099;17484.2557318565
398.11;149.206011788715;1026.20612326894;1036.99635553292;81.727405980924;17487.0617858494
316.23;173.081455924273;1284.68171175442;1296.28866033038;82.3269083035867;17488.2588048464
251.19;207.765491055169;1605.67721556409;1619.06325381532;82.6272174011077;17489.5708328431
199.53;258.319280770833;2003.4522642639;2020.03708530366;82.6529848148214;17490.8328548399
158.49;329.763214827411;2496.06957179281;2517.75834525144;82.4740667764263;17492.1248788366
125.89;430.922846671802;3096.79928185879;3126.63721782762;82.0781018210702;17493.4719038332
100;569.349445154316;3829.10299883563;3871.19988716541;81.5426525386703;17494.7939268299
79.433;756.442311046814;4717.79169117373;4778.05016834793;80.8908293377052;17496.1609538264
63.096;996.39742899654;5786.07685404444;5871.24290056371;80.22915266489;17497.5729798229
50.119;1294.00518358705;7060.31551520841;7177.91784499118;79.6141727686623;17499.2600088186
39.811;1647.9991610335;8599.01402713375;8755.50932119943;79.1508285305468;17500.7570368148
31.623;2048.3632230491;10461.2020833867;10659.8565151223;78.9213243864481;17503.066081809
25.119;2491.76531523682;12724.9080574113;12966.5793274783;78.9206500341441;17504.4931088054
19.953;2968.65301244225;15479.8555951776;15761.942455035;79.1438951607991;17506.3301428008
15.849;3477.81553644587;18900.4970037753;19217.8039300869;79.5738276279834;17508.202176796
12.589;4017.75666800183;23121.839027996;23468.3149944736;80.1424498181156;17510.1142127912
10;4604.77379974071;28393.2740943255;28764.247870269;80.7880708012723;17512.3612517855
7.9433;5247.12093200992;34954.4917419949;35346.1280908719;81.4629068480372;17514.6182937798
6.3096;5900.28423571257;43159.7061034319;43561.1476547257;82.2154551890046;17516.9803397739
5.0119;6674.89354327528;53468.5535344253;53883.5821088183;82.8841374513846;17519.3573847679
3.9811;7499.25989363993;66334.7188642812;66757.2754518605;83.5499940656445;17521.7744277618
3.1623;8384.92550242825;82437.0876080834;82862.4184355253;84.1922461399899;17524.2664727555
2.5119;9622.87589299718;102541.003651133;102991.539313837;84.6388261841079;17526.7285197493
1.9953;10697.9415613123;127989.20500218;128435.519038696;85.2220546800599;17529.3605697426
1.5849;12307.3840293362;159834.129993152;160307.269992079;85.5968576299945;17533.8446537313
1.2589;14035.647969047;199759.378349257;200251.8630435;85.9808449312283;17536.5817007244
1;16267.5727630572;249027.554617691;249558.323608868;86.2624985112606;17541.6107967117
0.79433;19067.8371933554;311305.494759434;311888.912086737;86.4949433107924;17544.7578547037
0.63096;22667.7655674306;389509.072505275;390168.09859308;86.6693867623117;17548.2499166949
0.50119;27388.5043926143;487569.787148741;488338.435424791;86.7848740782015;17551.9919856855
0.39811;33622.184967355;610139.955012855;611065.639702534;86.8458664436093;17556.159065675
0.31623;41961.2801908336;764478.455357697;765629.190758388;86.8582578716191;17560.911153663
0.25119;53479.2546155198;957394.835710843;958887.325038778;86.8028294388604;17566.3082506493
0.19953;69631.1799650005;1199101.9009462;1201121.92140353;86.6765981918612;17572.4253646339
0.15849;92248.1046643112;1501204.42699948;1504036.05158154;86.4836305025282;17579.6124986157
0.12589;125100.591635719;1879022.42354028;1883182.26048219;86.1910121853646;17588.0746565944
0.1;169596.254333436;2355081.70314987;2361180.36540947;85.8810752070819;17598.2218435688
