Frequency (Hz);Z' (Ω);-Z'' (Ω);Z (Ω);-Phase (°);Time (s)
10000;92.1866716788002;46.6367351767878;103.311991090893;26.8346001000107;73704.4876899141
7943.3;91.9436610084545;55.7875232919522;107.544802546138;31.2476043341914;73705.8497109106
6309.6;91.3827835941175;68.5140219858239;114.214641557391;36.8606409144219;73707.296739907
5011.9;92.895913237373;86.0171779478324;126.60412946786;42.798213240074;73708.7537649033
3981.1;93.2792828172483;107.868514213881;142.606595084556;49.1483935164501;73710.1707928997
3162.3;93.3966113318101;132.744130982992;162.308136945425;54.8704044256582;73711.6028198961
2511.9;94.0566980638766;168.725045366429;193.170399866498;60.862280121482;73713.0598468924
1995.3;94.4570364642387;210.349376661999;230.584023730392;65.8176152191476;73714.4818708888
1584.9;97.1865962211882;261.766175380056;279.225294445475;69.6314206504738;73715.8588988853
1258.9;98.7464428206566;332.22717116592;346.591623139745;73.4466994811419;73717.2509228818
1000;102.988412723477;416.132174596851;428.687065223579;76.0992071736896;73721.4340008713
794.33;107.89617426484;522.442969789973;533.468125668212;78.3311898643677;73722.7860248679
630.96;114.929564219854;655.16599119174;665.170114140752;80.0503776413083;73724.2030528643
501.19;125.32946967285;821.302689917049;830.810197598379;81.3236893174854;73725.6650778606
398.11;140.447649932344;1031.04217954814;1040.56403857662;82.2429636180127;73728.7311378529
316.23;162.804517727336;1290.68733781609;1300.91472241313;82.8108020015045;73730.1031618494
251.19;195.378330962281;1614.33482802267;1626.11488806191;83.099218159634;73731.5801868457
199.53;242.802823702392;2016.63192707621;2031.19608617705;83.1346251715382;73733.022214842
158.49;310.113195924399;2513.09315129456;2532.15469143772;82.9653203629813;73735.3042578363
125.89;406.288233905815;3122.30605364007;3148.62910194385;82.5860782639971;73736.8362868324
100;537.951891712297;3868.10391109837;3905.33226561471;82.0824436982408;73738.3283128286
79.433;714.666019894683;4771.8186430272;4825.03893061331;81.4822315992307;73739.8753438247
63.096;942.491967241657;5858.2960151388;5933.62648886044;80.8604793911602;73741.4823718207
50.119;1228.07245337189;7167.3939840763;7271.84285265462;80.2772646806172;73743.2544038162
39.811;1565.30815234864;8747.54439547844;8886.49101516877;79.8547214760374;73744.931434812
31.623;1949.21602702596;10664.1739642343;10840.8509564271;79.6417227191134;73746.7734688073
25.119;2364.99259298695;12985.8863826409;13199.4861683227;79.6784022239328;73748.4555058031
19.953;2818.85449161738;15852.4954570214;16101.1661956454;79.917183994011;73750.5075407979
15.849;3302.7223997566;19377.9640802307;19657.4023498673;80.3276205025408;73752.6245767925
12.589;3813.64518071272;23776.1169268171;24080.0254501953;80.8874815383966;73754.7116157873
10;4355.62401330449;29250.3221701391;29572.8390182986;81.5304017289628;73757.1486607811
7.9433;4958.08492286738;36110.1669715671;36448.9610937928;82.1819227069523;73759.570705775
6.3096;5569.00416675322;44720.3028123741;45065.7219074515;82.9015190111946;73762.0227517688
5.0119;6278.10853262998;55417.5323353074;55772.0139217002;83.5366659375604;73764.5847997623
3.9811;7137.48359055937;68882.3721076286;69251.1722585207;84.0842128880168;73767.2268477556
3.1623;7982.41669110493;85714.0300478576;86084.9227407184;84.6794776342072;73769.9088967489
2.5119;9114.03895270293;106837.221047817;107225.265246823;85.1240333679251;73772.625949742
1.9953;10335.3795188507;133358.243535438;133758.144382523;85.5683858947759;73775.422999735
1.5849;11965.0923538802;166566.292418006;166995.488576541;85.8912829611254;73779.7320807241
1.2589;13855.5174378202;208296.14687878;208756.461380279;86.19438517327;73782.6241347168
1;16301.8002793731;260041.634339282;260552.106654683;86.4128679539991;73787.7682317038
0.79433;19424.3732856357;325215.167647765;325794.738364055;86.5819121754528;73791.0302906956
0.63096;23589.4383913616;406891.995987223;407575.217600489;86.6820087971718;73794.6423566864
0.50119;29155.4437724539;509462.010382098;510295.580937301;86.7246550497163;73798.5694306765
0.39811;36485.0793606868;637895.982529523;638938.530332348;86.7264788585649;73802.9165106655
0.31623;46682.9556592619;798265.701515758;799629.557085986;86.6531276464142;73807.8436016531
0.25119;60620.9096666788;999348.464287956;1001185.42126996;86.5286668946488;73813.4807056389
0.19953;79929.8558243129;1250730.09526064;1253281.51388377;86.3433964281164;73819.787820623
0.15849;108379.63624691;1566456.18351516;1570200.98090209;86.0421391490808;73827.2549616041
0.12589;147431.103384393;1959269.75356416;1964808.87046972;85.6967178460753;73836.0321225819
0.1;205225.370833233;2449026.68550447;2457610.4571609;85.2098769226373;73846.3743165558
