Frequency (Hz);Z' (Ω);-Z'' (Ω);Z (Ω);-Phase (°);Time (s)
10000;93.285591244348;45.8745471580936;103.955161539809;26.1863240342174;58248.4765119367
7943.3;92.8600900879499;55.7470695983067;108.308504282631;30.977825752978;58249.7885329334
6309.6;93.8482586425134;69.1894170783907;116.59618812757;36.3994120335677;58251.2005579299
5011.9;94.8461863251812;85.8337968415124;127.91887953176;42.1444304114397;58252.5775859264
3981.1;93.7683404630083;106.605603075669;141.976252522433;48.6657317120718;58253.9496099229
3162.3;95.2013316392194;134.369115596104;164.676509472237;54.6821973464752;58255.3366349194
2511.9;96.1553563616219;168.584443455694;194.078765279194;60.3009007301128;58256.7486609159
1995.3;95.4115152220205;211.056531025384;231.620846482848;65.6738841311117;58258.1356879123
1584.9;98.9925076309676;264.692458664847;282.59797281847;69.4946726193087;58259.477710909
1258.9;101.490808019484;330.567623704129;345.796671403648;72.9324766845633;58260.8447399055
1000;104.453169254147;415.75298492869;428.673546004825;75.8969876834474;58264.9478148951
794.33;109.43380341605;521.895965526175;533.245868397123;78.1575028021406;58266.2998378917
630.96;116.546704402708;654.47879591268;664.774870618952;79.9028616769171;58267.7068658882
501.19;127.074106342679;820.812727923476;830.59097203375;81.1996194389767;58269.1388918846
398.11;142.553238079865;1030.13108525827;1039.94782489432;82.1212428174859;58272.154948877
316.23;164.945308217181;1289.08244357479;1299.59243651062;82.7083070368386;58273.4819718736
251.19;197.989649141769;1612.98720010268;1625.09310775179;83.0021093044303;58274.8689988701
199.53;245.930188891343;2014.80408636815;2029.75790779441;83.0408115608514;58276.3110238665
158.49;314.450720141572;2509.716886404;2529.33946027396;82.8584377220953;58277.7380498629
125.89;411.413877325862;3118.58622238358;3145.60668312124;82.4847546144254;58279.2350788591
100;544.220719415561;3860.30693073076;3898.47993337007;81.9754044327994;58280.7321068553
79.433;722.973716711633;4760.90033153826;4815.4815918968;81.3652332125055;58282.2441328515
63.096;956.206868217138;5846.41077514763;5924.09069196176;80.7112588452764;58283.7961618476
50.119;1241.37594012272;7152.94043405211;7259.86026572228;80.1545156817187;58285.6231988429
39.811;1581.30981040053;8718.88035434843;8861.11817717786;79.720225948459;58287.2402258389
31.623;1962.05428132332;10627.495243499;10807.0954540733;79.5398033289248;58288.9622598345
25.119;2391.44700037985;12934.6349636781;13153.8511622729;79.5250372432568;58290.6192888303
19.953;2849.55316354515;15778.071668233;16033.324633393;79.7626136442794;58292.6263248253
15.849;3335.93730168282;19282.2427041693;19568.683179592;80.1846632197537;58294.6383638202
12.589;3859.69436630668;23675.8315622867;23988.3772016173;80.7409466843591;58296.705399815
10;4416.43528102957;29101.9067531406;29435.112998934;81.37077324007;58299.0974468089
7.9433;5016.90800925091;35899.1119342903;36247.9737867372;82.0444275397151;58301.5244898028
6.3096;5667.67379031262;44382.4658733632;44742.8855036602;82.722674194508;58304.0165357965
5.0119;6410.32479456889;55040.7055461031;55412.7379849136;83.3569654404783;58306.5085847902
3.9811;7192.95451789786;68310.9525085681;68688.6076967964;83.9890628902911;58309.0256287839
3.1623;8096.03485264879;85084.1788726228;85468.4928775732;84.5644864461061;58311.6226767773
2.5119;9365.47453767728;105972.167301812;106385.207411365;84.9495074610101;58314.3197267705
1.9953;10436.4052582286;132329.584791776;132740.489549639;85.4906016349101;58317.0817807635
1.5849;12076.1009351004;165320.54783655;165761.019997983;85.8221593182547;58321.3508607527
1.2589;13870.235748429;206664.755861952;207129.681009742;86.1603711205225;58324.2029117455
1;16298.2587538212;257838.259634266;258352.862127815;86.3830787849824;58329.3220057326
0.79433;19405.9628258825;322621.156897483;323204.273287142;86.5577530477016;58332.5240657245
0.63096;23471.9671559572;403941.210361328;404622.582995988;86.6744316472347;58336.0561297156
0.50119;28839.5594844255;505249.160358564;506071.570268761;86.7331088916923;58339.9382037058
0.39811;35998.0057145764;632798.596606206;633821.678614901;86.7441248383836;58344.2502806949
0.31623;45774.9147357379;792341.058807896;793662.205407239;86.6935988057212;58349.1373736826
0.25119;59063.9260463905;991788.309125253;993545.468248707;86.5918921443046;58354.7044756685
0.19953;78310.103709686;1241456.18414672;1243923.60275829;86.3906083578622;58361.0065936526
0.15849;104644.124774631;1554145.48664583;1557664.46531705;86.1479600193631;58368.4087296339
0.12589;143719.555865644;1945081.06353549;1950383.4634406;85.7741672280842;58377.0208896122
0.1;199397.207499228;2433837.79608509;2441992.15068575;85.3163846617762;58387.2580785863
