Frequency (Hz);Z' (Ω);-Z'' (Ω);Z (Ω);-Phase (°);Time (s)
10000;95.6822726291611;45.7127373390345;106.041273335002;25.5363977817879;37338.1513437302
7943.3;95.111038235456;55.77769322142;110.259968507746;30.3894128803684;37339.3683647272
6309.6;95.6359811888076;69.1248611825801;118.002064945733;35.8590780613147;37340.6853887238
5011.9;96.4935162885504;85.8912121012293;129.183199379591;41.6730525847414;37342.0074127205
3981.1;95.8165437655095;107.241847031832;143.811069858918;48.2204143202565;37343.3294357172
3162.3;96.2866922648734;133.892505137003;164.919162134583;54.2787929463806;37344.6264587139
2511.9;98.4525154595914;167.326557645867;194.14189319654;59.5280629454626;37345.9634847105
1995.3;98.3704131761129;209.673637167913;231.602617238366;64.865924468647;37347.2705077072
1584.9;101.906846236298;263.410251636914;282.435773189677;68.8497908630185;37348.532531704
1258.9;103.642341303908;331.443662176622;347.270263783132;72.6355507651721;37349.8245567008
1000;106.794182112414;415.441205459488;428.948006787177;75.5835678770417;37353.8276306906
794.33;111.7496977759;521.304667902804;533.14777663445;77.9008762989142;37355.1646546873
630.96;119.011235964163;654.063366936513;664.802649102759;79.6874691339363;37356.466679684
501.19;129.68526729071;820.178496196111;830.368011290643;81.0148735915165;37357.7987056806
398.11;145.264540725435;1028.53861374011;1038.74610311982;81.961062004901;37360.6897596733
316.23;168.145297790554;1287.74176305118;1298.67304949138;82.5607619502429;37361.9317826702
251.19;201.464599528195;1610.97758068786;1623.52602391891;82.8717478800364;37363.2688066668
199.53;249.378840239753;2011.76692336777;2027.16451229691;82.9336560614281;37364.5008276637
158.49;319.055296638061;2505.45077890593;2525.68404354803;82.7427605015417;37365.8478536603
125.89;415.717042887161;3112.14494823865;3139.78770597539;82.391530300112;37367.2498806568
100;551.830398315443;3852.87491050116;3892.19242387556;81.8492087656428;37368.6169046533
79.433;732.388451637497;4749.27225441664;4805.41151106371;81.2334365701404;37370.0339306497
63.096;966.051414376239;5828.92493002118;5908.4364408057;80.5896756997313;37371.495958646
50.119;1257.42938598378;7132.43465642052;7242.42727190575;80.001646086371;37373.2279886417
39.811;1598.75768187187;8684.42510829309;8830.36044490234;79.5689366557429;37374.7800196378
31.623;1991.44625773567;10581.8916546667;10767.6501237992;79.3419485573493;37376.4070476336
25.119;2419.97611198398;12873.977954884;13099.4500940082;79.3540983230283;37377.9840766297
19.953;2884.35973257604;15697.8315023731;15960.6216966571;79.5884593727033;37379.8711136249
15.849;3385.01486135408;19179.2563619935;19475.6822784378;79.9907448470724;37381.80814762
12.589;3912.61697454098;23523.9874411416;23847.1498657692;80.5567500834298;37383.8951866147
10;4475.61004227934;28899.7849335233;29244.292681726;81.1967337939796;37386.167230609
7.9433;5081.23015523284;35626.6878133984;35987.2169588563;81.8829741453942;37388.4742716032
6.3096;5754.99454987621;44016.5667689227;44391.1940861263;82.5510538083014;37390.7913135973
5.0119;6462.54259831046;54570.8587065183;54952.1890082803;83.2462146705582;37393.2183615912
3.9811;7271.31434151771;67805.2329877314;68193.9999763447;83.879093065572;37395.6204055851
3.1623;8243.20639015121;84317.7977896963;84719.7820800711;84.4163057680079;37398.1574525787
2.5119;9449.82056627098;104981.852653767;105406.301971713;84.856448365323;37400.6644985724
1.9953;10527.0045465267;130936.059587447;131358.553299776;85.4034176111078;37403.3465485656
1.5849;12235.7293058226;163567.124557614;164024.136357097;85.7219254715328;37407.5906295549
1.2589;13979.2094271793;204440.731797906;204918.108312253;86.0883288886837;37410.327677548
1;16327.4937887461;255036.62861181;255558.738819669;86.3369122607565;37415.3167695354
0.79433;19323.9944305538;319143.59503714;319728.089185142;86.5349979087285;37418.4738285274
0.63096;23169.8083624979;399224.480377408;399896.26873999;86.6784483584632;37421.9708945186
0.50119;28317.8530588165;499724.479102851;500526.178952187;86.7566925653748;37425.8329625089
0.39811;35024.2635036909;625323.93256705;626304.015375198;86.7942247730777;37430.0100424983
0.31623;44382.9028772031;783363.209363751;784619.50004603;86.7572675667127;37434.7171274864
0.25119;56761.5543098174;980678.851019014;982320.152945891;86.6874241507473;37440.2892304724
0.19953;75060.8496140275;1228383.3192786;1230674.49401809;86.5032664733225;37446.4863464567
0.15849;100002.995371361;1539213.11491873;1542458.30161501;86.2827058363599;37453.6834804385
0.12589;135671.322583939;1924956.81418119;1929731.96175901;85.9684492552952;37462.200635417
0.1;190139.591648685;2406132.5811761;2413633.58082984;85.4817103231681;37472.4178253912
