Frequency (Hz);Z' (Ω);-Z'' (Ω);Z (Ω);-Phase (°);Time (s)
10000;95.8802147783245;45.3106059131327;106.047473303954;25.2942537484242;24129.7337790783
7943.3;97.1072551714726;55.3190965692134;111.758764542972;29.6688700862197;24130.9558010752
6309.6;97.1274711426987;69.0267818439554;119.157216576709;35.4007372173763;24132.2728260719
5011.9;96.5540691514619;86.1261485419699;129.384704398854;41.7329349450761;24133.5948480685
3981.1;98.2809039021612;106.932606620056;145.236766799545;47.4141328192895;24134.9068730652
3162.3;98.2423907072378;132.257381482971;164.753094928762;53.3945861891067;24136.2188990619
2511.9;99.8882633971039;167.834009488163;195.309804939133;59.2405405581308;24137.5409230586
1995.3;100.632602922622;209.964021564764;232.834299712544;64.3922994168779;24138.8629460552
1584.9;101.600205220477;262.716075126587;281.677719798285;68.8570151793257;24140.144970052
1258.9;104.576799798998;330.464840811118;346.616961599569;72.4398353458976;24141.4169930488
1000;108.603928213837;414.654130897106;428.640713760966;75.3230848766021;24145.3900680387
794.33;113.83294978152;520.351851681388;532.65747906531;77.6602841026033;24146.7220950354
630.96;121.463590128077;652.884565347443;664.087087207484;79.4610966717801;24148.044116032
501.19;132.468441097122;818.278963162807;828.932053573452;80.80435527226;24149.3961430286
398.11;148.846117697161;1026.31205413004;1037.04946806126;81.7479248992577;24152.2821970213
316.23;172.794554603319;1284.34172142172;1295.91342900869;82.3374723280609;24153.5092170183
251.19;207.705266430178;1605.61472637125;1618.99355379911;82.6290473275489;24154.8712420148
199.53;258.377975650264;2003.36202434664;2019.95509328682;82.6510062871788;24156.2282700114
158.49;330.357410479364;2495.15963334271;2516.93416968374;82.4579439508395;24157.575293008
125.89;431.686173318728;3096.73503519692;3126.678881889;82.0640852367544;24158.9773200044
100;571.304957892467;3830.10033989165;3872.47439869532;81.5162043396732;24160.359344001
79.433;759.280510742429;4714.88325373899;4775.62885810671;80.8516830759318;24161.8063699973
63.096;1001.39190218801;5781.03528489751;5867.12490978314;80.1727309390232;24163.2733999936
50.119;1298.77531889209;7059.60072416176;7178.07632402641;79.5756925582133;24165.0004299892
39.811;1651.342993478;8591.65913280442;8748.91652357082;79.1202554183508;24166.5324609854
31.623;2051.364933069;10444.060325197;10643.6128342297;78.8877355027061;24168.8815039794
25.119;2492.41275597801;12703.5756946319;12945.7698409714;78.8996947131321;24170.4835319754
19.953;2960.8859197106;15451.7496676053;15732.8768259299;79.1523970207839;24172.3805689706
15.849;3475.29690081595;18880.1603717636;19197.3473222821;79.5702364832819;24174.3326029657
12.589;4003.29588014565;23072.6360913283;23417.3635174171;80.1566990182145;24176.3146419607
10;4572.57967201448;28359.5325086259;28725.799709751;80.8406824061265;24178.5916819549
7.9433;5216.93006077328;34932.2259234153;35319.6371332369;81.5059780860652;24180.9037269491
6.3096;5849.21847013236;43121.3380044798;43516.2400490659;82.2752289594418;24183.325768943
5.0119;6584.07426989171;53471.0716609211;53874.9063902556;82.9803112912328;24185.7778179368
3.9811;7396.76565519381;66362.4983101718;66773.4477477793;83.6400615699687;24188.2098619306
3.1623;8308.65693695151;82532.8090273441;82949.9749610571;84.2513469690185;24190.7569099242
2.5119;9426.97795110411;102705.79567867;103137.521684784;84.7557305238558;24193.3489549177
1.9953;10533.7374600312;128190.285844705;128622.350351034;85.3024073709704;24196.0310049109
1.5849;12013.3000534344;160214.449704143;160664.212792318;85.711836599807;24200.1800859004
1.2589;13370.9461800242;199921.265246511;200367.897876668;86.1736958475066;24202.9421348934
1;16022.2744197668;249984.423777517;250497.356091755;86.33275249286;24207.9962298807
0.79433;18783.6561030063;312675.931699386;313239.627123829;86.5621518823665;24211.1882858726
0.63096;22448.5085599615;391368.90797622;392012.190712311;86.7171714723412;24214.7353528637
0.50119;27202.7959112951;489948.752717567;490703.344593138;86.8221027341297;24218.7574258535
0.39811;33592.726253469;613149.398954493;614068.93480732;86.8640609770543;24222.9745058429
0.31623;42280.2857753509;768421.516223232;769583.815552313;86.8506325436158;24227.7815938307
0.25119;54061.3073173106;962662.620841825;964179.416143546;86.7857537915642;24233.2436958169
0.19953;70251.0283589997;1205618.71560841;1207663.73399666;86.6651636196183;24239.4158098014
0.15849;93519.5622263621;1509873.58079841;1512767.04700757;86.4557034089801;24246.7279457829
0.12589;127825.416254142;1890517.60267949;1894834.0674269;86.1318917813799;24255.2501037614
0.1;176763.329177533;2367368.92652865;2373958.91051959;85.7298441380148;24265.4222907357
