Frequency (Hz);Z' (Ω);-Z'' (Ω);Z (Ω);-Phase (°);Time (s)
10000;92.3590821984865;45.6591750306304;103.028929573322;26.3062186305191;59500.9697027745
7943.3;93.2824604759302;56.0445235041885;108.823738436313;30.9976381517814;59502.2967247711
6309.6;93.5849911709893;68.981610100123;116.260969824269;36.3939722334997;59503.7087497676
5011.9;93.3444908024702;85.6525776914243;126.686850258257;42.5393832718974;59505.1007767641
3981.1;93.2587909866999;107.324900967613;142.182405606351;49.0113506901627;59506.5128007605
3162.3;94.9383355640324;134.172099111754;164.363742168774;54.7172992149751;59507.904829757
2511.9;96.0420250370574;167.652420820383;193.213365945924;60.1931606418393;59509.3268537534
1995.3;97.0764169977522;210.256172827104;231.584733842761;65.2169732600875;59510.7488797498
1584.9;98.4798497662412;263.589097669001;281.384955567883;69.5137466615947;59512.1509047463
1258.9;101.76625365986;329.593467700391;344.946697816825;72.841249626692;59513.5229327428
1000;104.299154356858;415.934688793194;428.812288701066;75.9228619493719;59517.5760097326
794.33;109.144621756186;521.693912852683;532.98882461628;78.1834703639228;59519.0380327289
630.96;116.419833968926;655.042433892783;665.307573939703;79.9221283663616;59520.4350617253
501.19;126.790293402639;821.071102880958;830.802945641913;81.2216881065218;59521.8570877218
398.11;142.096481597261;1030.07136346762;1039.82615081482;82.1457220343896;59524.8931447141
316.23;164.578816099667;1290.07413527247;1300.5296848622;82.7298676692824;59526.2351677107
251.19;197.417879562396;1612.64365954931;1624.68255110206;83.0206469914143;59527.682195707
199.53;245.420281489872;2015.50713030346;2030.39407674241;83.0574984186676;59529.1042197035
158.49;313.247079414733;2510.42968331452;2529.89741444757;82.8874925885949;59530.5462476998
125.89;408.291170727114;3117.98458377268;3144.60324122739;82.5397289708824;59532.0182756961
100;542.893136317492;3862.54749918713;3900.51357399733;81.9993092424478;59533.6003026921
79.433;720.82869759421;4763.67599537594;4817.90441999386;81.3954090118656;59535.1123326883
63.096;952.394993566262;5848.48613009503;5925.52497570333;80.7508728228486;59536.6643606844
50.119;1237.45877203623;7153.1316864348;7259.37994156298;80.1852353195671;59538.4213946799
39.811;1574.84226581652;8724.72430186408;8865.71724711203;79.7680920694074;59540.0584216758
31.623;1959.12372022564;10639.5235876072;10818.3930378962;79.5666316617267;59541.7754536715
25.119;2381.62633093162;12952.6870340831;13169.8232859477;79.5813287158189;59543.4524846672
19.953;2837.24436304157;15799.3220853205;16052.0570000018;79.819329611202;59545.4695246621
15.849;3327.47769162817;19322.0626266324;19606.48392588;80.2288599356898;59547.506559657
12.589;3840.34606393432;23713.3900832349;24022.3464118399;80.8009065791466;59549.5735986518
10;4398.12086626035;29170.2997484165;29499.9975350288;81.425871902772;59551.9706436457
7.9433;4990.64696883383;35947.1655149721;36291.9449152057;82.0959880819433;59554.4026876396
6.3096;5654.5847393081;44482.211046314;44840.176495447;82.755408998219;59556.8097346335
5.0119;6356.14547278096;55160.9087871622;55525.9078583753;83.4268451166999;59559.2717776273
3.9811;7160.30275377968;68525.5321981902;68898.610280404;84.0347529710059;59561.778824621
3.1623;8077.5826721454;85313.6109398115;85695.1547837733;84.5912988091816;59564.4308746143
2.5119;9206.52880351615;106282.567741734;106680.571700691;85.0492183372435;59567.1379246074
1.9953;10402.170605669;132668.414182795;133075.592334158;85.5167654793583;59569.9149776004
1.5849;12066.8174607973;165678.953209316;166117.800431401;85.834358640103;59575.5010805863
1.2589;13813.4447001915;207133.761754807;207593.849892482;86.1846784149145;59578.3681315791
1;16266.5747065939;258591.55037397;259102.665708979;86.4005796868419;59583.4822285662
0.79433;19393.3714961705;323635.042854525;324215.582323612;86.570732298061;59586.704288558
0.63096;23428.2207247299;404997.427310535;405674.497170427;86.6892534191604;59590.281355549
0.50119;28729.7955221057;506805.662597275;507619.326652763;86.7554897582896;59594.1784265392
0.39811;36012.2676852531;634265.911222051;635287.438536426;86.750356648592;59598.4755065283
0.31623;45767.2737510929;794475.761656986;795792.924828472;86.7030124790799;59603.372594516
0.25119;59422.5912040738;995335.731223797;997107.94911896;86.5834369046289;59608.9246965019
0.19953;78710.8457986215;1245385.64953028;1247870.51143229;86.3836030755551;59615.236816486
0.15849;105296.751257923;1559762.1727305;1563312.33005643;86.1379243641174;59622.6389534673
0.12589;143348.468591874;1950810.15500755;1956069.79536218;85.7973730317574;59631.2761114455
0.1;200647.206643698;2441939.07642464;2450168.51553185;85.3027205061489;59641.6083024194
