Frequency (Hz);Z' (Ω);-Z'' (Ω);Z (Ω);-Phase (°);Time (s)
10000;98.8042714274708;45.3449326841249;108.712680826301;24.6521398151395;3139.34212807392
7943.3;98.715421326987;55.5925579508375;113.292836963692;29.3864632882909;3140.44414907114
6309.6;99.4740168752741;69.1835980227985;121.167034579057;34.8183877467516;3141.63616906813
5011.9;99.7170470603417;85.2948463066779;131.220045270965;40.5426458151304;3142.8381930651
3981.1;100.332045659333;106.58669620464;146.380474087245;46.731384931014;3144.02021306211
3162.3;101.881356622042;132.786518184073;167.368068156972;52.5025318931022;3145.20723705911
2511.9;103.060987978305;166.859526471129;196.121566425607;58.2983982760771;3146.40925705608
1995.3;102.946176754542;209.425587946805;233.360219821722;63.8229084904197;3147.60127905307
1584.9;105.35342329159;263.561968331504;283.838431066044;68.2119657627251;3148.66829805038
1258.9;107.316657022339;328.348642816548;345.44130632268;71.9006656493973;3149.84032104742
1000;112.152058492553;413.302840519626;428.249135674211;74.8180545223884;3153.66839503775
794.33;117.805172674032;518.39127032548;531.608472335066;77.1968926537381;3154.87041603472
630.96;126.070503088892;650.097327207731;662.208657895472;79.0251074617012;3156.05243603173
501.19;138.105810830305;814.604603807501;826.228706551323;80.3777264787898;3157.2544600287
398.11;155.681576097339;1021.03074843229;1032.83132329551;81.3306031770328;3159.9855120218
316.23;181.558038862936;1277.8898126462;1290.72293492473;81.9137386313545;3161.097531019
251.19;219.314056173553;1595.67110740165;1610.67220073847;82.1741205929991;3162.33455201587
199.53;273.204844491203;1989.99898986563;2008.66544419913;82.1827924969129;3163.53157601285
158.49;350.366574963573;2473.48711186268;2498.17838222224;81.9377552518462;3164.79859800965
125.89;460.438916848329;3065.8269411197;3100.20948147764;81.4589102755223;3166.07562400643
100;609.754560472938;3785.80896816431;3834.59908822955;80.8503358350226;3167.33764500324
79.433;808.750702521088;4653.22626603188;4722.98553689479;80.140241170413;3168.65466899992
63.096;1062.98333165868;5689.56911215718;5788.01608890276;79.4174226039452;3170.01669599648
50.119;1376.53981857813;6926.5094041398;7061.96816742813;78.7597761722003;3171.62372599242
39.811;1746.87695105771;8409.11904114887;8588.64728175218;78.2645147076188;3173.06575198878
31.623;2164.7363655911;10194.6383354213;10421.9352484342;78.0118353264974;3175.27979398319
25.119;2619.32721287586;12348.7134792067;12623.4543465587;78.0242976116238;3176.73682097951
19.953;3116.46646840178;14999.0961519741;15319.4402190431;78.2622667561485;3178.50885297504
15.849;3635.67356347493;18250.3860828215;18608.9955245358;78.7335541532382;3180.32588797045
12.589;4191.46117679805;22286.9551204432;22677.6699715216;79.3489139411351;3182.17792196577
10;4789.33852818685;27328.5420002639;27745.0350765279;80.0598332957348;3184.35496096028
7.9433;5424.40996971443;33610.4129130382;34045.3239036503;80.8320445011367;3186.54700295474
6.3096;6089.78328380373;41480.4315356368;41925.0719835559;81.6480135108943;3188.84404494894
5.0119;6800.1997388138;51265.1754934176;51714.2237189989;82.4439664626795;3191.16608494308
3.9811;7606.99644011545;63575.8512220183;64029.3311962896;83.1768666765369;3193.45312793731
3.1623;8504.04567416549;79025.0019493239;79481.2539276963;83.8579177838079;3195.88517293117
2.5119;9571.11211254555;98289.6145088254;98754.5163897045;84.4382646257105;3198.38722092485
1.9953;10675.1823291219;122545.948439738;123010.036162726;85.0214367108074;3200.94426691839
1.5849;12006.0464830091;152998.240949047;153468.585989625;85.5130921650288;3204.99334590817
1.2589;13463.0657816928;191226.087785429;191699.428246312;85.9727977652003;3207.6353929015
1;15574.5480871113;238743.205183341;239250.673080208;86.2675660866319;3212.56948388904
0.79433;18012.9932564119;298502.736229122;299045.73473355;86.5467034279442;3215.5965388814
0.63096;21200.2919484997;373816.583849127;374417.268217337;86.7540566235931;3218.98860287284
0.50119;25273.0887287285;467962.935741502;468644.895674427;86.908652743318;3222.73567086337
0.39811;30628.9826312227;585915.479412058;586715.504816164;87.0075624346154;3226.80774585309
0.31623;37827.044931031;734058.246694116;735032.240699586;87.0500779067217;3231.48483284128
0.25119;47646.2552008289;920129.518179627;921362.30434077;87.0357507317248;3236.81693482782
0.19953;61088.3504209197;1152797.06413311;1154414.5085848;86.9666526131318;3242.98404681225
0.15849;81113.4384162934;1445588.68452354;1447862.57452639;86.7884436950399;3250.17618079409
0.12589;108412.603978744;1812591.50691767;1815830.7365092;86.577169475809;3258.57333377289
0.1;146944.932841638;2271711.03884601;2276458.62191753;86.2989961041199;3268.67552274739
