Frequency (Hz);Z' (Ω);-Z'' (Ω);Z (Ω);-Phase (°);Time (s)
10000;93.5824718494689;45.5542697869161;104.081076729998;25.955988706741;46069.7030116852
7943.3;93.9662349102973;55.9995394979054;109.387392907934;30.7929909603906;46070.9400346821
6309.6;94.3905927839282;68.67981238069;116.73260313532;36.040118912639;46072.2720576787
5011.9;94.5750902156166;86.1559577220517;127.934736253669;42.3328750731817;46073.6140816753
3981.1;95.4490437003426;106.026818647332;142.661158749619;48.0053522197746;46074.931109672
3162.3;95.8715479726753;134.199893708005;164.927151136242;54.4582285424545;46076.2531336686
2511.9;96.8358476453855;167.309811678827;193.312582294078;59.9385293769468;46077.6151556652
1995.3;99.4202161492025;211.795639636297;233.969597059324;64.8538984090652;46079.0071836617
1584.9;100.903268880445;262.751100519642;281.459784862851;68.9919095222607;46080.2992066584
1258.9;100.878768553501;332.28646864113;347.261894233824;73.1122473049478;46081.646233655
1000;105.717845272293;415.486084389454;428.724794163222;75.7243760252232;46085.6393076449
794.33;110.657958038463;521.179927567181;532.797992278663;78.0128597468208;46087.0163296415
630.96;117.980968823262;654.138707067339;664.693130014299;79.776004976542;46088.3583566381
501.19;128.555085443632;819.846550054717;829.864311577526;81.0883671589294;46089.7603816345
398.11;144.269076422438;1028.7512960841;1038.81798001696;82.0170675541259;46092.7014396271
316.23;167.082109727904;1287.91435075124;1298.70697474916;82.6082582411228;46093.9584596239
251.19;200.633621921587;1611.08247090475;1623.52720282167;82.9013065303876;46095.3204836205
199.53;249.026441365702;2010.57681338057;2025.94010054661;82.9394060743733;46096.702509617
158.49;318.161308412835;2506.0404830616;2526.15627404849;82.7645642223276;46098.1295366134
125.89;416.218102683031;3113.37503471956;3141.07332226042;82.3854418504949;46099.5765656098
100;550.157610147616;3852.02350391955;3891.11275482374;81.8718139373037;46100.9885896062
79.433;731.128481684066;4747.7752128077;4803.74003543914;81.2455677066344;46102.4406196025
63.096;964.752769140224;5830.00377358711;5909.28861248151;80.6038080714777;46103.9526445987
50.119;1250.6609103176;7127.06219892665;7235.96353639;80.0470404422777;46105.7146785943
39.811;1595.34403715839;8686.04971730683;8831.34091112006;79.592625923293;46107.3067085902
31.623;1986.96241515818;10585.7962006613;10770.6592575007;79.3692308730716;46108.968738586
25.119;2408.23818720648;12880.7667324678;13103.9598130706;79.4100215190454;46110.6757675817
19.953;2868.65803644007;15702.0825451583;15961.973411361;79.6466505044808;46112.5878055769
15.849;3371.43171738389;19178.5361294948;19472.6166679087;80.0297349429817;46114.5648425719
12.589;3874.9792751128;23527.2811516759;23844.2534538734;80.6472633628978;46116.6168805667
10;4439.90574490038;28938.1762429939;29276.7963973891;81.2772838626385;46118.9439235609
7.9433;5035.54798808354;35672.9395922122;36026.5924379466;81.9652840947153;46121.2859675549
6.3096;5682.89766567257;44107.7115518661;44472.3008649331;82.6583792748328;46123.623009549
5.0119;6418.79572040113;54682.1561337704;55057.5983669673;83.3050450243961;46126.1150555428
3.9811;7217.50771386646;67945.8463382325;68328.1088002473;83.9365271612007;46128.5621005366
3.1623;8116.44736456905;84535.678125627;84924.4228357275;84.5157230228036;46131.15915053
2.5119;9290.95832658446;105264.317961141;105673.547032597;84.9559662981946;46133.7661975234
1.9953;10335.1041993578;131417.655861976;131823.422240011;85.5033319179266;46136.4782485166
1.5849;12018.4525362939;164061.688080269;164501.309104562;85.8102419464531;46140.7173265059
1.2589;13851.7522813955;205114.66756443;205581.852047626;86.1365817513008;46143.4993774989
1;16144.4154892443;256176.444656971;256684.656628665;86.3939495160753;46148.583471486
0.79433;19125.5897609528;320520.09548661;321090.205073979;86.5851820651341;46151.745530478
0.63096;22985.5846664293;401023.460124623;401681.655882843;86.719549482563;46155.342595469
0.50119;28246.0243687939;501804.44244535;502598.782679118;86.778282843905;46159.1796664593
0.39811;35150.8832494257;628303.630609011;629286.13271681;86.7978858019725;46163.4067474486
0.31623;44533.0407412845;787038.462767605;788297.363685341;86.7614829931142;46168.2588364364
0.25119;57515.8504949474;985945.976675333;987622.165597975;86.6613942128078;46173.7409384225
0.19953;75797.5327433917;1234518.52622755;1236843.26313767;86.486538093075;46179.9630534068
0.15849;101877.435340873;1545768.56121684;1549122.15679656;86.2292432178825;46187.2951893883
0.12589;138907.162991802;1934727.90700792;1939708.03836188;85.8933961525202;46195.8773483666
0.1;191160.874080244;2422126.62135948;2429658.38127038;85.4874138031082;46206.0945373408
