Frequency (Hz);Z' (Ω);-Z'' (Ω);Z (Ω);-Phase (°);Time (s)
10000;93.8401267450584;45.9918122580512;104.504622779609;26.1098512624146;51467.2219520578
7943.3;93.9785772958545;55.5178785607716;109.152223204301;30.5724856144996;51468.4889740546
6309.6;93.9358645136479;68.7576925716477;116.411197613046;36.2027931886852;51469.896001051
5011.9;95.020561890665;86.154554581611;128.263457216674;42.1984017803458;51471.2630230476
3981.1;95.3552580513999;107.519045115616;143.711413258039;48.4311902404797;51472.6250500441
3162.3;95.3053099180843;134.429454217283;164.785861832072;54.6648265162925;51473.9820740407
2511.9;95.8106260665441;168.070412470217;193.461468037364;60.314160517031;51475.3291010373
1995.3;99.3725702881531;209.685997142518;232.041214277391;64.6431966260898;51476.6911240338
1584.9;97.3214167401983;264.888724358057;282.201159544673;69.8264202879218;51478.0531480304
1258.9;101.80666901614;333.060208202424;348.272451026498;73.003155231641;51479.4451750269
1000;105.51159595339;415.610729498735;428.794793992537;75.7551910972376;51483.5132520166
794.33;110.511778405876;521.676514185554;533.253446889207;78.0393052687533;51484.9152790131
630.96;117.730454503981;654.356597168719;664.863155977182;79.8005835754171;51486.2823030096
501.19;128.301309286426;820.385394149016;830.357405517436;81.1114264121811;51487.6643290061
398.11;143.907491166426;1029.82459761483;1039.83078809312;82.0450114738592;51490.6153829987
316.23;166.779657548858;1289.14918978233;1299.89272160765;82.6284810914144;51491.9024049954
251.19;199.770830110935;1612.25533390097;1624.5847611791;82.9366139634493;51493.3194339919
199.53;247.278861565118;2012.42460803445;2027.56002091173;82.9948338738709;51494.6964589884
158.49;316.846072474152;2506.73083249432;2526.67585974536;82.7961231236748;51496.1034829848
125.89;415.318146739474;3114.51290153724;3142.08207672127;82.4044572211368;51497.5605119812
100;548.32242882009;3854.24232375796;3893.05039476685;81.9031688882442;51498.9925359775
79.433;728.920917032896;4753.95490237995;4809.51275257177;81.2827648209158;51500.4945659737
63.096;960.762473433235;5835.66197090233;5914.22143388234;80.6508957857189;51502.0315929699
50.119;1252.50252110763;7138.43605287992;7247.48451853723;80.0482417599239;51503.8536289653
39.811;1590.91350769232;8699.61701955037;8843.88727177187;79.6367353946831;51505.4956599611
31.623;1977.04985786114;10599.1940673698;10782.0054265538;79.434136577392;51507.2276909568
25.119;2405.18168516577;12900.2828422314;13122.583447943;79.4387995658293;51508.9447209524
19.953;2867.21662085909;15736.5325697229;15995.6052861054;79.6739065933889;51510.8817589475
15.849;3375.01915447215;19234.2421703411;19528.1034962533;80.0476662495714;51512.8587929425
12.589;3872.20581124233;23574.3484686508;23890.246620033;80.6721710680476;51514.8958309374
10;4435.33655392409;28989.5216331261;29326.8575688576;81.3013202129777;51517.2528749314
7.9433;5020.28541669887;35730.3379679117;36081.3014865915;82.0020224128322;51519.6649209254
6.3096;5703.19402748262;44272.2085044545;44638.0428331822;82.6595220198117;51522.0619659193
5.0119;6408.69464736961;54815.4518741202;55188.8134611282;83.3315935559743;51524.5290089131
3.9811;7215.10496884271;68044.9832111005;68426.4384570055;83.9472962341984;51526.9710559069
3.1623;8103.55336466351;84766.525896174;85152.9887299365;84.5392041813387;51529.5681029003
2.5119;9340.25891316386;105456.838812725;105869.661796655;84.9385491383208;51532.1401518939
1.9953;10408.2332203175;131816.742392861;132227.020286455;85.4852995288116;51534.8272018871
1.5849;11893.4227033818;164570.150666233;164999.357556046;85.8664420186477;51540.4483068729
1.2589;13867.7452478157;205862.768964384;206329.333842625;86.1461479713523;51543.3203598656
1;16175.8329378143;256868.268427868;257377.086968446;86.3966559790951;51548.4594568527
0.79433;19225.2106313455;321399.481277674;321973.966788275;86.5768069904633;51551.6415138446
0.63096;23157.7303809073;402236.236053478;402902.308346408;86.7049782507641;51555.2535798355
0.50119;28448.1073605372;503290.690352264;504094.052541443;86.764843971556;51559.1106518258
0.39811;35441.287050267;630358.771017634;631354.31021467;86.7819905039298;51563.3527298151
0.31623;44863.532092807;789206.825866584;790480.961507771;86.7464453414261;51568.129818803
0.25119;58155.8548616085;988102.658846601;989812.592299374;86.6316804290817;51573.671920789
0.19953;76587.0861099699;1237823.26745014;1240190.31733027;86.4594864049051;51579.9790377731
0.15849;102618.328313919;1549466.14050893;1552860.53523476;86.2109379461955;51587.3311747545
0.12589;140323.630740222;1940192.1531307;1945259.96011177;85.8633081582578;51595.9233307328
0.1;193620.346159006;2427819.15193387;2435527.59642416;85.4402703981304;51606.1705207069
