Frequency (Hz);Z' (Ω);-Z'' (Ω);Z (Ω);-Phase (°);Time (s)
10000;92.4707707128037;45.8327919703963;103.206047574847;26.3651432589227;62655.9771198089
7943.3;92.2549152010057;55.4074474831929;107.614843842973;30.9886373392826;62657.3041398055
6309.6;92.6604616362385;69.6059521793561;115.89197439614;36.9136435904447;62658.7211678019
5011.9;93.2287380751834;85.8523924746363;126.736856899286;42.641322133295;62660.1181927984
3981.1;93.7486785812099;107.102230659099;142.33658190317;48.803706175396;62661.4952167949
3162.3;93.918810148048;134.180864949566;163.784148861356;55.0102138437377;62662.8822427914
2511.9;95.6458717521769;169.414748675293;194.54945348663;60.5523878470605;62664.3192727878
1995.3;96.3743670318582;209.850881633571;230.922954994038;65.3329680484547;62665.7312967842
1584.9;97.8074980606443;263.597448449903;281.158178800088;69.6426920972794;62667.1183217807
1258.9;99.0352426250709;332.026016930159;346.481247977886;73.3914443655487;62668.5003477772
1000;104.020575427812;415.959783894794;428.768961015296;75.959785768023;62672.553423767
794.33;108.888514346152;521.769520280752;533.010450976825;78.2120814506065;62674.0154517633
630.96;116.081846144392;654.644422884946;664.856612675737;79.9448039820201;62675.3924767598
501.19;126.502274563484;820.877177946314;830.567376401722;81.2392824392976;62676.8145027563
398.11;141.829316206712;1030.06985234055;1039.78817825389;82.1602942485297;62679.8255607486
316.23;164.249955937762;1289.54146765924;1299.95970892882;82.7412746666025;62681.1575837453
251.19;197.263676888609;1613.81797871891;1625.8294580478;83.031069626961;62682.5996087416
199.53;244.867621676419;2014.87314632311;2029.69799426404;83.0708216977727;62683.9366337383
158.49;313.165749163879;2510.09294542781;2529.55319792564;82.8883761904232;62685.618666734
125.89;409.21613005527;3117.53054008892;3144.27328797682;82.5219425442947;62687.1506937302
100;541.180552620921;3863.16705369054;3900.88913906242;82.0254851961073;62688.6477207264
79.433;719.57322848791;4763.39139995597;4817.43534054491;81.4096663488252;62690.1747487225
63.096;949.659967393;5848.69307821653;5925.29026941692;80.7772975017328;62691.7217787186
50.119;1234.42064098424;7154.56848026067;7260.2785385705;80.2107931961286;62693.5788147139
39.811;1575.08295901893;8727.45043433943;8868.4427839189;79.7696903347954;62695.2408437097
31.623;1956.87061812833;10637.9322903257;10816.4202040069;79.5768427894458;62696.9878767053
25.119;2380.97679191244;12952.8797456169;13169.8953749846;79.5842595669771;62698.6799097011
19.953;2835.35000098982;15805.6490011043;16057.9497437943;79.8299725561418;62700.661944696
15.849;3321.88494269918;19329.5984381663;19612.9624318534;80.248697301677;62702.6989806909
12.589;3830.45649211078;23699.0462713641;24006.6072386376;80.8187333080674;62704.7660196857
10;4392.14067785367;29164.6862753258;29493.5556566555;81.4357336826278;62707.1530646797
7.9433;4984.07925583387;35986.144882763;36329.6527584787;82.1147012923978;62709.5851106735
6.3096;5633.26204077739;44508.8609537857;44863.9314441288;82.7867147998665;62712.0921566672
5.0119;6339.92045483635;55180.0481318152;55543.0671029526;83.4457321594362;62714.6542016607
3.9811;7146.77941352234;68575.5883748145;68946.9925155372;84.050253183348;62717.1662506544
3.1623;8017.54836024163;85363.1827508607;85738.8712957295;84.6343611833473;62719.8633006476
2.5119;9276.67370499011;106336.357103728;106740.233825491;85.0141983203359;62722.4903486409
1.9953;10372.2895885663;132701.208632126;133105.954651683;85.5306919257643;62725.2973996338
1.5849;11899.4186250965;165811.695535723;166238.126012195;85.8952254270453;62729.5064816232
1.2589;13855.4623546906;207286.105824986;207748.65464101;86.1759116358943;62732.363530616
1;16251.9472309055;258872.433842687;259382.078780383;86.4076996550708;62737.4726256031
0.79433;19387.2804855509;323782.103927848;324362.016069343;86.5733601490643;62740.7096855949
0.63096;23441.1177768577;405404.638405343;406081.773591472;86.6907548637188;62744.3067515859
0.50119;28856.8868050286;507195.159251643;508015.402802295;86.7436651727971;62748.2938245758
0.39811;36118.5429316635;635113.359842812;636139.551509205;86.7451268175436;62752.5909065649
0.31623;45950.5471705371;794969.825250953;796296.726004071;86.6918917623593;62757.4829955526
0.25119;59589.5646984867;995652.865773912;997434.481730383;86.5749481219115;62763.0551005385
0.19953;78869.4874199888;1246234.78178383;1248727.96371895;86.3787960758964;62769.4122165225
0.15849;106103.382392719;1559808.96885831;1563413.55600045;86.1085456920345;62776.7993555038
0.12589;144542.491235954;1953364.58872817;1958705.12029501;85.7680154736668;62785.436512482
0.1;201519.829872482;2439261.69662759;2447571.83070617;85.2772291113656;62795.7687044559
