Frequency (Hz);Z' (Ω);-Z'' (Ω);Z (Ω);-Phase (°);Time (s)
10000;99.3129162265901;45.2392631673867;109.131325756438;24.490330312792;895.950590737942
7943.3;99.853529748408;55.894886806226;114.433237192247;29.2387393823974;897.03261073521
6309.6;99.9105970680572;68.3049009158074;121.027628645752;34.3588630212659;898.219632732213
5011.9;101.015520177139;85.9711685478904;132.64681352429;40.4000731061897;899.391654729254
3981.1;102.027106967638;106.667848687529;147.60609912809;46.2738741084238;900.558676726308
3162.3;101.256954789858;132.665403183714;166.892420724288;52.6472927454388;901.725695723361
2511.9;103.869137645506;166.146080197181;195.942128497445;57.987714070073;902.897716720402
1995.3;102.273941930402;209.217495602186;232.877477794728;63.9487519398779;904.064740717456
1584.9;107.052138945312;261.814001595637;282.854612626852;67.7610232714476;905.206759714573
1258.9;107.549336509911;329.356039967949;346.471154422834;71.9158460903025;906.348781711689
1000;112.649144445;413.185487533048;428.266362036657;74.7497610568341;910.156854702075
794.33;118.3778764741;518.139043865738;531.489783924977;77.130663417954;911.348875699065
630.96;126.770431019763;649.615313667864;661.86916980075;78.9576814030575;912.520895696106
501.19;138.906122241997;813.768977640084;825.539132788808;80.3132689195714;913.707919693109
398.11;156.842091739886;1020.11071168728;1032.09752729113;81.2592158133481;916.423969686252
316.23;182.944059053685;1275.92305370721;1288.97174822592;81.8404441271501;917.515989683495
251.19;221.141211260547;1593.81726653968;1609.08573868449;82.1006775497008;918.723011680447
199.53;276.034126882809;1986.48347361801;2005.57010103398;82.0890555997698;919.900034677476
158.49;354.869206808671;2470.44516075303;2495.80276589098;81.8256164769128;921.112056674416
125.89;464.655415251987;3061.02772649296;3096.09357049842;81.3685553659418;922.369077671242
100;615.588958819508;3776.81126581688;3826.65037648095;80.7426673120893;923.601099668131
79.433;817.380903066399;4641.22705447321;4712.65319240359;80.0118851553225;924.908124664831
63.096;1073.30205842333;5672.29684315043;5772.94801513318;79.2852696926254;926.235149661481
50.119;1390.95821850532;6904.86122967365;7043.56964661227;78.6104142470585;927.837181657436
39.811;1763.34945130661;8371.57754568794;8555.27392260995;78.105364711119;929.239206653897
31.623;2189.20525135999;10153.4638860183;10386.7920224322;77.8326266519228;931.458249648294
25.119;2643.58479608204;12292.9082227196;12573.9466018543;77.8634044389843;932.895274644666
19.953;3137.14456398108;14917.3174887488;15243.6228330225;78.1236388819313;934.647307640242
15.849;3668.46963646804;18161.9375896825;18528.724901763;78.5806586082035;936.45433963568
12.589;4222.24230664429;22146.6429697085;22545.534478556;79.2061304294365;938.27637463108
10;4812.10249625499;27145.5321349599;27568.7548743973;79.9475779938104;940.438412625621
7.9433;5416.29235470922;33354.9931192631;33791.8893946131;80.7766307828468;942.610454620137
6.3096;6107.66328239545;41154.5632622493;41605.3076911781;81.5584671447494;944.887496614388
5.0119;6835.1614178131;50887.1654272901;51344.1626363889;82.3498223697002;947.194539608564
3.9811;7621.36046592249;63110.6440742655;63569.163364167;83.1141972446269;949.466582602827
3.1623;8483.88084173178;78373.9391386025;78831.7865472936;83.8218600030014;951.868623596763
2.5119;9658.3931923391;97553.8532489959;98030.8055806156;84.3458142456479;954.325669590559
1.9953;10624.4195563486;121540.708153641;122004.188573171;85.0042173228089;956.872715584129
1.5849;11806.7779600881;151805.144551464;152263.593541233;85.5527235106032;959.509767577471
1.2589;13454.4377825277;189865.534958008;190341.648781696;85.9466259640348;965.2808765629
1;15347.6756604247;236953.068185823;237449.589746651;86.2940745256108;970.129965550657
0.79433;17724.3666839439;296590.667271856;297119.802583253;86.5800506271566;973.122019543103
0.63096;20767.4742368705;371033.997313218;371614.740219497;86.7963895973129;976.464078534665
0.50119;24709.4966331562;464746.899362345;465403.308637549;86.9565840720639;980.186149525268
0.39811;29759.8415871035;582068.01102142;582828.29171697;87.073142887866;984.253225514999
0.31623;36920.1816549825;729391.059997837;730324.871696291;87.1022859556026;988.910309503241
0.25119;46181.3146824842;914456.049623504;915621.417682454;87.1089387840827;994.217409489842
0.19953;59614.4443595432;1145950.32568191;1147499.90453454;87.0220525745092;1000.35452347435
0.15849;77881.1602549254;1436675.92152576;1438785.31359426;86.8970744144158;1007.51165445628
0.12589;104452.270258576;1800887.84759758;1803914.442646;86.6805390723921;1015.88880943513
0.1;144380.377136077;2257459.48257496;2262071.83987812;86.3405170629019;1025.98099740965
