Frequency (Hz);Z' (Ω);-Z'' (Ω);Z (Ω);-Phase (°);Time (s)
10000;90.3053991109161;45.6906403729062;101.206223752633;26.8374445515714;81757.4957975822
7943.3;91.1605312487669;56.211208493911;107.0978170548;31.6587236141226;81758.8828215787
6309.6;91.2127410365333;69.22719486256;114.508378016355;37.1971926391907;81760.339847575
5011.9;92.0911793603563;85.3567133881845;125.564938722615;42.8265654397722;81761.8068735713
3981.1;92.9623779536224;107.63210084295;142.220507827314;49.1826654370614;81763.2688995676
3162.3;92.8844533077944;134.120284547627;163.143410511808;55.2956212098829;81764.7609285638
2511.9;93.8507792348156;167.579110302698;192.069588880764;60.7494877411683;81766.7379655588
1995.3;95.1049514702404;209.263750088671;229.861412366953;65.5594342550836;81768.2049905551
1584.9;96.3295913291982;261.919661179617;279.072211225152;69.8073372877979;81769.6270175515
1258.9;100.119870207607;331.430734610115;346.222934327853;73.1912815810022;81771.0640445479
1000;102.358572985271;416.29519531475;428.69449157381;76.1861554459984;81775.2021245375
794.33;107.143884992818;522.256773895333;533.134082544827;78.4063201355738;81776.7241505336
630.96;114.208040184429;655.280633846184;665.158767165122;80.1133001551716;81778.1861755299
501.19;124.633448171399;822.15474078869;831.547902531424;81.3799544778807;81779.6782055262
398.11;139.514221487987;1031.10498890444;1040.50070453654;82.294359886194;81782.7942625183
316.23;161.590873346564;1291.21699529104;1301.28895302978;82.8667372071787;81784.2812885145
251.19;194.02965439075;1615.67690356841;1627.28588868317;83.1520378220528;81785.7733155108
199.53;240.849404847137;2018.17655761035;2032.49724563237;83.1945018952619;81787.260346507
158.49;308.544565138305;2514.39017960331;2533.25042661833;83.0041245154635;81788.8023755031
125.89;402.606260995379;3125.57946629706;3151.40267207009;82.6601402237235;81790.3894044991
100;534.749337682838;3871.04765359148;3907.80843831019;82.1348968363761;81791.9364334952
79.433;711.033323514578;4775.69891642955;4828.34014207104;81.5316838098437;81793.5034594913
63.096;940.868127196538;5868.85106234665;5943.79050983308;80.8920951584223;81795.1304914871
50.119;1221.51630014771;7176.5613311927;7279.77572538446;80.3403090739162;81797.0375244823
39.811;1556.71861881901;8759.69263061146;8896.94261198568;79.922953156392;81798.7745574779
31.623;1936.86220254177;10679.7261821313;10853.9387559049;79.7206346031875;81800.5765924734
25.119;2356.44441317853;13017.6882266619;13229.2492999026;79.7395033745373;81802.323622469
19.953;2806.35345848597;15883.2770106787;16129.293485206;79.9800484890131;81804.3756624638
15.849;3270.17928872432;19432.1775450005;19705.4204908402;80.4473827230204;81806.5027004584
12.589;3813.86618663552;23836.2795253332;24139.4655470949;80.9095790280116;81808.6197394531
10;4346.25549012806;29344.0248423051;29664.1489129772;81.5749558407084;81811.0817844469
7.9433;4937.91045036262;36226.8278389189;36561.8108808422;82.2381126004378;81813.5488314406
6.3096;5568.01797538192;44837.8968818394;45182.2954370475;82.9211877108948;81816.1058794342
5.0119;6301.2895537555;55606.0228853575;55961.9158997185;83.5348068569689;81818.6429254278
3.9811;7098.07688381897;69113.9652054121;69477.4991048434;84.1362216219261;81821.2499734212
3.1623;7987.62292594004;86017.4102377068;86387.4816394653;84.6946975731093;81823.9720234143
2.5119;9168.57315054537;107084.508058565;107476.297851023;85.1062716531601;81826.6490724076
1.9953;10329.987383769;133693.14632335;134091.632897752;85.5817402214954;81829.5111264003
1.5849;12028.801565028;167007.354037;167439.984381063;85.8803522223062;81835.2322353859
1.2589;13962.1982993307;208941.577234792;209407.558790776;86.1769816394409;81838.1642883785
1;16351.6838772836;260836.852779278;261348.888142692;86.4128609533546;81843.3433833654
0.79433;19583.7084983619;326395.981982598;326982.96391851;86.5663784566672;81846.695444357
0.63096;23767.6251860836;408356.646536184;409047.736550716;86.6689656851552;81850.3425143478
0.50119;29416.9425385022;511004.044350719;511850.065791835;86.7052932105994;81854.2945863378
0.39811;36884.5505883805;639791.785837156;640854.117016349;86.700500881703;81858.6566653268
0.31623;47022.3772199081;800765.995194448;802145.425106424;86.6393510327043;81863.6087573143
0.25119;61474.2028417381;1002522.82575492;1004405.84116913;86.4910447799546;81869.2158613001
0.19953;81554.6356530691;1254882.13053201;1257529.4509971;86.2815835767124;81875.6579802838
0.15849;109356.094042148;1570409.29524741;1574212.21882681;86.0166152352478;81883.0951182651
0.12589;150428.996128852;1964329.57138689;1970081.10185883;85.6208179003183;81891.8622822429
0.1;208533.932256059;2457216.73226948;2466049.56767849;85.1491648898751;81902.1894732168
