Frequency (Hz);Z' (Ω);-Z'' (Ω);Z (Ω);-Phase (°);Time (s)
10000;92.6853060577245;45.5491263132111;103.272885439068;26.1712778581383;57004.9874850762
7943.3;93.1158689446961;56.5547551174978;108.944964893867;31.2727767298602;57006.289508073
6309.6;93.6601238732572;68.8770186398801;116.259461983411;36.330510740511;57007.7265380693
5011.9;93.8708675848146;86.3433335684008;127.541801119593;42.6081498706134;57009.1285600658
3981.1;94.3180789793582;107.101598681501;142.711781092136;48.6315252927492;57010.5005860623
3162.3;95.0049032451359;133.419048531885;163.788199061383;54.5461302012613;57011.8926150588
2511.9;95.2894550077319;168.116306114447;193.243816504532;60.4551433144342;57013.2846370553
1995.3;95.3775037505595;211.623496179369;232.123614388686;65.7391817531612;57014.6766630518
1584.9;99.8878366787044;264.580977657086;282.808545935816;69.3168638936433;57016.0336900484
1258.9;97.6750914709104;329.008824539076;343.201442477206;73.465066648247;57017.3907130449
1000;104.60333562596;415.791251424524;428.747271227759;75.878771051423;57021.4587920347
794.33;109.49444094035;521.840614934494;533.204144762633;78.1499050408031;57022.8858150311
630.96;116.799456504464;654.882887468625;665.217039272884;79.8875309593124;57024.2778420275
501.19;127.240690075264;820.912250057997;830.714822009402;81.1893153163197;57025.674869024
398.11;142.460513702872;1029.78008919746;1039.58743262509;82.1236532540554;57028.5359210168
316.23;165.038523380644;1290.31977723647;1300.83159622114;82.7111515858584;57029.9129450133
251.19;198.015210510106;1613.31358492984;1625.42017549695;83.0026166702043;57031.3049710098
199.53;245.23106924047;2014.48025012797;2029.35185600636;83.0592969688223;57032.6969980063
158.49;313.660795990403;2509.54190719811;2529.06774897883;82.8757017150896;57034.1340230027
125.89;410.074787494375;3118.91427075111;3145.75707257148;82.5097163148197;57035.6360509989
100;542.794585183401;3861.97207870974;3899.93003763376;81.9995663722125;57037.1130809951
79.433;721.574128721051;4759.47722066806;4813.86462598376;81.3791596106298;57038.6401069913
63.096;950.982278492974;5845.91455960348;5922.75985771766;80.76036310221;57040.1821359874
50.119;1240.33942955339;7150.27233196094;7257.05424547116;80.1589766342909;57041.9691699829
39.811;1578.13238390157;8723.95089059333;8865.54121092463;79.7462791359794;57043.5761979788
31.623;1961.18406849544;10630.6837565281;10810.0730840189;79.5474072025717;57045.3382329744
25.119;2393.91485182903;12957.8285649167;13177.1070207226;79.5328204353211;57046.9852659702
19.953;2842.28395249791;15792.2112180395;16045.9500566903;79.7971299887264;57048.9572979652
15.849;3324.25078376429;19312.411524958;19596.4252398923;80.2333689364867;57050.9843359601
12.589;3851.62699855325;23681.5556877687;23992.7303641931;80.7621603339047;57053.0413729549
10;4400.48664027266;29128.3140350406;29458.8350278004;81.4091474557591;57055.403418949
7.9433;4989.33026291649;35931.4022092228;36276.1503083416;82.0946242776339;57057.8154639429
6.3096;5636.55969804958;44419.6697396183;44775.8625266609;82.7681979037123;57060.2225089368
5.0119;6371.705411121;55110.3251083971;55477.4419327291;83.4049006311861;57062.7195529305
3.9811;7180.85377649366;68518.5823890377;68893.8371232343;84.0171535244975;57065.2566019241
3.1623;8089.32671675662;85235.9261853383;85618.9250072837;84.5785745412126;57067.8836489174
2.5119;9242.52948326998;106099.899426131;106501.704256243;85.0214420900186;57070.5606979107
1.9953;10373.6953838174;132541.738729395;132947.079927794;85.5247324208074;57073.3527519036
1.5849;12080.0864132148;165384.123343757;165824.716921012;85.8223862370789;57077.7068328926
1.2589;13932.6963160406;206846.300382434;207315.006713299;86.1465074249778;57080.5938848854
1;16249.7958507415;258156.274814327;258667.195622486;86.3982359488376;57085.6529798726
0.79433;19344.4902065336;323100.677650796;323679.250493068;86.5737114486363;57088.8500368645
0.63096;23335.0153164707;404285.224249469;404958.103371525;86.6965992450153;57092.4771068554
0.50119;28621.6969116004;505912.919764652;506721.899979559;86.761979907909;57096.3441778456
0.39811;35841.950493439;633391.277970778;634404.56841406;86.7612362083253;57100.6112558348
0.31623;45467.0995200329;793072.29017;794374.543004906;86.7188055019881;57105.5033458225
0.25119;59187.832290364;993355.095667655;995116.850214149;86.5901334363045;57111.0104518086
0.19953;77881.0246294256;1243816.89845069;1246252.75561132;86.4171284712116;57117.3025647927
0.15849;104752.439754873;1557844.64841358;1561362.55310079;86.1531136052319;57124.6647007741
0.12589;142428.894550688;1948213.54509601;1953412.91264762;85.8186912287301;57133.3518627522
0.1;200255.539842228;2437395.19862384;2445607.82537022;85.3031480151894;57143.6640517261
