Frequency (Hz);Z' (Ω);-Z'' (Ω);Z (Ω);-Phase (°);Time (s)
10000;95.96479319176;45.3793000466698;106.153296722537;25.3082712291631;30039.3502001579
7943.3;95.6582062343416;56.0881821340232;110.889028289868;30.3847789998933;30040.5772231548
6309.6;96.274837841289;69.3438221819205;118.648262002291;35.7640525571736;30041.8842461515
5011.9;95.6317433791018;85.8277470593521;128.498375503391;41.9073979633057;30043.1912701482
3981.1;97.9656441646079;106.168935028031;144.461448842149;47.301232766665;30044.5532941448
3162.3;97.6267121140737;133.587704568324;165.458906469365;53.8404367553064;30045.8603181415
2511.9;98.4510714431118;168.415648260225;195.080609100978;59.6906396215461;30047.1523421382
1995.3;99.6205515496703;210.055847564227;232.481640967596;64.627004559256;30048.439367135
1584.9;100.906764102698;261.967095083281;280.729289437441;68.9338791140015;30049.6963921318
1258.9;103.717770529746;327.423523859709;343.458206919518;72.4233888960911;30050.9584121286
1000;107.554123586368;414.924388879081;428.637536838656;75.4679860390709;30054.9064871187
794.33;112.655684426488;520.576932630088;532.627117240713;77.7891737129476;30056.2185121153
630.96;120.140733305097;653.327097131908;664.281635788536;79.5802526682933;30057.5155351121
501.19;131.094265539036;818.894949633393;829.321798213634;80.9048744513934;30058.8375581087
398.11;146.914442065594;1027.11369367197;1037.56753660469;81.8598437350452;30061.7086151015
316.23;170.515103563997;1285.81259578043;1297.06955557944;82.4459274628851;30062.9506380983
251.19;204.409823273475;1608.36134689151;1621.29873805704;82.7569967670676;30064.3026590949
199.53;253.56996093221;2006.8288461043;2022.78514495324;82.7986364943191;30065.6046830916
158.49;325.052076554414;2499.80273231141;2520.84758621856;82.5913361007249;30066.9267090883
125.89;424.183340020835;3103.93364114893;3132.78399424654;82.2181684373483;30068.3187350848
100;562.14538893766;3839.80953636817;3880.740227571;81.6711059582474;30069.6957610813
79.433;746.280250324968;4730.21441704772;4788.72244374961;81.0344136789775;30071.1077850778
63.096;982.999512673144;5805.3959275141;5888.03107304241;80.3895390902436;30072.5698120741
50.119;1278.46662173956;7089.0658147646;7203.42495129686;79.776966473181;30074.2918450697
39.811;1623.8954788536;8632.66248447972;8784.07070196869;79.3465508042232;30075.8088720659
31.623;2019.10342690849;10511.8951897017;10704.0515286422;79.127166525309;30077.4309060618
25.119;2456.59128273237;12789.3605912183;13023.15572596;79.1270069319661;30078.9779310579
19.953;2919.13278107336;15572.8126129789;15844.0471115335;79.3830800524312;30080.8399670532
15.849;3420.39492669471;19019.8012588795;19324.9046926972;79.8052742099561;30082.7720040483
12.589;3949.77379540773;23311.6282820435;23643.872910229;80.3834967756177;30084.7290370434
10;4524.05744245921;28633.7546366199;28988.9461749271;81.0216370105706;30087.0960820374
7.9433;5117.35263566584;35311.7306540859;35680.6056532742;81.7541392380716;30089.4031250316
6.3096;5789.8443211814;43573.6922333226;43956.6713037718;82.4311730101542;30091.7201700257
5.0119;6516.41080143406;54006.1001977552;54397.8167604456;83.1199147581606;30094.1872150195
3.9811;7293.25130087164;67059.1584245961;67454.5939366086;83.7929950956527;30096.5942570134
3.1623;8241.63676595855;83429.6474282501;83835.736094962;84.3583136875552;30099.126307007
2.5119;9391.66771044505;103918.053615567;104341.579869347;84.8358826176986;30101.7183540005
1.9953;10562.0009644539;129707.739114457;130137.05640807;85.3447201034121;30104.3854029937
1.5849;12170.0206693743;161980.950727187;162437.488904428;85.7033021310667;30109.83150698
1.2589;13949.7422406402;202399.187018103;202879.339051983;86.0572994226912;30112.6485539729
1;16120.1049910529;252654.702829436;253168.435328643;86.3493109877424;30117.6126499603
0.79433;19071.9649274949;316200.040085887;316774.691534081;86.5483216391963;30120.7347069525
0.63096;22834.7538421081;395531.950571834;396190.547472034;86.6958816386543;30124.2267719436
0.50119;27804.033930708;495321.478284235;496101.230750842;86.7871699219196;30128.063839934
0.39811;34419.6363021571;619884.928889942;620839.78321952;86.8218667665935;30132.2609179234
0.31623;43197.5524168515;776342.107729237;777542.987087068;86.8152083403685;30137.0530069113
0.25119;55709.4559737202;972733.632299925;974327.595263674;86.7221923305729;30142.5051098975
0.19953;73161.8036425691;1217927.64015038;1220123.10286893;86.5623316041322;30148.6872228819
0.15849;97236.2705137008;1525118.90259149;1528215.48197408;86.3519582321122;30155.8943548637
0.12589;132930.703981164;1910239.11473121;1914858.753932;86.0192891028323;30164.486514842
0.1;183646.324998105;2390508.80745807;2397552.57110661;85.6069885854804;30174.7037058162
