Frequency (Hz);Z' (Ω);-Z'' (Ω);Z (Ω);-Phase (°);Time (s)
10000;92.7307430452183;45.6876635142163;103.374819482824;26.2290831352054;57624.3369535125
7943.3;92.8321793629328;56.0707945992178;108.451590731807;31.1320477583483;57625.6739785092
6309.6;93.0995701637619;69.6378524694857;116.262463681272;36.7962415721471;57627.0710035056
5011.9;94.0413261703971;86.2009187289267;127.571036750502;42.509245182639;57628.4730275021
3981.1;94.1705039771605;105.955775952261;141.755812145246;48.3702090240408;57629.8700564986
3162.3;94.7360795756277;133.904142690828;164.028181124846;54.7209073102748;57631.272083495
2511.9;95.6793055097234;166.093131837508;191.680614425181;60.0555549551744;57632.6541054915
1995.3;96.1451082582144;212.435025058007;233.179162262369;65.649160527636;57634.036132488
1584.9;97.0286593004625;263.90540867755;281.177213612537;69.8133149232153;57635.4081564846
1258.9;101.716590958106;331.284312851673;346.548064224494;72.9315686509697;57636.7701814811
1000;104.544926980037;415.606769425437;428.554113910378;75.8803265670757;57640.8832594708
794.33;109.486813053637;521.679282468821;533.044684796524;78.1471464112361;57642.2902834672
630.96;116.669087775075;654.302797283198;664.623071052221;79.8898146634003;57643.6523094638
501.19;127.237369206086;820.817954772447;830.621130840835;81.1885453996948;57645.0743384602
398.11;142.42861259561;1029.54837527976;1039.35353308059;82.1236448249298;57648.0603944526
316.23;165.220243173914;1289.4008703848;1299.94320387605;82.6980684272001;57649.3574154494
251.19;198.115834030886;1613.19873428204;1625.31844263914;82.9986026757668;57650.8044414457
199.53;245.111966172661;2012.48829923686;2027.36011367647;83.0558354938186;57652.2064684422
158.49;313.681511217356;2509.70570617348;2529.232852483;82.8756962653976;57653.6284964386
125.89;410.879400093016;3116.70311295838;3143.66985794394;82.4899233359114;57655.1305234348
100;543.363343361017;3860.46820144895;3898.52003423183;81.9882126071695;57656.4775484314
79.433;722.812007336168;4759.18147285061;4813.75793839634;81.3640645665657;57658.0095774275
63.096;952.098007519962;5842.99317260573;5920.05572871073;80.7451651270122;57659.5516034236
50.119;1244.49468326784;7153.99243203492;7261.43062586808;80.131689240966;57661.378637419
39.811;1578.44138368432;8718.62971712228;8860.36011378855;79.738187740251;57663.0156674149
31.623;1967.05376884202;10623.002061656;10803.586132922;79.5094034194276;57664.7577014105
25.119;2391.10814379321;12940.4086669228;13159.4671101183;79.531058343281;57666.4097324063
19.953;2849.24180246726;15777.4866139737;16032.6935573236;79.7633370446763;57668.4017664013
15.849;3338.77162496029;19293.9162078591;19580.6690028591;80.1823140705571;57670.4088073962
12.589;3854.79688020662;23651.1789020948;23963.2577594647;80.7430199071242;57672.5958473907
10;4414.81605037327;29096.8761846491;29429.8964399033;81.3724205062974;57675.0178923846
7.9433;4999.07959748015;35895.1916993514;36241.6277773933;82.0714841065687;57677.4299363785
6.3096;5684.32787266589;44381.6901005396;44744.2286730288;82.7013942980829;57679.9219813722
5.0119;6366.96992985365;55028.8285122764;55395.9409480621;83.4000850361131;57682.4540293658
3.9811;7175.68840312201;68368.5624982595;68744.0967802845;84.0084026100612;57685.0010753594
3.1623;8092.0405994074;85037.9562037505;85422.0996954152;84.5642166979484;57687.6331233527
2.5119;9243.75067354153;105935.071463604;106337.605260385;85.0130793063255;57690.3601733458
1.9953;10401.3856548887;132253.623012149;132662.01273681;85.5031001332093;57693.1572253388
1.5849;12041.3494023344;165209.800582245;165648.03742832;85.8313568358704;57698.8333323245
1.2589;13860.7252059221;206479.702578952;206944.406255223;86.1595674583207;57701.7453843171
1;16290.6484287824;257912.806357994;258426.780558219;86.3858053660136;57706.8844813041
0.79433;19411.9144761872;322612.492548565;323195.981986207;86.5566076247279;57710.1615422958
0.63096;23417.8104135555;403733.769670622;404412.35220628;86.6803866002971;57713.7436082868
0.50119;28725.673112894;505114.373219578;505930.523223097;86.7451154969865;57717.635680277
0.39811;35916.1063884433;632756.443623153;633774.947157685;86.7513004776228;57721.9327582661
0.31623;45594.4372818282;791864.924206846;793176.468952628;86.7046303544972;57726.8348512538
0.25119;59390.5572786666;991771.993395429;993548.652647375;86.5730334138442;57732.3419512398
0.19953;77876.5828297245;1242506.48791169;1244944.63116071;86.4135636746188;57738.6840682238
0.15849;105382.891498483;1554711.03476485;1558278.52306325;86.1222549110631;57746.0762062052
0.12589;143706.957119568;1945280.40499669;1950581.33477911;85.7749677651562;57754.7283651833
0.1;197584.18443129;2436179.95049626;2444179.26125261;85.3632262532852;57765.0705591572
