Frequency (Hz);Z' (Ω);-Z'' (Ω);Z (Ω);-Phase (°);Time (s)
10000;95.5198404258901;45.8131958497844;105.938136801429;25.6232931836358;28939.1668289356
7943.3;95.6413797799236;56.2383640475576;110.950561589174;30.4560769347303;28940.3788499326
6309.6;95.3731488083968;68.9633608502704;117.694446145063;35.8703118473032;28941.6658749293
5011.9;96.424769174669;85.4338011502643;128.82806561216;41.5414276225622;28942.962899926
3981.1;96.4599862409601;106.641196519024;143.794553932391;47.8697641385262;28944.2399199228
3162.3;98.3147129401363;133.78787948506;166.027044416295;53.6895021202879;28945.5819469194
2511.9;98.5795518003728;167.721865454837;194.547043629074;59.5548565284485;28946.9089719161
1995.3;99.385217136395;209.166948943861;231.577705998941;64.5853725627281;28948.1859939129
1584.9;103.496828261087;264.321724203733;283.861880755658;68.6168614075318;28949.4480169097
1258.9;104.114907944652;331.03926525746;347.025804802067;72.5411565127314;28950.7400419064
1000;107.690736850635;415.092384183965;428.83444615721;75.4559493950196;28954.6781158965
794.33;112.773530917724;520.739927414122;532.811356184265;77.7804950730392;28955.9901408932
630.96;120.236470771074;653.443417871322;664.413357227892;79.5739470575938;28957.2771618899
501.19;131.022455076758;818.99238535386;829.406662019269;80.9108367614944;28958.5991888866
398.11;146.768010115927;1027.52346108762;1037.9524612808;81.8710482581106;28961.4502428794
316.23;170.080681837237;1285.87967271773;1297.07901495741;82.4653401200747;28962.6722638763
251.19;203.910801645517;1608.29126336214;1621.16637111516;82.774180331346;28964.0042868729
199.53;253.105616769376;2009.1203611957;2025.00051333607;82.819798816717;28965.3163108696
158.49;323.209576348963;2500.61241565408;2521.41366768069;82.6352274128167;28966.6483378662
125.89;421.941596329602;3106.25604607289;3134.78250194134;82.2645118985347;28968.0253628628
100;559.190516597769;3844.44417116133;3884.89961505175;81.7241270632862;28969.3973868593
79.433;742.402663518574;4738.4148023899;4796.221070208;81.0954360057358;28970.7794138558
63.096;977.365129422247;5808.25718631369;5889.91461216333;80.4482267004448;28972.2164388522
50.119;1271.12937877811;7104.20492499341;7217.02830214026;79.8556230808745;28973.8334678481
39.811;1615.73208869682;8657.49757474157;8806.97759955711;79.4286133993124;28975.3604988442
31.623;2012.60507607061;10548.8900533981;10739.1647976417;79.1984452037257;28976.9775298402
25.119;2435.63686385534;12824.3789194948;13053.621015004;79.2463240348316;28978.5945578361
19.953;2913.08173878111;15632.7665996113;15901.8689711223;79.4443089872558;28980.4865918313
15.849;3406.03241211984;19104.8269986757;19406.0679026365;79.8914414543487;28982.4286298264
12.589;3945.87982523067;23406.6053775554;23736.8730648282;80.4310615265568;28984.3756638215
10;4520.48280820845;28786.9221550895;29139.6920365073;81.0755797423362;28986.6327068158
7.9433;5113.85024683747;35485.671858089;35852.2575518899;81.7995463230309;28988.92474981
6.3096;5855.02748373814;43827.3402244098;44216.7060960165;82.3907371170357;28991.311793804
5.0119;6559.11783961481;54350.9565782184;54745.3058060811;83.1187754948607;28993.7238397979
3.9811;7403.30726636636;67442.5040348694;67847.6256693895;83.7356017755458;28996.1158817918
3.1623;8378.4009955757;83918.4162355582;84335.6282168281;84.2984928141942;28998.5529267857
2.5119;9521.21003770585;104542.357303643;104975.034704375;84.79613519007;29001.1499747791
1.9953;10624.3771118496;130331.949283554;130764.270322843;85.3396772659074;29003.8170237724
1.5849;12322.9995277783;162702.222424686;163168.224539258;85.6687106774252;29009.2531277587
1.2589;14152.3329642943;203432.995577499;203924.672901459;86.02048513859;29012.0451757516
1;16476.480896306;253610.549408409;254145.204939934;86.2828518666327;29017.0092717391
0.79433;19478.0876059112;317276.334434538;317873.667183994;86.4869320552883;29020.1163257313
0.63096;23237.7732736901;396741.721185466;397421.674592524;86.6479277384447;29023.6533927223
0.50119;28256.5048760747;496464.207459419;497267.673749381;86.7424968803946;29027.5004627126
0.39811;34957.0058228307;621675.17745267;622657.223933768;86.7816280577326;29031.7725437018
0.31623;43851.0879030006;777937.868656325;779172.795597884;86.7737445638089;29036.5596316897
0.25119;56263.4707004225;974059.71421265;975683.301582684;86.6941642748286;29041.9317296762
0.19953;73601.8051524541;1219619.82848574;1221838.67664978;86.5464938552211;29048.1938456604
0.15849;97265.251429626;1527346.91070931;1530440.82368086;86.3561826728779;29055.480979642
0.12589;133132.747863744;1912891.57639393;1917518.8425652;86.0187685639577;29064.0581396203
0.1;182676.620867611;2390763.37424278;2397732.31605039;85.6305583331258;29074.2753295945
