Frequency (Hz);Z' (Ω);-Z'' (Ω);Z (Ω);-Phase (°);Time (s)
10000;97.7657075181313;45.5359435018757;107.850153996769;24.9745034490885;7754.14957642265
7943.3;98.0255407579103;56.3110073467898;113.048379861416;29.8753170735708;7755.27659341981
6309.6;98.8993975743831;68.9410038115371;120.556844878747;34.8796643094729;7756.49861641672
5011.9;98.8305819304123;85.1849112507496;130.475871445651;40.7589932650351;7757.72063841364
3981.1;99.8529829313685;106.955281381294;146.321735964429;46.9669033136447;7758.93766241057
3162.3;100.316303413234;132.732444492714;166.376869039862;52.9188025676867;7760.14468340752
2511.9;100.995718569889;167.169892990815;195.309775208536;58.8617201813114;7761.35170840447
1995.3;103.441226380882;209.582041653126;233.71931776957;63.7309153415889;7762.57873040137
1584.9;103.778978894004;261.673288055573;281.501307531772;68.3668454984668;7763.77075039836
1258.9;105.958752180154;330.102816688805;346.69168831897;72.2040388705206;7764.96777439534
1000;110.986369491094;413.907927421564;428.529749953523;74.9896585794314;7768.81084838564
794.33;116.459286552563;519.21105897081;532.111726221028;77.3577708407656;7770.04286638253
630.96;124.390513331005;651.006170751075;662.783550009148;79.1826393904512;7771.25488837947
501.19;136.052353898574;816.199821156768;827.461413636723;80.5363766378557;7772.51691537628
398.11;153.020750768927;1023.03494959716;1034.41570863128;81.4930344107492;7775.30296836925
316.23;178.066494881616;1280.67296024147;1292.99300372936;82.0842675206259;7776.44998536635
251.19;214.329911111904;1600.82065121747;1615.10497125158;82.3741608259624;7777.70700936318
199.53;266.974419549295;1994.40342804587;2012.19292675797;82.3756090473061;7778.91903136012
158.49;341.610696826331;2482.94803159652;2506.33772580536;82.1662730425545;7780.17105635696
125.89;447.761265309682;3081.36132932341;3113.72410347505;81.7320600707645;7781.46307835369
100;592.932748303662;3806.28655453788;3852.19243798473;81.1457853272908;7782.63510035074
79.433;787.793285002624;4682.27923714398;4748.08983850188;80.4494363878721;7783.96712634737
63.096;1035.23886968779;5730.97524336397;5823.72705038305;79.7605552968692;7785.32914934393
50.119;1342.77641858627;6983.81350195186;7111.72971508033;79.1165666545616;7786.9661823398
39.811;1706.78077661138;8488.24096290742;8658.13693953784;78.6308056675553;7788.40820833616
31.623;2117.45207798014;10310.9281086682;10526.1028764052;78.3950811970929;7790.67225333044
25.119;2570.13270078931;12512.2346136953;12773.4723989924;78.3923555065602;7792.14427632673
19.953;3055.8803011308;15207.6123228705;15511.6045906786;78.6380633400831;7793.94631132218
15.849;3572.96945706457;18530.2900967122;18871.6125916528;79.0862918611089;7795.78334331754
12.589;4122.82675814926;22639.2256814883;23011.5675245098;79.6789758952105;7797.65037831283
10;4723.92049573688;27782.9271221418;28181.6689414287;80.3503053504345;7799.83241930732
7.9433;5361.45850496155;34192.2640576166;34610.0586345386;81.0883994136475;7802.03446130176
6.3096;6032.63735908212;42215.7370691543;42644.5913311191;81.867479889661;7804.25650029615
5.0119;6770.93797722273;52218.6120080689;52655.7598097362;82.6119512035563;7806.51854129044
3.9811;7604.03784203963;64795.6379412689;65240.2949695905;83.3067163600258;7808.8305862846
3.1623;8493.65455326732;80481.9721797732;80928.9195134597;83.9755970716087;7811.29763227837
2.5119;9724.86835643829;100093.432786164;100564.747061126;84.4506795193386;7813.81467827201
1.9953;10846.8938000847;124969.369498204;125439.222007668;85.0393637471988;7816.41672526545
1.5849;12237.411399232;155855.072300758;156334.761968119;85.5104672545056;7820.48580325517
1.2589;13680.10335554;194692.442278203;195172.468109797;85.9807066015171;7823.13285024849
1;16075.068512248;243351.440059378;243881.797612381;86.2207027611308;7828.06194523604
0.79433;18710.1940227619;304258.544577796;304833.287731127;86.4810621374361;7831.09899822838
0.63096;22102.8818678079;380685.738138717;381326.852724906;86.6770972535877;7834.56106121964
0.50119;26478.5921353816;476453.606318564;477188.804159776;86.8190972323324;7838.27313021026
0.39811;32273.5204788853;596966.881456802;597838.638497346;86.9054595823756;7842.38520619988
0.31623;40174.6034688204;747752.91559767;748831.370569298;86.9246201855956;7847.10729618796
0.25119;50894.2137724848;937091.427326542;938472.463189205;86.8912727931814;7852.43439517451
0.19953;64756.4207906312;1173447.40894362;1175232.834629;86.8413496169173;7858.6165061589
0.15849;87043.0048687304;1470518.23302829;1473092.1079027;86.6124973020668;7865.82864114069
0.12589;117065.669254931;1844152.91413993;1847864.80610701;86.3677734982275;7874.32079711925
0.1;158217.174147079;2310589.51650231;2316000.12693554;86.0827971725794;7884.45298809367
