Frequency (Hz);Z' (Ω);-Z'' (Ω);Z (Ω);-Phase (°);Time (s)
10000;91.4898774291022;45.714936950351;102.275378915782;26.5500182577429;74367.7559702395
7943.3;92.1166618279387;56.1678965020751;107.890277522076;31.3726425296347;74369.1679932359
6309.6;92.7498751363247;69.2414186528157;115.745036156452;36.7427820051158;74370.6400202322
5011.9;91.7684161001097;86.3976487722816;126.039660055482;43.2733572631384;74372.0670492286
3981.1;93.7830956968863;108.018843749491;143.050129826814;49.0351412312445;74373.504074225
3162.3;93.2341678547152;134.658509407593;163.784993853026;55.3022446538567;74374.9361022213
2511.9;93.7110196211281;168.019337366204;192.385687948479;60.8498661556086;74376.3731282177
1995.3;96.3061041641203;211.860729054369;232.722655138512;65.5547513666485;74377.8101552141
1584.9;97.0785215278192;265.030999223928;282.251075979633;69.8826622676192;74379.2121782105
1258.9;98.3283666971669;332.655099178561;346.883096600037;73.533030369411;74380.6392072069
1000;102.838560373018;415.98928000362;428.512369223486;76.1140668018474;74384.8272861964
794.33;107.71461823198;522.038091253009;533.034902890933;78.3414997890403;74386.3043121926
630.96;114.799664050311;655.156700259875;665.13853050434;80.061260811567;74387.8813411887
501.19;125.198969095835;821.897002526355;831.378051565271;81.3387586628243;74389.4283701847
398.11;140.370825107017;1030.82450519078;1040.3379878881;82.2455378823319;74392.4444271771
316.23;162.685687803705;1290.81611563726;1301.02762361336;82.8167037278699;74393.9714511733
251.19;195.036700920303;1615.25052970874;1626.98297115558;83.1150363654154;74395.5884811692
199.53;241.874538119268;2017.04341002499;2031.49388631019;83.1620058669753;74397.245512165
158.49;309.578248448132;2513.7868478941;2532.77772584914;82.9792525711368;74398.6975391614
125.89;404.880876131383;3121.21383155609;3147.36466049836;82.6089184724498;74400.2645711574
100;537.004144030731;3868.5480130167;3905.64171164248;82.0971120485089;74401.7165971537
79.433;714.75411636337;4770.07951425621;4823.3320452966;81.4781367385492;74403.2686261498
63.096;941.96447938519;5858.43490569829;5933.67985526078;80.8657211889835;74404.8956541457
50.119;1228.1814538204;7170.37827779241;7274.80270042739;80.2803879105298;74406.762688141
39.811;1562.70816096082;8751.33774286784;8889.76766209763;79.8755232667345;74408.4447221367
31.623;1950.23228875201;10656.5628867732;10833.5469048619;79.6291979699093;74410.2067551323
25.119;2370.51005790381;12996.1603301196;13210.5829266084;79.6628434233652;74411.918788128
19.953;2817.13394293606;15845.9558954268;16094.4264232141;79.9191387256288;74413.9308221229
15.849;3321.15769338846;19382.8337055696;19665.3078003402;80.2770557238629;74416.0078601176
12.589;3815.26836919546;23793.5294423451;24097.4753045361;80.8902277053836;74418.1649001122
10;4367.3381488739;29282.9999730467;29606.8865287802;81.5172936350536;74420.631947106
7.9433;4938.7246780772;36139.1708000279;36475.0691234361;82.2182489156671;74423.1039930997
6.3096;5597.00531809738;44699.2386321878;45048.2896770575;82.8628673238395;74425.5710390935
5.0119;6320.53323857107;55421.6907773933;55780.9371474241;83.4938468876715;74428.143085087
3.9811;7095.7444010806;68847.1719161346;69211.8679812592;84.1155785568143;74430.7651330804
3.1623;7984.54877141035;85768.7018795014;86139.5567737483;84.6814376157982;74433.4671830736
2.5119;9222.52918490688;106788.633110261;107186.13346009;85.0640427226469;74436.2042340667
1.9953;10349.6812387026;133420.446082074;133821.266376022;85.5643387398017;74438.9862870596
1.5849;12087.6045929229;166625.565949941;167063.429310346;85.8508308727311;74444.8173970449
1.2589;13822.9399163709;208323.096737095;208781.192405027;86.2037965768907;74447.7844500374
1;16282.5267782144;260031.821932338;260541.108264577;86.4169630902776;74453.0085480242
0.79433;19438.6063627793;325332.543852641;325912.754440445;86.5806447188085;74456.265605016
0.63096;23640.9024547394;407017.489391878;407703.481637993;86.6758092488757;74459.9426760067
0.50119;29186.4058277393;509279.405210612;510115.044726987;86.7200112609933;74463.8897469967
0.39811;36621.8036224172;637439.189815513;638490.310978339;86.7118890548848;74468.2718299857
0.31623;46683.2619720772;798650.030458289;800013.248702407;86.6547126801943;74473.1989179732
0.25119;60586.2247892185;999069.946994516;1000905.31501328;86.529683390311;74478.9860269586
0.19953;80240.7032052433;1251311.52087267;1253881.61032832;86.3309156763268;74485.3131429427
0.15849;107266.276797222;1565501.51575489;1569172.0906162;86.0802887113356;74492.7702849238
0.12589;148234.408678388;1960134.39543456;1965731.4893143;85.6752607199896;74501.432443902
0.1;206944.155423654;2450085.44853173;2458809.58770112;85.1720254965182;74511.714631876
