Frequency (Hz);Z' (Ω);-Z'' (Ω);Z (Ω);-Phase (°);Time (s)
10000;93.8925140380941;45.6539364339082;104.403477453124;25.9306970109937;50252.5034601246
7943.3;94.426981160764;55.9015194500167;109.733470955565;30.6258681716716;50253.8354821213
6309.6;94.5340168549002;69.3498981741956;117.243715053276;36.2636710535314;50255.1925091178
5011.9;95.0260570819019;85.780577152044;128.016635407554;42.0727512098614;50256.5395311144
3981.1;95.3075470613143;107.045055029957;143.32540714476;48.3197346478314;50257.896558111
3162.3;95.7366122107864;133.068572884819;163.929082249615;54.2667507554681;50259.2685851075
2511.9;97.2686130996773;167.624796920033;193.802104314729;59.8744438370048;50260.6306071041
1995.3;98.2399368840858;209.576311746319;231.459101450298;64.8849318406808;50261.9976351007
1584.9;99.8090174319909;263.372892167061;281.650706175543;69.2450625669352;50263.3346590973
1258.9;101.870322383108;330.912185724297;346.237544531597;72.8891749137004;50264.6766820939
1000;105.585301637472;415.719068824607;428.917940993699;75.749209168091;50268.6897600838
794.33;110.523683388345;521.373771704809;532.959749335187;78.0313082952683;50270.1367830801
630.96;117.792640183013;654.348817595638;664.866513798141;79.7951906110739;50271.4988090767
501.19;128.348381091517;820.671869666109;830.647713889637;81.1112717505959;50272.8808340732
398.11;143.879128258279;1029.56035766743;1039.56516564795;82.0445441227907;50275.8168910658
316.23;166.751428083366;1288.74144904631;1299.48472913606;82.6274088801686;50277.1289150625
251.19;200.145236631325;1612.57584115276;1624.94890972478;82.9249022275334;50278.5309390589
199.53;247.900885839936;2013.78097559221;2028.98217509601;82.9820711210229;50279.9279680554
158.49;317.162722034542;2508.63401079201;2528.60372386635;82.7944125744349;50281.3149910519
125.89;414.206952253185;3114.99942483974;3142.41767052803;82.4257124245502;50282.7770180482
100;548.963602952408;3856.25259907194;3895.13095353873;81.8979963732532;50284.1890450446
79.433;729.257149924215;4755.31441840312;4810.90752442699;81.2812606069763;50285.6760710409
63.096;961.851018518621;5836.68610241617;5915.40886498671;80.6421037811276;50287.193100037
50.119;1252.91183721721;7140.59949959565;7249.68615082506;80.0480104106238;50288.9801340325
39.811;1592.57623389379;8701.96113768179;8846.49233891532;79.6288732249214;50290.5771620285
31.623;1978.07976005492;10603.567535478;10786.4935922932;79.433018463267;50292.3341950241
25.119;2403.90269098064;12900.9591455346;13123.0139458303;79.4448303270287;50293.95122402
19.953;2869.26656240505;15736.5068039789;15995.947517975;79.6666663036971;50295.8982610151
15.849;3358.01503289522;19213.6748660299;19504.9113512125;80.0864225759599;50297.8752970101
12.589;3895.40133805438;23568.260550076;23888.0107363669;80.6149051333497;50299.9873360047
10;4443.88883024814;28980.7715628344;29319.5032071281;81.2822136494124;50302.3443809988
7.9433;5030.16908608654;35753.9662797296;36106.0757458723;81.9917078433059;50304.7464259927
6.3096;5707.41188055653;44231.1289480474;44597.8398399868;82.6474047523544;50307.1684689866
5.0119;6418.3235923532;54799.1993041148;55173.7901734896;83.3197020434566;50309.6305169804
3.9811;7246.73078083417;68069.3410389646;68454.0013183215;83.9231228117965;50312.162561974
3.1623;8163.03703933324;84661.2543413857;85053.8838640677;84.4925667732485;50314.6896099676
2.5119;9349.20272271852;105534.078015441;105947.38889713;84.9374164045008;50317.3616579609
1.9953;10500.7472471876;131606.721855044;132024.978432796;85.438100764245;50320.1087109539
1.5849;11986.8513352585;164366.885021665;164803.390428289;85.8289511415296;50325.6698129399
1.2589;13873.476728826;205415.593243326;205883.557634049;86.1361923585158;50328.5418649326
1;16194.6691239208;256438.709267917;256949.564932554;86.3864441318894;50333.6459649198
0.79433;19194.626971438;320878.738341378;321452.326829543;86.5767063372963;50336.7880199118
0.63096;23115.2609503804;401670.055895445;402334.623282479;86.7063819296751;50340.3400859029
0.50119;28306.7078435227;502620.087772097;503416.549530276;86.7766042780512;50344.2071558931
0.39811;35182.6990924525;629275.570468198;630258.332672807;86.7999334942397;50348.4742358823
0.31623;44558.2534743594;788015.150287264;789273.916352837;86.7636610189517;50353.35632587
0.25119;57706.8025892465;987610.913141315;989295.401192634;86.6559693831889;50358.8734268561
0.19953;76063.1351704473;1236388.34439123;1238725.85291438;86.4795762002956;50365.1055448403
0.15849;101648.281368803;1547968.67381253;1551302.4812106;86.2430324270517;50372.4676798217
0.12589;139202.719117469;1938261.97964265;1943254.2033244;85.8921662427763;50381.0498388001
0.1;194707.286452047;2424811.89499369;2432616.62690618;85.4091196626357;50391.3270297741
