Frequency (Hz);Z' (Ω);-Z'' (Ω);Z (Ω);-Phase (°);Time (s)
10000;95.837833146541;45.2796890461098;105.995945688204;25.2889323646475;27846.1185906953
7943.3;95.4949514644108;55.9071018313711;110.656630123881;30.3466530205014;27847.3156126923
6309.6;95.501450767254;69.1418371733591;117.903014152979;35.9040608739164;27848.6426376889
5011.9;96.6159314412533;85.7981654560364;129.212860830036;41.6061435415835;27849.9596616856
3981.1;97.8945400379997;105.935307960141;144.24156974278;47.2590573222273;27851.2366856824
3162.3;97.6055066700334;133.059580038606;165.020261702508;53.738187853523;27852.5287076791
2511.9;99.2642728012921;167.556911005209;194.752957051688;59.3565987905389;27853.8257326759
1995.3;98.8092690425813;209.459446784249;231.595620631939;64.7451264196421;27855.1177576726
1584.9;104.695280738745;261.867183149456;282.020430854921;68.2083224625073;27856.3697806694
1258.9;104.168964446689;329.215562039496;345.302851773449;72.4418122603548;27857.6318026662
1000;107.830508288679;415.009853672069;428.789688731792;75.435101960624;27861.6098766562
794.33;112.926594748342;520.697026084986;532.801847571126;77.7634315294038;27862.9219006529
630.96;120.348510102399;653.300811092383;664.293394260272;79.5622172612216;27864.2139236496
501.19;131.308029106353;818.926643357006;829.386909534849;80.8906389804743;27865.5359506463
398.11;147.2612635033;1027.86111774924;1038.35656549632;81.8467388996277;27868.407002639
316.23;170.39456090024;1286.54322716407;1297.77801713009;82.4554436602878;27869.6290256359
251.19;204.537079055261;1607.82996852131;1620.78765555013;82.7501657856262;27870.9660486326
199.53;253.075655539898;2006.58332464808;2022.47964790321;82.8116575234423;27872.2780726293
158.49;324.560849738077;2500.63218424255;2521.60684208549;82.6048347469742;27873.585096626
125.89;423.264380930711;3104.69910736431;3133.41814691774;82.2367124114544;27874.9921246224
100;561.340612753902;3841.54497723517;3882.34092985762;81.6865676086721;27876.349151619
79.433;744.085271987635;4733.9740501053;4792.09486540692;81.0673421531258;27877.7561746154
63.096;980.548207995581;5810.19184273481;5892.35131654465;80.4208259938511;27879.2232006117
50.119;1274.20789505087;7095.49204832696;7208.99529530164;79.8193414346304;27880.9352336074
39.811;1620.58010330296;8646.48051844794;8797.03957176056;79.3844096502796;27882.4772636035
31.623;2018.70876491648;10525.2241529941;10717.0671616968;79.1426802734872;27884.0892935994
25.119;2451.76159352035;12798.7362064361;13031.4536178202;79.1556363782035;27885.6313215955
19.953;2924.02836690897;15596.1902000632;15867.9264759778;79.3812578522713;27887.5133545908
15.849;3424.15599501065;19032.456424105;19338.0257992802;79.8009431131544;27889.4353925859
12.589;3967.8133462045;23300.7967719561;23636.2152841423;80.3359959768821;27891.377429581
10;4533.75421603296;28665.5357687867;29021.8515640024;81.0125197206168;27893.6844685752
7.9433;5142.74945587004;35335.0476118703;35707.3306437067;81.7191749378579;27896.0065145694
6.3096;5803.85761711359;43660.5291791193;44044.5975284194;82.4279816220757;27898.4135565633
5.0119;6582.29107162924;54093.1685319554;54492.1777650534;83.0621104654883;27900.8356035572
3.9811;7384.45531003647;67159.0641355959;67563.8222408635;83.725265519106;27903.287648551
3.1623;8345.57598085644;83566.9646183358;83982.6542446381;84.2969559754278;27905.7996935446
2.5119;9585.41424619645;104112.20461206;104552.528976848;84.7397152345503;27908.3567415382
1.9953;10628.715860457;129731.24920418;130165.91958312;85.3162906478283;27911.0137905315
1.5849;12191.6368669674;162108.819220738;162566.617971335;85.6990814705172;27916.4498945177
1.2589;14041.6617529456;202462.503923766;202948.845179925;86.0326395472794;27919.2369435107
1;16385.4196093757;252756.799213692;253287.349712784;86.2908868557541;27924.276038498
0.79433;19365.3835722683;316226.96157867;316819.363849779;86.4956471862269;27927.3930934901
0.63096;23172.2494663355;395763.164683535;396440.961135018;86.6491120087631;27930.8551574814
0.50119;28189.9236143617;495420.263669245;496221.633393273;86.7433228077713;27934.6522294718
0.39811;34969.7473529745;620123.511452399;621108.728554015;86.7724185636471;27938.924306461
0.31623;43925.6943895739;776654.798406756;777895.971525656;86.7629395366501;27943.7063944489
0.25119;56323.0132369726;972825.210651533;974454.294617911;86.6864834003535;27949.1434954352
0.19953;73684.6503261273;1218127.51083927;1220354.07171737;86.5383907421852;27955.4006144194
0.15849;97715.0413840072;1525671.60846545;1528797.59490595;86.3353693554565;27962.677748401
0.12589;132211.08027936;1911190.00786148;1915757.55665956;86.0427336752161;27971.1749033796
0.1;183671.944890192;2390336.55210649;2397382.78455404;85.6060627518363;27981.3820943538
