Frequency (Hz);Z' (Ω);-Z'' (Ω);Z (Ω);-Phase (°);Time (s)
10000;96.7414790063061;46.5314413880593;107.350308793119;25.6869724535307;12040.3139366011
7943.3;97.8957466631865;56.0986531015758;112.830120511119;29.8146431643992;12041.4509565983
6309.6;98.6191272029419;69.051075915982;120.390129725924;34.9989160785817;12042.6829775951
5011.9;98.7192813583696;84.7593216871877;130.113946695906;40.6490365592197;12043.925002592
3981.1;98.7396542151266;106.810618102801;145.45799205965;47.2485727201953;12045.2020255888
3162.3;99.6554112746564;133.788555806993;166.824994114316;53.3185887166153;12046.4540485856
2511.9;102.011374947942;167.389531926439;196.024427093467;58.6408234160858;12047.7010705825
1995.3;101.716131384249;210.579108514189;233.858359539291;64.2180405955206;12048.9430935793
1584.9;103.955330103196;263.573585689844;283.333276778895;68.4753649137214;12050.1251155764
1258.9;103.635675852159;330.60947889776;346.47219346779;72.5954323621047;12051.3471385733
1000;110.077546093718;414.254188445665;428.629908894365;75.1189853064937;12055.2202125635
794.33;115.402503967094;519.82268237047;532.478505696433;77.4831298116098;12056.4672325603
630.96;123.141503016428;651.870041263926;663.399110990192;79.302598573775;12057.7042585572
501.19;134.572376017706;817.325829636289;828.330390712365;80.6501600011832;12058.9562805541
398.11;150.979039052094;1025.01004515775;1036.06962261587;81.6208587704288;12061.6273295473
316.23;175.350615272446;1282.1840237346;1294.11889291389;82.2125780283589;12062.7943495444
251.19;210.580241727488;1603.4704265411;1617.23883424741;82.5182876762562;12064.0563725412
199.53;262.366833737072;2000.53680834819;2017.66793030994;82.5284027939002;12065.2733985381
158.49;334.813992903014;2491.38217742501;2513.77913982805;82.3459444166092;12066.5454205349
125.89;438.147551894433;3089.60402164513;3120.51699046758;81.9285067391333;12067.8874445315
100;579.207495769325;3820.24880683071;3863.90764243231;81.3787524547001;12069.1794675283
79.433;768.856302062408;4702.03322494848;4764.47861384018;80.7134241845819;12070.5164935249
63.096;1014.66568068777;5765.22776925107;5853.83615032991;80.0183095867058;12071.8985185214
50.119;1316.11967317865;7031.39981218478;7153.51342438945;79.3981974043194;12073.4805495174
39.811;1672.1828444662;8553.42282851589;8715.3449472011;78.9382681593822;12074.9475775137
31.623;2072.53300506404;10400.3849758439;10604.8762700392;78.7300345215351;12077.2416215079
25.119;2521.59313237172;12623.809673769;12873.189294218;78.7038972962964;12078.6486435043
19.953;3003.65446840047;15358.2174045151;15649.1783174035;78.9341600457292;12080.4556784998
15.849;3519.88233728283;18729.4095006788;19057.2913057557;79.3563558115842;12082.342711495
12.589;4067.17007741235;22914.7085503093;23272.8541520849;79.9352928851713;12084.2297464903
10;4659.64395922093;28115.9139039576;28499.4192305994;80.5899150929165;12086.4467874847
7.9433;5290.16147772316;34607.5742234199;35009.5701500304;81.308964801276;12088.678831479
6.3096;5963.59177002233;42691.1995022632;43105.7182023629;82.0477341026872;12090.9308704733
5.0119;6706.60178649189;52859.6608722619;53283.4144462713;82.7691968816141;12093.2979174674
3.9811;7489.22473766303;65612.8355924189;66038.8725043744;83.4882881169097;12095.7149614613
3.1623;8450.65067594212;81555.1642636689;81991.8185852761;84.0841905091312;12098.1620064551
2.5119;9690.96025679431;101454.895830421;101916.684594134;84.5436680041846;12100.579051449
1.9953;10717.8576839579;126448.066273726;126901.481227361;85.1551359058741;12103.1610994425
1.5849;12219.5458688046;158065.806749307;158537.429538103;85.5794446100286;12107.3501764319
1.2589;13676.9489264864;197342.320041527;197815.697585682;86.0354150789905;12110.0122234252
1;16145.612895207;246473.983470261;247002.237527234;86.2521168845415;12115.0663194124
0.79433;18881.3724393738;308144.347192511;308722.277997383;86.4936170924144;12118.1033734047
0.63096;22312.9137692562;385537.230296949;386182.368921624;86.6877095760587;12121.565437396
0.50119;26856.2746515008;482683.11490094;483429.673167288;86.8153717871412;12125.3775083864
0.39811;32959.8253737103;604271.93890344;605170.163040767;86.8779132329741;12129.5795883758
0.31623;41001.2058386181;757388.999991698;758497.986937767;86.9013212079105;12134.3166743638
0.25119;52101.0610778711;949033.470908382;950462.54501156;86.857668986209;12139.6887743502
0.19953;68093.8991284257;1188090.57215341;1190040.32987892;86.7197538935019;12145.8808883346
0.15849;89697.4309667165;1489209.11214392;1491907.9759873;86.5531483539561;12153.1080223164
0.12589;119373.014479644;1867550.95047118;1871362.19615331;86.3426551475392;12161.555178295
0.1;168578.205707887;2337465.03180811;2343536.08599599;85.8749647696487;12171.6673672695
