Frequency (Hz);Z' (Ω);-Z'' (Ω);Z (Ω);-Phase (°);Time (s)
10000;90.5439153750164;45.6536195797977;101.402433857255;26.7579363596266;79731.3022776978
7943.3;90.7300543886665;55.8796157351847;106.557375268361;31.6284464452866;79732.7293026942
6309.6;91.957975916321;69.0273761228755;114.982816059773;36.8933751600312;79734.1763316906
5011.9;91.6008019515644;85.4633528065525;125.278456212978;43.0147918583045;79735.6133556869
3981.1;92.5413127785514;106.493009657147;141.083860439863;49.0097000504385;79737.0653836833
3162.3;93.3833332354752;133.323993676938;162.775103182692;54.991676357032;79738.5224096796
2511.9;95.4941201165982;166.033275243987;191.536355465715;60.0946184582868;79739.9694386759
1995.3;93.2648121105711;209.924372098777;229.709745503072;66.0454677633143;79741.4314646722
1584.9;98.1201908938696;265.93146707799;283.45567033189;69.7475549560478;79742.8884936686
1258.9;97.3122092386204;329.710593388487;343.771350550754;73.5563340828842;79744.305519665
1000;102.526320697878;416.189800589652;428.632239280597;76.1610171378144;79748.4135946546
794.33;107.381060332533;522.374270740849;533.296888093464;78.3838955741698;79749.8206206511
630.96;114.404247053177;655.070110992467;664.985099125904;80.0935313837449;79751.2726456474
501.19;124.783311102422;821.948701961476;831.366672044195;81.3676146858185;79752.8246776435
398.11;139.966974831648;1031.14434772508;1040.60050926804;82.2699468294631;79755.8657346358
316.23;162.303523297273;1291.61740393787;1301.77492364461;82.8378021353057;79757.2527566323
251.19;194.589687991943;1614.64479712773;1626.32806271197;83.1281129675314;79758.7597856285
199.53;242.13648017397;2017.85874877846;2032.33461936089;83.1574104811222;79760.2318126248
158.49;309.082632179757;2513.39792594665;2532.33118048728;82.9893065901744;79761.738841621
125.89;405.213117768915;3124.51257286107;3150.67873461877;82.6106437594874;79763.320870617
100;535.864437929928;3867.51341715212;3904.46036318588;82.1115903023255;79764.8728976131
79.433;713.052344267201;4772.46534982238;4825.43978937881;81.502317900041;79766.4499266091
63.096;940.525497064828;5862.84175332582;5937.80276155832;80.8861808073563;79768.051956605
50.119;1225.10338213997;7173.02500822793;7276.89261055803;80.307793974602;79769.8589906005
39.811;1559.77623388536;8752.01054743945;8889.91510208534;79.8948876344982;79771.5960235961
31.623;1943.71952887252;10671.6571771935;10847.2260285507;79.6773894750462;79773.4180555915
25.119;2356.50948260108;13004.3477204558;13216.1339496887;79.7289240052282;79775.1150875872
19.953;2810.2175899304;15863.541820937;16110.533262663;79.9543037964846;79777.177128582
15.849;3288.31960896607;19408.825601833;19685.4148316229;80.3840367388783;79779.2741655767
12.589;3802.09206606579;23825.0117259168;24126.4810492313;80.9329614130379;79781.4062055713
10;4351.05270153054;29304.2859284254;29625.543596471;81.5545177117488;79783.8382485652
7.9433;4939.80892836873;36164.4959985208;36500.3079860406;82.2219452732672;79786.280296559
6.3096;5582.94186848093;44730.2121096195;45077.2793686397;82.8854956514121;79788.8673445525
5.0119;6313.41294158318;55502.4960917839;55860.4176084411;83.5104944218309;79791.3593905462
3.9811;7080.76211132617;68937.4453851213;69300.1339703162;84.1355521477031;79793.9514385396
3.1623;8023.08114036792;85881.6343431168;86255.5792307358;84.6629059326623;79796.6834875327
2.5119;9215.91980736264;106875.330047801;107271.941115662;85.0715441094306;79799.4405395258
1.9953;10400.2437924249;133488.240024003;133892.775367634;85.5450103393947;79802.2775895186
1.5849;11979.1739464049;166867.159098625;167296.591101205;85.893855485886;79807.9086965044
1.2589;13855.1278980545;208561.723144034;209021.426963553;86.1993234601679;79810.845748497
1;16261.1048168218;260381.258880594;260888.526972932;86.4264545707401;79816.0298464839
0.79433;19423.8906386335;325878.461092595;326456.825524631;86.5889374693109;79819.3269064756
0.63096;23666.6623831649;407797.193476056;408483.367978803;86.6785437040406;79823.0239744662
0.50119;29115.2951858888;510110.488002228;510940.711221598;86.7333046212135;79827.0060474562
0.39811;36719.9637852873;638362.230832319;639417.464176267;86.7078517728697;79831.3481284452
0.31623;46792.1582481825;799628.441760272;800996.348896475;86.6510204565174;79836.3052194327
0.25119;60873.082657564;1000420.89081073;1002271.16638301;86.5179896785901;79841.9123254186
0.19953;80063.5027231302;1252366.5731289;1254923.18408694;86.3420721041876;79848.2594414025
0.15849;109010.777673343;1567781.44834591;1571566.74036661;86.0225189485632;79855.7415823836
0.12589;147717.455949567;1962743.08750471;1968293.89938082;85.6959924196273;79864.4337403617
0.1;206002.748356459;2452942.7381946;2461577.78857221;85.1994574454756;79874.7559353356
