Frequency (Hz);Z' (Ω);-Z'' (Ω);Z (Ω);-Phase (°);Time (s)
10000;93.3494892583422;45.5312645021246;103.861557815949;26.0008312323558;43711.0073396403
7943.3;94.0694640010183;56.2059590028994;109.581813659359;30.8580722836636;43712.2693606371
6309.6;94.5189891114629;68.7714662459018;116.890349782452;36.0394177833679;43713.6163866337
5011.9;95.278088350346;86.2040651397551;128.487567360875;42.1376213735149;43714.9434096304
3981.1;95.6051056930073;106.701970260557;143.267744772003;48.139618347599;43716.280434627
3162.3;97.047654616324;135.071913115594;166.320981776912;54.3031783131221;43717.6124616236
2511.9;96.8326422172636;167.300870225786;193.303237885665;59.9380240767661;43718.9744866202
1995.3;98.0868295283738;211.802582425542;233.412424795804;65.1509107485098;43720.3215086168
1584.9;98.2988255614298;262.98227541941;280.753159005427;69.5050117382268;43721.6335336135
1258.9;100.962179856995;332.299949764469;347.299033075166;73.09972600331;43722.9255596102
1000;105.885427194744;415.455265590873;428.736284211398;75.701656552886;43727.0136375999
794.33;110.877480063838;521.372523333734;533.032009988792;77.9940774740588;43728.2756565967
630.96;118.244059301664;654.233946468336;664.833598934101;79.7551485512668;43729.6376825933
501.19;128.821672138316;820.038403081834;830.095178724413;81.0722400088491;43730.9847095899
398.11;144.457826820424;1028.85973315888;1038.9515937932;82.0075897744489;43733.9057645825
316.23;167.362478881141;1287.97681607476;1298.80501927092;82.5963472728727;43735.1727845793
251.19;200.813517646188;1611.01077996733;1623.47830353238;82.8946936492182;43736.5848105757
199.53;248.348419071031;2011.36328139668;2026.63740886373;82.9611623640226;43737.9518385723
158.49;318.378129440562;2504.54792406131;2524.70294039238;82.755416753829;43739.3388615688
125.89;415.642333268094;3111.22008361083;3138.86109247732;82.3906467688886;43740.7408895652
100;551.566562341171;3852.02899144528;3891.31764620004;81.8512883458599;43742.1529145617
79.433;731.321104484693;4749.2948456537;4805.27128150093;81.2460554884046;43743.604942558
63.096;965.070909260528;5830.17801072342;5909.51245845406;80.601040722516;43745.0769675543
50.119;1252.49013088417;7126.24551870537;7235.47556977637;80.0316555730462;43746.8540015498
39.811;1596.17451362283;8684.39856138475;8829.86701207445;79.5853902727463;43748.4310325458
31.623;1984.79515965434;10582.5641610806;10767.0829870107;79.3773928838605;43750.1030625416
25.119;2414.46458910956;12874.652354219;13099.0958655191;79.3783358680595;43751.6850925376
19.953;2872.14869224778;15688.974885504;15949.7075543207;79.6258529864054;43753.6021275328
15.849;3363.18814530401;19186.253380009;19478.7923974413;80.0575469384035;43755.5741635278
12.589;3886.21796498607;23519.7414511518;23838.6435855819;80.6176654720356;43757.5962025227
10;4450.50000131598;28910.335428358;29250.8879325378;81.2485019667349;43759.9032435169
7.9433;5038.84884551065;35673.2754386884;36027.3865026654;81.9601607958595;43762.245287511
6.3096;5699.7893003275;44150.5848887204;44516.9826480213;82.6438682751731;43764.6873305048
5.0119;6422.09449051863;54649.3630548818;55025.4139461888;83.2976527005011;43767.0543744988
3.9811;7195.1048986244;67915.1631829167;68295.2335427914;83.9524976217297;43769.5364204925
3.1623;8147.21790512723;84396.3291570437;84788.6639520737;84.4860254937627;43772.0534684862
2.5119;9346.54259356247;105181.52176899;105595.977101847;84.9219735402188;43774.6755174796
1.9953;10504.9424893348;131327.950331934;131747.426369896;85.4266394963296;43777.3875654727
1.5849;12106.1900150526;164201.812914263;164647.487685088;85.783354278529;43782.9836734586
1.2589;13843.7986976857;205028.305559851;205495.15041267;86.1371718937969;43785.7557234516
1;16208.5004236545;255878.10811808;256390.95479379;86.3754635555993;43790.7898194389
0.79433;19183.837432445;320197.774162818;320771.934865658;86.5713671491956;43793.9418744309
0.63096;23145.7280149563;400673.412241478;401341.385858189;86.6938651371746;43797.4989404219
0.50119;28230.3854061314;501587.023608179;502380.828567622;86.7786700749344;43801.3910124121
0.39811;35119.4431697805;627940.569393219;628921.882254415;86.7988980310263;43805.6730904013
0.31623;44531.9671776607;785929.124916414;787189.739194174;86.7569995957348;43810.4051803894
0.25119;57486.0334136602;984765.603492497;986442.060062109;86.6591304431416;43815.9322823754
0.19953;75455.6618994556;1233573.25229055;1235878.84749249;86.499671934755;43822.2343963595
0.15849;101146.426025767;1544606.95639115;1547915.12985361;86.2534151569076;43829.561534341
0.12589;138623.657850143;1933690.71931925;1938653.22234203;85.8995583015175;43838.1536933193
0.1;192671.025660628;2419332.36127786;2426992.21227746;85.4466829737175;43848.4208842934
