Frequency (Hz);Z' (Ω);-Z'' (Ω);Z (Ω);-Phase (°);Time (s)
10000;92.0952870445453;46.3203083311869;103.087889006;26.7005980411868;75034.4153125563
7943.3;91.612973309912;56.1702879537927;107.46179845645;31.5135407341555;75035.7773365529
6309.6;91.4433097967074;69.755674271705;115.011881993457;37.3374645840088;75037.2543645491
5011.9;92.785721157728;86.0027804912873;126.513510357559;42.8273346764949;75038.7113915455
3981.1;92.5601257151694;107.360515658732;141.75209767378;49.2339588068092;75040.1734165418
3162.3;93.4383508084036;133.073633846422;162.60171409578;54.9251866427039;75041.6154455381
2511.9;94.3543311377559;167.631331241642;192.361646432698;60.6262270725476;75043.0624705345
1995.3;93.4426495598086;209.581082732897;229.468427013937;65.9700867343993;75044.4894965309
1584.9;96.9861458912252;263.769972360855;281.035426261673;69.811921561818;75045.7965235276
1258.9;99.6668153410426;330.563666005734;345.261946011106;73.2216438309089;75047.203548524
1000;102.774600490102;416.084615912549;428.589577690584;76.1254260159368;75051.3966285134
794.33;107.668922997493;522.263028062341;533.245972755806;78.3511923088998;75052.8886545097
630.96;114.782852807805;655.258547129579;665.235948280808;80.064200999935;75054.345680506
501.19;125.144340163198;821.635110651728;831.110919751726;81.3397629007159;75055.8527075022
398.11;140.261184440031;1030.77953879976;1040.27864414722;82.2511872099721;75058.9187664944
316.23;162.675505404468;1291.36404062142;1301.56997716938;82.8201644977382;75060.285790491
251.19;195.361478286338;1615.12145312697;1626.89379356773;83.1031359359425;75061.7828194872
199.53;242.336200743889;2016.75012612012;2031.25771515987;83.1480913931902;75063.1748444837
158.49;310.300046521474;2512.42098848947;2531.51048630529;82.9592600526913;75064.6818714799
125.89;404.414373745918;3122.58174145745;3148.66125802313;82.6205389196057;75066.218900476
100;538.307830674586;3867.36519955231;3904.64965230862;82.0757773931343;75067.7409274722
79.433;715.048803709691;4770.91975513426;4824.20668106343;81.4761542610581;75069.3179564682
63.096;941.845334305428;5858.3516626217;5933.57875457092;80.866729483448;75070.9349884641
50.119;1226.30123439239;7171.65357993452;7275.74255922101;80.2966774300352;75072.8270214593
39.811;1562.71738134973;8749.60299624595;8888.06155502361;79.8734989552575;75074.4840524552
31.623;1946.65975321129;10664.2683914761;10840.4845150117;79.6551030729228;75076.2860874506
25.119;2363.05721370628;12990.7937016141;13203.9676004277;79.6904798411853;75078.0031174463
19.953;2814.16976091597;15847.1149695941;16095.0490618323;79.9302500574;75080.0501554411
15.849;3309.3228395;19391.3333893492;19671.6910374509;80.3152117223863;75082.1221954359
12.589;3809.99616096232;23785.5909528102;24088.8025381286;80.8996201036764;75084.3192364303
10;4362.35380390572;29265.097208435;29588.4444560643;81.5217260435358;75086.7612794242
7.9433;4947.79399493708;36143.1361075474;36480.2268784753;82.2049790960833;75089.2183264179
6.3096;5604.00977030635;44692.2737230798;45042.2496778789;82.8529256144745;75091.6953724117
5.0119;6286.37603747368;55396.1308412183;55751.6801169427;83.5257476260406;75094.2024174054
3.9811;7092.13026421943;68876.505988534;69240.6772704688;84.1210420275043;75096.739463399
3.1623;8014.47380303106;85759.4616998179;86133.1356760104;84.6610474346702;75099.3415123924
2.5119;9262.35668688445;106806.257139328;107207.125768334;85.0436466781208;75102.0585643855
1.9953;10337.2226996489;133390.435487595;133790.382512019;85.5686641611248;75104.8756153784
1.5849;11893.4899731196;166629.324942843;167053.246106289;85.9173269409574;75109.2647003673
1.2589;13870.516540585;208313.382927963;208774.655396662;86.1905918738989;75112.2267503599
1;16251.0747373671;260151.474343549;260658.56408958;86.4255067814845;75117.4408493467
0.79433;19473.537025991;325449.02875731;326031.116556962;86.5757379794484;75120.7329103384
0.63096;23647.535125472;407112.289758321;407798.507096058;86.6756512618215;75124.3699753292
0.50119;29180.3676656619;509435.842247044;510270.88024211;86.7216931637006;75128.3770503191
0.39811;36619.6664811165;637726.547504226;638777.073293061;86.7135587970303;75132.7241323081
0.31623;46692.1185440143;798591.166578364;799955.00202894;86.6538334004359;75137.6812222956
0.25119;60834.0461265992;999580.633717979;1001430.08965787;86.5172991822966;75143.2633262815
0.19953;80332.3377468345;1251237.80320073;1253813.91149024;86.3265212423063;75149.6004432655
0.15849;108530.822568287;1567438.73913996;1571191.63070709;86.0391121772919;75156.9825822469
0.12589;148422.36120395;1958849.09385333;1964464.04135972;85.6669675972496;75165.7397442247
0.1;205735.888042425;2451499.91924607;2460117.70240615;85.2028386335661;75176.1369341985
