Frequency (Hz);Z' (Ω);-Z'' (Ω);Z (Ω);-Phase (°);Time (s)
10000;98.3522027490176;46.2191848522772;108.670919909573;25.1704943123253;7286.26791360394
7943.3;98.8992843716687;55.8168310786968;113.563141383532;29.4395369331415;7287.38992960111
6309.6;98.7964330755608;68.9705420781465;120.489297711486;34.9191865044118;7288.62695659799
5011.9;99.075076313139;85.3618286111608;130.77657485305;40.7477700016936;7289.82397759496
3981.1;98.6163156050007;107.401347063454;145.808871659271;47.4417346806976;7291.02599859193
3162.3;100.641093194346;134.169157759704;167.719982510437;53.1262148017472;7292.24301958886
2511.9;100.356039769259;166.658035717018;194.541089714291;58.9450189013136;7293.46004258578
1995.3;102.251267335125;209.609395157576;233.219682295392;63.996039904904;7294.6820675827
1584.9;104.150851616233;260.869546513682;280.892008057618;68.2358938548095;7295.84908857975
1258.9;107.548368753878;331.955656428661;348.942988834284;72.0484979366155;7297.03611057676
1000;110.974576552625;413.802847678662;428.42520162568;74.9875422902064;7300.88418356704
794.33;116.484920418422;519.351012425837;532.253896925732;77.3583756222367;7302.18120456376
630.96;124.437721091987;651.161931588254;662.945403167043;79.1811584041368;7303.40322656068
501.19;135.918915560321;815.686322786313;826.932965111291;80.539646444865;7304.65524955752
398.11;153.0073889778;1023.33200541597;1034.70752118194;81.4961994795678;7307.33130355076
316.23;178.056831105084;1280.99856187302;1293.31417320925;82.0866780733691;7308.45332354793
251.19;214.408622254521;1600.32844941899;1614.62757418448;82.3690746311897;7309.72034354473
199.53;266.795377615334;1995.21691483517;2012.97548687541;82.3837321999913;7310.93736854166
158.49;341.847581029701;2482.80919876307;2506.23248844124;82.1604754969639;7312.18438953851
125.89;447.525003414353;3081.54530630576;3113.87220410474;81.7368489475995;7313.46641453527
100;592.371153823865;3806.34005890429;3852.15890480938;81.1541612543468;7314.763438532
79.433;786.360422144786;4682.51382116699;4748.08365542728;80.4669569604834;7316.08046152867
63.096;1035.31692848521;5732.57330664133;5825.3135416409;79.7625938324071;7317.45248852521
50.119;1342.03861697918;6986.30435701439;7114.03656290166;79.1261897279335;7319.09951652105
39.811;1705.37341339783;8493.62814468317;8663.14132051869;78.6469545964002;7320.54154651741
31.623;2115.28835022145;10310.9201325761;10525.660016595;78.4066098130333;7322.79558751172
25.119;2569.81103190683;12514.0988748841;12775.2338291745;78.3954509722644;7324.19261350819
19.953;3050.60292886406;15206.5467098209;15509.5209812411;78.6564015687544;7326.01464750359
15.849;3567.0051194783;18539.1629909419;18879.1972797334;79.1091637180226;7327.86167949893
12.589;4129.98537476552;22668.6220533044;23041.7708735969;79.6745595936696;7329.83871549394
10;4713.1841460905;27790.5615451154;28187.3981734357;80.3744213011074;7332.05075748835
7.9433;5329.55303913701;34200.8090084858;34613.5735287748;81.142766065454;7334.25779748278
6.3096;6045.03151740637;42218.9906142761;42649.56710841;81.8516152322263;7336.47984047717
5.0119;6783.30508133865;52219.434635758;52658.1672820534;82.5987217374233;7338.82688247124
3.9811;7570.79875495961;64773.5799316999;65214.5202463103;83.3334615440041;7341.14392546539
3.1623;8503.53868653259;80544.476594609;80992.1161601107;83.9732840912589;7343.58597145923
2.5119;9665.52152164382;100113.567992823;100579.067417325;84.485437738503;7346.08301745292
1.9953;10690.3325924816;124974.135360407;125430.529457621;85.1108001933836;7348.68006744637
1.5849;12261.0886571019;155921.244990109;156402.58608579;85.5037175971588;7354.10616643267
1.2589;13792.8943290046;194629.707835677;195117.828775773;85.9463760935992;7356.76821642595
1;16091.785572718;243276.722162031;243808.345035236;86.215625369233;7361.67230941356
0.79433;18697.6389529698;304019.785995829;304594.208709498;86.4806627460722;7364.76436540576
0.63096;22129.8449290167;380565.28026767;381208.161746037;86.6720020906186;7368.14642839722
0.50119;26375.9915515829;476429.425356698;477158.977989562;86.8312370974756;7371.85849638785
0.39811;32157.8702776836;596657.497580229;597523.470701777;86.9149314624297;7375.94056937754
0.31623;39962.9540935153;746894.245865793;747962.600807896;86.9372808236089;7380.61265936574
0.25119;50225.7022412633;935642.211051333;936989.310646954;86.9272854963224;7385.94975535227
0.19953;65460.1554462692;1173275.55889579;1175100.23787474;86.8066272076763;7392.12187133669
0.15849;85856.884054635;1470588.31821144;1473092.46356076;86.658711818718;7399.30900431854
0.12589;116268.245208265;1841567.72919694;1845234.40409705;86.387398954073;7407.7211602973
0.1;158884.673302578;2306905.13442694;2312370.13444125;86.0600599952731;7417.81334527182
