Frequency (Hz);Z' (Ω);-Z'' (Ω);Z (Ω);-Phase (°);Time (s)
10000;96.5208246479837;46.4601112883807;107.120546729633;25.7037474359113;18981.7584620757
7943.3;97.1532442700169;55.6513254233012;111.96348910944;29.8049459337119;18982.9204800727
6309.6;96.8148539997086;69.279905833951;119.049658997185;35.5871950631007;18984.1975060695
5011.9;97.566649046674;86.0869763867986;130.116173128547;41.4232550847952;18985.4645300663
3981.1;98.9340785944072;106.126677963977;145.089019856756;47.0088519927968;18986.7265510631
3162.3;98.7023535579963;133.493721356278;166.020264544529;53.521584511512;18987.96857506
2511.9;100.151301956335;166.935318121344;194.673274282381;59.0387391861685;18989.2305970568
1995.3;101.127893094059;208.923750060831;232.112007662516;64.1710630438917;18990.5126210536
1584.9;102.733199171177;264.340611459074;283.60195535028;68.7619081046681;18991.7346430505
1258.9;107.07702401355;331.719006592332;348.572787816551;72.1102133000745;18992.9666670474
1000;109.350635530627;414.45797081696;428.640841573296;75.2198869994821;18996.8897420375
794.33;114.650531743683;520.075463625808;532.562890459623;77.5680019361709;18998.1767640342
630.96;122.347223281007;652.167303742772;663.5442977795;79.3747557665578;18999.438786031
501.19;133.573769125162;817.455432331259;828.296647129631;80.7197754474632;19000.7708130277
398.11;150.055129392219;1025.2209403315;1036.14406254686;81.6731023652266;19003.6018650205
316.23;174.304327243557;1283.04997240427;1294.83559967373;82.2636407259524;19004.7838870175
251.19;209.695711674737;1603.47585711086;1617.12928234949;82.5493853085059;19006.0759090143
199.53;260.254043716261;2001.32660903456;2018.17748557961;82.5907910246951;19007.352935011
158.49;333.985932533251;2490.79559175202;2513.08759955188;82.3628738836469;19008.6549580078
125.89;436.67438970544;3092.70510811074;3123.38108599621;81.9632503435597;19010.0019840044
100;578.273661691908;3822.21529622169;3865.71212048668;81.3968060196338;19011.314006001
79.433;768.24046564953;4704.55518700354;4766.8682508145;80.7256209453768;19012.7110319975
63.096;1012.38415562721;5765.10236669715;5853.31760432168;80.0400917026475;19014.1330599939
50.119;1312.89697663616;7040.66008584537;7162.0243587743;79.4371684041128;19015.8250899897
39.811;1666.55288365171;8558.95737994018;8719.69895957654;78.9815520002812;19017.3271189859
31.623;2068.07545290405;10407.2660270354;10610.7550266882;78.7609017176652;19019.6211609801
25.119;2513.49303354528;12637.2757507539;12884.8122078;78.7509481663625;19021.0681879764
19.953;2988.41729735716;15376.0468880585;15663.7625060813;79.0013768350996;19022.9102239718
15.849;3495.26014367415;18776.2509331916;19098.8073600981;79.4549052993844;19024.797257967
12.589;4033.19312590187;22950.5626175834;23302.2524931484;80.032956680631;19026.7092939622
10;4608.93631271997;28191.8759985437;28566.1367050564;80.715162747759;19028.9763349565
7.9433;5226.87874639066;34725.7754152666;35116.9437682296;81.4401709722302;19031.2533759507
6.3096;5918.29619961941;42909.8888309385;43316.1031187009;82.1470917950365;19033.5354179449
5.0119;6614.59569988532;53111.2530506107;53521.5664651078;82.9008079618171;19035.882463939
3.9811;7419.6445476614;65926.2061687346;66342.4131684712;83.5786846401334;19038.274506933
3.1623;8329.47352946402;81956.5210625659;82378.7076492273;84.1967936808088;19040.7865519266
2.5119;9437.76874153144;102088.65490129;102523.972505816;84.7182015992411;19043.5936059195
1.9953;10621.4619777436;127247.807491332;127690.328396068;85.2285428570952;19046.2206529129
1.5849;11959.7504509833;158891.959901076;159341.427607684;85.6954806375435;19050.4447359023
1.2589;13464.4297531228;198598.813562852;199054.715134179;86.1214457998919;19053.2367828952
1;15938.4821094298;248041.86962948;248553.423434964;86.3233869056348;19058.2108778826
0.79433;18672.1702990998;310298.591066308;310859.880913273;86.5563876716934;19061.3579348747
0.63096;22191.2681076026;388478.810850613;389112.116054139;86.7306177337979;19064.7599988661
0.50119;26770.0296588493;486148.205785933;486884.701419974;86.8481581716217;19068.5920698564
0.39811;32979.7917028397;608750.284685946;609642.990418149;86.8989625651113;19072.744143846
0.31623;41155.3913723448;763214.73912578;764323.559925928;86.9133868200024;19077.4312318341
0.25119;52704.102992448;955290.88689811;956743.644380675;86.8421509425509;19082.8733338204
0.19953;68458.7223927727;1197573.05196908;1199528.16201796;86.7282733200928;19089.0204468049
0.15849;91056.4644124445;1499355.96747101;1502118.36980387;86.524673628333;19096.2725807865
0.12589;124314.796737011;1878406.65992299;1882515.80304942;86.2136306254817;19104.8347377649
0.1;170938.506224848;2352866.0472814;2359067.31768298;85.8446943047853;19115.0119267392
