Frequency (Hz);Z' (Ω);-Z'' (Ω);Z (Ω);-Phase (°);Time (s)
10000;91.4916872718399;45.7743438108831;102.303564899592;26.5793277638417;80405.364758996
7943.3;90.875474184447;56.0390467490953;106.764818965778;31.6603724233326;80406.7267819925
6309.6;91.722997038774;68.8542764358991;114.690974227644;36.8946876025386;80408.1938109888
5011.9;92.4542006500217;85.9491794069853;126.234070910229;42.9117816013238;80409.6858389851
3981.1;92.6215213267333;106.996046612781;141.516430861024;49.1187780439475;80411.1378639814
3162.3;92.7752145167098;134.708606306797;163.565427403657;55.4444123332519;80412.5798919778
2511.9;93.3285709491453;167.667778233246;191.892433444059;60.898465224966;80414.1219199739
1995.3;94.0833741995054;210.639173802971;230.69577985122;65.9317582236381;80415.6289489701
1584.9;98.3934001616524;262.635501388566;280.461526389975;69.4621100607478;80417.0359759665
1258.9;100.618834242371;328.841727835492;343.891017286183;72.9869622164331;80418.4679999629
1000;102.521472673361;416.155143527266;428.597428647576;76.1605382257226;80422.7110799522
794.33;107.382468079956;522.357213390969;533.280463576644;78.3833784140573;80424.1431039486
630.96;114.487827066996;655.569536871119;665.49145766113;80.0938402561359;80425.6201319448
501.19;124.79918091078;821.740865010614;831.163572820894;81.3643826851429;80427.1021609411
398.11;139.990317029776;1031.52607007302;1040.98190286978;82.2714997234379;80430.1732179333
316.23;162.194683709512;1291.6605934981;1301.80421116983;82.8427920695742;80431.5852449298
251.19;194.439996689988;1615.6342579687;1627.29252681713;83.1375140060532;80433.082270926
199.53;241.691130240516;2017.14122699049;2031.56917973808;83.1674701323933;80434.5942989222
158.49;308.559475112594;2514.36921303638;2533.23143221202;83.0037320389952;80436.1413269183
125.89;404.769342884255;3124.4394936668;3150.54921728321;82.6184762830227;80437.6783559144
100;536.362048227394;3871.21165221189;3908.19189690063;82.1118052195978;80439.2103839105
79.433;713.050779006917;4773.01340212902;4825.9815944889;81.5032977665274;80440.7774149066
63.096;941.688668387766;5865.45143689195;5940.56378694041;80.8790906644392;80442.3694419025
50.119;1226.04179049546;7175.1127839836;7279.1085948024;80.3032796022906;80444.1914758979
39.811;1559.99965817357;8757.00885404663;8894.8750976814;79.8991197702723;80445.8935088936
31.623;1944.00255152106;10668.7590026104;10844.4255069644;79.6731745276108;80447.6705428892
25.119;2358.78520431205;13013.1166965789;13225.1681954848;79.7259966638573;80449.3925748848
19.953;2815.10358538597;15868.2672377446;16116.0390085446;79.9401298561324;80451.4746108796
15.849;3288.77470933682;19416.5008036023;19693.0582324092;80.3864614263249;80453.5766498742
12.589;3817.12556720385;23825.4152979036;24129.2532357174;80.8978608942758;80455.7836928687
10;4364.88477055783;29313.1123127405;29636.3083483687;81.5305723631057;80458.2457378625
7.9433;4971.13876994225;36191.0761044495;36530.8939155351;82.17890100314;80460.7127818562
6.3096;5646.12756455872;44760.2780694705;45114.9781040797;82.8105971188792;80463.2198278499
5.0119;6292.32117898238;55495.0994390811;55850.6881566643;83.5311356674707;80465.8418778433
3.9811;7094.59168265483;68966.0920627097;69330.0446094314;84.1266018385787;80468.4239258368
3.1623;7992.57113407634;85877.6099473409;86248.7396058684;84.6828374536169;80471.0309738302
2.5119;9232.01585767358;106971.230126258;107368.8697506;85.0673830398258;80473.8080248232
1.9953;10397.9845022624;133514.154384229;133918.436007313;85.5468352457097;80476.6000758161
1.5849;11968.1644300657;166856.160481684;167284.832697153;85.8973468745442;80482.3161828017
1.2589;13970.0965983671;208622.431581179;209089.651962529;86.1689911590995;80485.2432387943
1;16325.5045845461;260426.253019209;260937.454884432;86.4129571750191;80490.3623327814
0.79433;19554.3419016702;325820.481919389;326406.738174;86.5654737410551;80493.694393773
0.63096;23761.1315519564;407794.790730173;408486.453532176;86.6652958508229;80497.3214617638
0.50119;29335.6740575723;510255.15427745;511097.744310339;86.7095636872797;80501.2435317539
0.39811;36927.1000154195;638892.048664639;639958.327207677;86.6920614215568;80505.6056127429
0.31623;47182.4624272483;799619.615566837;801010.433365231;86.6231130362713;80510.5977057303
0.25119;61517.337516914;1001026.03956662;1002914.51016804;86.4833515273632;80516.2098107161
0.19953;81009.8554955415;1253272.25613581;1255887.7118147;86.3016219223351;80522.6369306999
0.15849;110262.781549516;1568262.92277226;1572134.36955536;85.9782172348216;80530.124068681
0.12589;149932.328693088;1963383.66194441;1969100.07546026;85.6331258536984;80538.8012276591
0.1;206932.96237799;2452856.21257161;2461569.59082405;85.1777130838338;80549.1684226329
