Frequency (Hz);Z' (Ω);-Z'' (Ω);Z (Ω);-Phase (°);Time (s)
10000;97.0965533139826;45.2398325119859;107.118546998956;24.9820471716478;24653.8184827551
7943.3;96.3436734909362;56.3597013748992;111.617737662058;30.3270370242748;24655.0205057521
6309.6;96.37668961642;69.0344261691236;118.550488391739;35.6139479456212;24656.3025267488
5011.9;97.4093917555985;85.2100482506845;129.419248665257;41.1782056180779;24657.6045527455
3981.1;98.3070847317943;106.75324098142;145.122490911992;47.3586021341202;24658.8915767423
3162.3;98.0407237918014;133.754909805089;165.838353279897;53.7590366759732;24660.1685977391
2511.9;100.016260617956;166.953420580731;194.619364482585;59.0755723465476;24661.4806237357
1995.3;101.589018299268;210.184049544571;233.447345930434;64.2039600216959;24662.7576477325
1584.9;103.571445016649;263.186405278718;282.832332215343;68.5189306483483;24663.9996707294
1258.9;103.328675886687;332.407897612553;348.097437013968;72.73219310837;24665.2516927262
1000;108.510644332307;414.81048005317;428.768345724535;75.3404370950592;24669.2097687162
794.33;113.706709536908;520.448687780687;532.725118993229;77.6757736054303;24670.5367927129
630.96;121.308981962384;652.805786378083;663.981373107301;79.4729695838707;24671.8588147095
501.19;132.412151434059;818.335220115108;828.978594614022;80.8088171638611;24673.1858397062
398.11;148.728877297661;1026.65961737376;1037.37661863387;81.7570884392461;24676.0018946991
316.23;172.528007271517;1284.56112630095;1296.09536705316;82.3504434849764;24677.223915696
251.19;207.132707764009;1605.98866108936;1619.29106036353;82.6508363463251;24678.5609406926
199.53;257.964412808481;2003.2607079959;2019.80174830994;82.6622738408382;24679.8379646894
158.49;329.587535207047;2494.20909784128;2515.89088935074;82.4724838053061;24681.0899866862
125.89;431.872940569047;3097.68790949681;3127.648417172;82.0631066359326;24682.5070116827
100;569.888344844681;3830.66595751839;3872.82511917077;81.5381673432076;24683.8490366793
79.433;757.843880598728;4716.78292997351;4777.27626957563;80.872316365639;24685.2210646758
63.096;1000.03262744777;5785.54583657439;5871.33765704744;80.1933135290563;24686.6630906722
50.119;1295.5753957656;7062.07686645449;7179.93351458249;79.6043816679919;24688.3651226679
39.811;1648.55802789321;8595.81210568361;8752.4698986942;79.1432901607498;24689.8771506641
31.623;2045.90002503373;10454.1386032135;10652.4514008575;78.9270257482555;24692.1711956583
25.119;2482.45009718187;12702.3246471679;12942.6276283855;78.9419070823905;24693.7182226544
19.953;2955.66918014517;15470.5901038702;15750.4012159826;79.1839334285457;24695.5702576497
15.849;3446.88921678977;18879.4707028928;19191.5465581649;79.6532727797455;24697.4772896449
12.589;3998.64699260779;23113.5588409874;23456.8919524151;80.1849754381738;24699.39932664
10;4572.42344059214;28391.6799218612;28757.5128428293;80.8511851613457;24701.6613676343
7.9433;5212.02115625628;34989.8160670197;35375.8730342749;81.5276187271879;24703.9534086285
6.3096;5882.14302042243;43185.8918798509;43584.6402299121;82.2437462125721;24706.2454536227
5.0119;6590.31467199441;53511.6151249008;53915.9086054516;82.9789948419218;24708.6474996167
3.9811;7423.99627139802;66467.8349003487;66881.1542736647;83.6268734302867;24711.0145396107
3.1623;8253.057155619;82661.1203565693;83072.099835126;84.2983662773097;24713.5165876044
2.5119;9406.80889150594;102932.957203141;103361.896906476;84.7783732811707;24716.0936355979
1.9953;10553.1444680583;128254.796874374;128688.23481364;85.2961480782936;24718.7356845912
1.5849;12047.3715678561;160297.168666715;160749.250213677;85.701931062111;24722.9997635804
1.2589;13600.20838821;200298.200003835;200759.394781363;86.115590057326;24725.7168135736
1;16036.601729609;250151.845725563;250665.351644258;86.3319320568377;24730.7359075609
0.79433;18862.2936663907;312821.608700762;313389.765296331;86.5493978683859;24733.8829645529
0.63096;22542.7817121701;391548.299460066;392196.695316766;86.7049225144499;24737.3250285443
0.50119;27364.0174157043;490222.280073333;490985.410505673;86.8050873390237;24741.0920995347
0.39811;33602.9090050053;613531.080555632;614450.602002602;86.8650598819067;24745.2441735243
0.31623;42428.7357319583;768048.637645744;769219.674348815;86.8380659766428;24750.0112625122
0.25119;53840.1577570715;962346.287501799;963851.202030584;86.7978249113203;24755.4433644985
0.19953;70923.6299161206;1205543.9070321;1207628.36711577;86.6330996921455;24761.6804774828
0.15849;94579.9326492833;1510868.60962743;1513826.05315718;86.4179750847946;24768.9476144644
0.12589;128770.198855976;1889317.43660449;1893700.64697965;86.1009219491513;24777.4547704429
0.1;177457.535915976;2368104.85949779;2374744.57629246;85.7144635100017;24787.6569604172
