Frequency (Hz);Z' (Ω);-Z'' (Ω);Z (Ω);-Phase (°);Time (s)
10000;95.3369980688247;45.9930340664749;105.851322067393;25.7538637705023;28393.6477283129
7943.3;95.6299103433807;56.5910070718425;111.119853463224;30.6158157537157;28394.8597503099
6309.6;96.4887997429338;69.2467975976915;118.765346180473;35.6657439779977;28396.1517733066
5011.9;96.0166383849467;86.2273858143205;129.051760588987;41.9253074222838;28397.4487973033
3981.1;97.7896319416138;106.583787903017;144.647557736145;47.4639083914458;28398.7258233001
3162.3;97.9501103712983;133.044703558115;165.21233993445;53.6387735743336;28400.0078472969
2511.9;98.6570397436465;167.127701873165;194.074419294211;59.4462505559077;28401.3148702936
1995.3;100.209938383785;209.78368466618;232.489195669392;64.4670228217688;28402.6018932903
1584.9;102.66800855725;265.837781850221;284.974465944157;68.8831658854929;28403.8539142872
1258.9;105.134020461083;332.573991121842;348.795960167291;72.4570983775396;28405.120938284
1000;107.763247732973;415.078509390245;428.839231553721;75.4461063838027;28409.084016274
794.33;112.871035015921;520.678883585926;532.772343837264;77.7688572937911;28410.3860362707
630.96;120.303145950149;653.250297818709;664.235499296548;79.5652761594458;28411.6680592674
501.19;131.191913257306;819.228413432494;829.66650618139;80.9018560261747;28412.9700842641
398.11;147.106944863335;1027.39103595236;1037.86935304126;81.8514915772286;28415.8411392569
316.23;170.39325085795;1286.63408388309;1297.86791537029;82.4560276215309;28417.0681592538
251.19;204.398651638683;1609.17873857843;1622.10820276718;82.7610283073772;28418.4201842504
199.53;253.064803468062;2007.53312639088;2023.42063059342;82.8153277904793;28419.7122082471
158.49;324.000878926359;2499.27520600071;2520.18910498299;82.6134888005948;28421.0392332438
125.89;423.918693068879;3103.81048396424;3132.62614729233;82.2226592600555;28422.4212602403
100;559.78943081216;3840.43113885738;3881.01475636906;81.7068496493423;28423.7782852369
79.433;744.064467750744;4732.48833556464;4790.62394458432;81.0648288804243;28425.1753092333
63.096;981.608330083264;5805.7522719087;5888.15033405753;80.4034651648751;28426.5973362297
50.119;1275.29691972812;7098.79814723985;7212.44184508436;79.8154685890876;28428.3043672254
39.811;1620.74934719549;8641.62843253793;8792.30176987133;79.3775008141263;28429.8163962216
31.623;2017.11869963231;10519.2730185834;10710.923054896;79.1450372914979;28431.4384292175
25.119;2447.10372787092;12795.8072055224;13027.7012053493;79.1733322316606;28433.0054542136
19.953;2918.70025904346;15593.1142363247;15863.9220493928;79.3981246802905;28434.8874912088
15.849;3419.13331658841;19048.6597000696;19353.085258058;79.8240721249773;28436.804525204
12.589;3962.51993712787;23316.8942209396;23651.1970175427;80.3551838133162;28438.7365641991
10;4529.4128098327;28672.894949998;29028.4426935979;81.0232526384549;28441.0136031933
7.9433;5157.82954605333;35329.9434393072;35704.4550308612;81.6940481847398;28443.3206461875
6.3096;5825.22538221535;43686.3090624908;44072.9718791129;82.4048615784601;28445.7276931814
5.0119;6548.17289547618;54112.8916020924;54507.6472232003;83.1002155060441;28448.1547371753
3.9811;7335.71668540637;67176.3342190405;67575.6806728336;83.7679426649951;28450.5217811693
3.1623;8291.15019766752;83504.0698007515;83914.6759803616;84.3296657829711;28452.9788281631
2.5119;9427.79400811277;103943.99408625;104370.672156798;84.8174128281863;28455.5658721566
1.9953;10771.2652465263;129779.863467697;130226.084624799;85.2555289040663;28458.2329231499
1.5849;12163.6818553841;162020.21523597;162476.168410598;85.706568555843;28463.5740251364
1.2589;14012.6037327308;202429.392635652;202913.804523521;86.0401779832907;28466.3010721295
1;16241.5581250605;252654.712609407;253176.207440731;86.3218810966865;28471.3101681169
0.79433;19184.5405255083;315937.789648568;316519.720591305;86.5251222549364;28474.412222109
0.63096;22934.0498883874;395332.780987282;395997.447425386;86.6798777418459;28477.9142871002
0.50119;27844.1813554786;494925.365321667;495707.994361743;86.7799708463193;28481.6963570906
0.39811;34300.5757514119;619798.268939922;620746.666263945;86.8323958600979;28485.8784370801
0.31623;43299.0597287446;776035.15402229;777242.155863791;86.806479994434;28490.665522068
0.25119;55254.2503618057;971881.005408529;973450.420338364;86.7460717903593;28496.1026230543
0.19953;72195.1000339098;1217325.63943953;1219464.57304251;86.6059738236038;28502.2747400387
0.15849;96485.8035691505;1524575.63692024;1527625.73393522;86.3787520633964;28509.5418720203
0.12589;131788.653735002;1908376.87089024;1912921.98758917;86.049541098256;28518.0590299988
0.1;182795.997281303;2389600.44814203;2396581.87391598;85.6255944722531;28528.2212179732
