Frequency (Hz);Z' (Ω);-Z'' (Ω);Z (Ω);-Phase (°);Time (s)
10000;94.7658146422801;46.2409371588966;105.445644263516;26.0100415328286;30596.6745207508
7943.3;95.8981488701908;55.4395759575134;110.770038995561;30.0325902140647;30597.8715407478
6309.6;95.7909784468988;69.6476021762027;118.434370183274;36.0201102773499;30599.1985657444
5011.9;96.2936026075744;87.049669679576;129.807946191552;42.1136642704191;30600.5105887411
3981.1;97.1114182939524;106.968722190087;144.474686675704;47.7653024490479;30601.8176147378
3162.3;97.2540428888322;133.379631683895;165.071121055;53.9022597128846;30603.1096357346
2511.9;98.9566014333339;167.902958878798;194.894362585199;59.4862708027079;30604.4016597313
1995.3;97.6209886568189;210.091498049274;231.664185792546;65.0776201104974;30605.6936857281
1584.9;100.352069183556;265.58978316626;283.91630934436;69.3011226451717;30606.9657067248
1258.9;104.505702886308;332.483227915745;348.520499800277;72.5510904642998;30608.2377327216
1000;107.531602790029;414.978648467024;428.684411055627;75.4727194503356;30612.1708087117
794.33;112.678102773467;520.776970369842;532.827371399236;77.7913672204929;30613.4878307084
630.96;120.150176040772;653.147806555595;664.107010963605;79.5766538674018;30614.7848547051
501.19;131.157904926487;818.964639167182;829.400672914447;80.9012944588231;30616.0968757018
398.11;147.104317584672;1026.8426914679;1037.32617496769;81.8473423226622;30619.0029346945
316.23;170.748748298019;1285.92898848917;1297.21567153736;82.4363731673217;30620.2249546914
251.19;204.930551553608;1607.03544459776;1620.04921257152;82.7328151475587;30621.551979688
199.53;255.151508073653;2006.5023035623;2022.66007679814;82.7530299448946;30622.8940046846
158.49;325.483284522639;2499.3488379908;2520.45313038541;82.580285100823;30624.2260276813
125.89;426.14352516495;3103.86893353207;3132.98590175339;82.1824906340632;30625.6230516777
100;564.730702386983;3841.00391722053;3882.29723982102;81.6359071171513;30626.9950816743
79.433;749.651122325773;4727.99590100784;4787.05776496913;80.9904229285037;30628.4021036707
63.096;988.408488334483;5799.96573681295;5883.58342237244;80.3287760555719;30629.8541326671
50.119;1282.11433250765;7082.8058941233;7197.9133431467;79.7395477363454;30631.4861626629
39.811;1633.46635286068;8624.20879971546;8777.53893452018;79.2749519632805;30633.0231916591
31.623;2029.24048321266;10496.1776121037;10690.5360671735;79.0579225776247;30635.3672346531
25.119;2462.22768181091;12763.8885703331;12999.2083063915;79.0814316809125;30636.9242636492
19.953;2932.57937848554;15542.7072462221;15816.9456707951;79.315112141415;30638.8262966444
15.849;3434.13004585654;18980.9153184442;19289.0745111787;79.744676024991;30640.7633326395
12.589;3979.29218628976;23245.7058281345;23583.8420481489;80.2860365866716;30642.8053716344
10;4534.15373403471;28570.014169295;28927.569198216;80.9821821595125;30645.1174166285
7.9433;5132.68658234183;35207.8730522796;35580.0336764595;81.7057151740739;30647.4044566227
6.3096;5824.43326184995;43474.5314404084;43862.9559740882;82.3693239175415;30649.8565026166
5.0119;6511.62387595961;53893.824769373;54285.7770854747;83.1107353030926;30652.3035486104
3.9811;7315.00507345789;66908.9989483707;67307.6774186852;83.7607653194608;30654.7455946042
3.1623;8252.76969460815;83196.7412292311;83605.0594090805;84.335029910425;30657.3026405978
2.5119;9474.47534919991;103619.077378945;104051.328103039;84.7756514788703;30659.9296875911
1.9953;10580.0878016568;129429.525776788;129861.235173145;85.3268039240903;30662.5867405844
1.5849;12168.5022747796;161489.057855692;161946.868616625;85.6907993789026;30666.8608195736
1.2589;13931.3720856187;201810.584744957;202290.867918672;86.0510272160641;30669.5978665667
1;16076.6166771334;252039.595567857;252551.807235253;86.3502715607847;30674.641961554
0.79433;18970.5040373664;315425.400918019;315995.353712242;86.5582285787654;30677.8290205459
0.63096;22682.4416530278;394686.833216113;395338.069850991;86.7108600051518;30681.351084537
0.50119;27587.8353876032;494082.530205498;494852.134799518;86.8041231687976;30685.2081585273
0.39811;34366.9690886896;618804.57291356;619758.168984545;86.8211910403753;30689.4952385165
0.31623;43181.401460987;774987.60003279;776189.676327068;86.8108438770666;30694.3573275042
0.25119;55257.2381436395;970702.078902525;972273.566622556;86.741952587837;30699.7794274905
0.19953;72518.4715587846;1215773.39856173;1217934.26972377;86.5864648956243;30706.0415434747
0.15849;97070.8776473983;1523026.26927459;1526116.56572744;86.3531562105667;30713.3386784563
0.12589;131745.137530952;1906853.85441118;1911399.59279734;86.0476971733398;30721.8458334348
0.1;182413.911488387;2387510.80793028;2394469.18816852;85.630896722436;30732.063024409
