Frequency (Hz);Z' (Ω);-Z'' (Ω);Z (Ω);-Phase (°);Time (s)
10000;91.0923283822791;45.6465288228873;101.889243218721;26.6155312578342;84489.7293836839
7943.3;90.2316885906072;55.7164000320223;106.047512268986;31.6945635222702;84491.1114066804
6309.6;91.2303286588368;69.2640561564596;114.544674002961;37.2065611928158;84492.5734336768
5011.9;91.2323483107219;85.9744077487326;125.359244437872;43.3004629774996;84494.060462673
3981.1;91.4962382725779;107.169583978548;140.914446910767;49.5108935161078;84495.5374916693
3162.3;92.1750106903038;134.026804508833;162.663508269699;55.4823099632618;84496.9945156656
2511.9;92.9676650727752;168.471491424794;192.420451542912;61.1087575083852;84498.4915456618
1995.3;93.5626003769136;210.581888760007;230.431534437069;66.0441798328803;84499.9585706581
1584.9;95.7795531833536;263.652389592358;280.510793635046;70.0349457591823;84501.3855966545
1258.9;98.2146540285185;329.671677352613;343.990600328594;73.4103340399136;84502.8376246508
1000;102.085746950512;416.437848957178;428.767981284197;76.226109962295;84507.0607046402
794.33;106.875249043074;522.538590576273;533.356257579732;78.4406737559595;84508.5677296364
630.96;113.91919127026;655.647967805611;665.471141243028;80.1432304859913;84510.0297576327
501.19;124.192228768965;821.72059080553;831.052609069;81.4055439009332;84511.5267876289
398.11;139.245552055643;1031.45544720785;1040.8120211364;82.3116031465131;84514.6028436211
316.23;161.365022960042;1292.03274221156;1302.07038119359;82.8810559670893;84515.9998676176
251.19;193.807240067698;1615.5283271245;1627.11186525216;83.159190044457;84517.5368986137
199.53;240.021961617577;2017.3660536669;2031.59453054647;83.2149646626663;84519.00892361
158.49;307.757695684843;2514.91105822436;2533.67172894052;83.0232207531962;84520.5659526061
125.89;402.526258382874;3126.73382434146;3152.53735853657;82.6642625927179;84522.1129806022
100;533.522975671892;3871.66427540061;3908.25165860428;82.1539434499581;84523.6750095982
79.433;709.206458088465;4776.84045455294;4829.20060967112;81.5551167237933;84525.2670415942
63.096;937.998031898167;5871.96524260197;5946.4120373693;80.9241506890081;84526.8990715901
50.119;1222.48729155302;7181.00439934947;7284.31873008624;80.3386439510446;84528.7711055854
39.811;1553.43714316554;8764.33956319158;8900.94460923623;79.9489841676829;84530.488138581
31.623;1933.66425980038;10674.4749235416;10848.2013422939;79.7323044819617;84532.2801715765
25.119;2352.22220149041;13024.999797459;13235.6929931527;79.7631263347091;84534.0072045721
19.953;2800.73508318115;15898.6278143075;16143.4346836116;80.009164392295;84536.044241567
15.849;3288.72673108142;19461.9336115286;19737.8464734954;80.4086236166606;84538.1362785617
12.589;3788.23218374003;23859.8815297109;24158.7385781991;80.9784537729489;84540.2833175563
10;4345.24025258129;29371.5240174318;29691.2030062648;81.5846687798992;84542.7503635501
7.9433;4939.15445233092;36240.4910554296;36575.5169292609;82.239072402003;84545.2324115438
6.3096;5540.55382763548;44887.427141778;45228.0759277394;82.9634470710541;84547.8394595372
5.0119;6287.31736554795;55646.315700879;56000.3822374188;83.5536532405348;84550.4365085307
3.9811;7070.26354874095;69145.4001933651;69505.9349591765;84.1616763502506;84553.093556524
3.1623;8011.27359196095;86058.2637782892;86430.3492362425;84.6815905154505;84555.7156055173
2.5119;9179.7981094412;107258.666919485;107650.77948011;85.1082266040737;84558.4626555104
1.9953;10338.9725757605;133852.783510398;134251.487915046;85.5831654277846;84561.3047065032
1.5849;11982.0282920799;167127.006581122;167555.976708557;85.8992443480355;84566.955813489
1.2589;13877.7075292402;208994.982080377;209455.229825001;86.20101641113;84569.8978684815
1;16350.4700532363;260967.904250399;261479.607082096;86.4149230779945;84575.0769664685
0.79433;19586.8938470512;326601.030110892;327187.834859536;86.5679722106519;84578.40902346
0.63096;23841.3737340736;408620.797155663;409315.730176177;86.6608083090049;84582.1110944507
0.50119;29517.5124695904;511430.931123667;512282.032529361;86.6968076179842;84586.1131674406
0.39811;37011.8957219753;639833.029594759;640902.633935406;86.6893474945457;84590.4652464296
0.31623;47275.1548021652;801378.824583681;802772.047814752;86.6239047315657;84595.4173404171
0.25119;61664.0574557376;1002587.07981905;1004481.61187848;86.4804600654357;84601.0394444029
0.19953;81762.7996621241;1254718.33287255;1257379.51719242;86.271633954307;84607.5065623866
0.15849;110489.017102436;1570488.71620806;1574370.55061288;85.9756853572286;84615.0037013676
0.12589;152143.289371812;1966393.39061782;1972270.40417036;85.5757399125992;84623.7058643457
0.1;208596.543142668;2456279.06749767;2465120.55998044;85.145871941032;84634.0930573194
