Frequency (Hz);Z' (Ω);-Z'' (Ω);Z (Ω);-Phase (°);Time (s)
10000;93.1609009175764;46.6413849497834;104.184318636772;26.5950240572614;47254.8069546931
7943.3;93.7163212127318;56.2977216535113;109.326036812025;30.9942835471646;47256.0889766898
6309.6;94.5326476036256;69.077390491801;117.08162682551;36.1565419092463;47257.4310016865
5011.9;94.6727066462969;86.073521815301;127.951446031004;42.2761491612209;47258.7780266831
3981.1;95.7242421413236;107.128343267662;143.664931228205;48.2177050757283;47260.1150526797
3162.3;96.2534220748102;133.200286415178;164.338180476105;54.1473063105094;47261.4470786763
2511.9;97.3854490797531;167.943646979188;194.136535080688;59.8918492343303;47262.8041016729
1995.3;98.960075646299;209.831354393632;231.996322941954;64.750628984924;47264.1611276695
1584.9;99.1070591038404;263.979038700377;281.970108411135;69.4220901469668;47265.3831506664
1258.9;100.688226886572;330.192385522809;345.203027928211;73.041540805696;47266.705174663
1000;105.660497736508;415.67125136202;428.890114121081;75.7379002789719;47270.7432516528
794.33;110.659322690541;521.498369802574;533.109778005498;78.0198244317387;47272.1052746494
630.96;117.895863144251;654.149018218126;664.688176953875;79.7833823177056;47273.457297646
501.19;128.639654306177;820.668073461958;830.689019705795;81.0913823489298;47274.8293236425
398.11;144.243695967523;1029.25781131589;1039.31606645002;82.0223311197951;47277.6653796354
316.23;167.093305164773;1288.4197656871;1299.20963098497;82.6106361649326;47278.9224016322
251.19;200.605138228065;1611.21569529963;1623.65588665313;82.9028849358354;47280.3294266286
199.53;249.251084251769;2011.4003549298;2026.7850134665;82.9359654049399;47281.7064526252
158.49;317.671668004869;2503.62494027635;2523.6983041217;82.7686850965455;47283.0784786217
125.89;415.712911823332;3111.51589857717;3139.16364851454;82.3900848696718;47284.5055046181
100;550.664993294487;3851.21892874029;3890.38804901613;81.8627411415178;47285.9275286145
79.433;731.827751302028;4747.73602072439;4803.80777925799;81.2372534274586;47287.4245566107
63.096;964.692807375011;5829.44398933171;5908.72654954997;80.6034955110349;47288.9415866069
50.119;1252.54075171859;7128.71665849014;7237.91817664103;80.0346471120346;47290.6136156027
39.811;1596.54221989785;8684.6574661485;8830.18812734164;79.5833473533887;47292.2056485987
31.623;1977.92683679872;10577.6468371391;10760.9854187694;79.4085095400305;47293.8626755945
25.119;2413.63564941732;12886.1525820648;13110.2465810676;79.3911604977205;47295.4647075904
19.953;2873.0451480884;15704.4835095586;15965.1242001104;79.632710909931;47297.4067425855
15.849;3358.60928180936;19178.7422258974;19470.6037316586;80.0670024455166;47299.3787795805
12.589;3879.69417959319;23523.6597500706;23841.446998122;80.6346687925056;47301.4758165753
10;4443.84646689185;28910.949069747;29250.4828598574;81.2615660428295;47303.8078625694
7.9433;5034.23074798025;35669.0899652399;36022.5964940381;81.966502831024;47306.1449045635
6.3096;5682.21113098756;44097.6579546135;44462.2419634818;82.6576012028492;47308.5869505573
5.0119;6400.74545887484;54691.8578587909;55065.1328744015;83.3248752936715;47311.0539965511
3.9811;7201.65737808258;67944.4677882138;68325.0654739161;83.949622405841;47313.5110395449
3.1623;8124.5198085272;84533.4360495955;84922.9629279985;84.5101570702848;47316.0930875383
2.5119;9310.86581834769;105202.568589971;105613.790104393;84.9422629560838;47318.7551365316
1.9953;10396.7538620916;131292.480368953;131703.484738639;85.4723252364882;47321.4871905247
1.5849;11851.4665206953;164055.717315016;164483.238180781;85.8681021454244;47325.7762705139
1.2589;13810.9152832156;205037.261806153;205501.873738234;86.146487482079;47328.6633225066
1;16121.5738049372;256005.520521289;256512.634541311;86.3966401699339;47333.7324154938
0.79433;19104.8682844795;320458.859201991;321027.843703952;86.5882227924752;47336.9144744858
0.63096;23007.3639056275;400842.434115322;401502.174068064;86.714968346177;47340.4315384769
0.50119;28173.685555975;501807.805322603;502598.080020701;86.786537922484;47344.2486104673
0.39811;35103.9108000098;628196.330547622;629176.377708948;86.8016108511306;47348.4956904565
0.31623;44472.4879610852;787030.259458502;788285.754970091;86.7658435003219;47353.3277784443
0.25119;57572.4704837189;985220.279532299;986901.002410728;86.655659061666;47358.8098804305
0.19953;76079.6150714969;1233796.15006988;1236139.57454516;86.4714360768047;47365.1419954145
0.15849;101855.460691518;1545484.75768126;1548837.52249802;86.2293639195414;47372.4141303962
0.12589;136681.215976789;1933989.62940776;1938813.4622644;85.9574460116255;47380.9462903746
0.1;193309.099741737;2418197.83566281;2425912.03064894;85.4295331402006;47391.2134803487
