Frequency (Hz);Z' (Ω);-Z'' (Ω);Z (Ω);-Phase (°);Time (s)
10000;95.6757716125435;45.7488719888768;106.050990386277;25.5555271007485;27299.5154720753
7943.3;95.1758661978579;56.4442192567389;110.654396180248;30.6701368037044;27300.7274900723
6309.6;96.4413569716407;68.9235878903186;118.538585710333;35.5521929747414;27302.029514069
5011.9;97.3737600084273;86.2651982706039;130.089713547403;41.5383212689624;27303.3365400657
3981.1;97.041696988071;106.913604058964;144.387013568401;47.7710852357499;27304.6235640625
3162.3;98.1418452104063;133.167584430582;165.424990023815;53.6105282282722;27305.9005870592
2511.9;99.0301398445454;167.366076603884;194.469463400832;59.3872902067072;27307.2076120559
1995.3;98.0570133253218;210.411129786412;232.137936150636;65.0132667469911;27308.4996360527
1584.9;102.049620103763;262.217845146057;281.375768815234;68.7350685016137;27309.7566590495
1258.9;105.833352147809;331.570221960278;348.051017119086;72.2975227275655;27311.0136820463
1000;108.019087489961;414.802986190709;428.636956660172;75.4037509025511;27314.8567530366
794.33;113.24075372047;520.793001461281;532.96230511569;77.7326122066971;27316.1687780333
630.96;120.767055253576;653.035398110513;664.10835924567;79.5225564628044;27317.46080003
501.19;131.775895775975;819.050893444357;829.583782845085;80.8600915876435;27318.7628260268
398.11;147.795264309942;1026.62549837482;1037.20940704652;81.8078585151967;27321.5888780196
316.23;171.377330723391;1285.18587270284;1296.56196029377;82.4045149865669;27322.7809000166
251.19;206.083816072249;1607.30383705656;1620.46171317425;82.6935663536083;27324.1129250132
199.53;255.805899855204;2006.92761935696;2023.16463189196;82.7361651120538;27325.40494701
158.49;327.398563908687;2498.75891321625;2520.11625248263;82.5353731123111;27326.7619720066
125.89;427.991454849854;3102.04621747877;3131.43216768284;82.1444570753561;27328.1389970031
100;566.275496118043;3836.30616628698;3877.87479671472;81.6032289699255;27329.4910219997
79.433;752.262235990302;4725.42114413213;4784.92460349253;80.9547145321978;27330.8730479962
63.096;990.349575810534;5793.59163836153;5877.62676208695;80.2996846301005;27332.3250769925
50.119;1286.20242556678;7079.06360024081;7194.9606069657;79.7022052856458;27333.9521069884
39.811;1638.96761668122;8618.5730165943;8773.02773795324;79.2328017643721;27335.4841359845
31.623;2032.13739729746;10483.859737104;10678.9932759959;79.0301176437895;27337.7981799787
25.119;2469.35206129689;12751.7213285435;12988.6141078816;79.0404070007036;27339.3452069748
19.953;2943.2573836374;15536.3427959074;15812.6756590489;79.2728165152214;27341.2222399701
15.849;3440.6453056208;18971.625023887;19281.094267859;79.7207095304422;27343.1492749652
12.589;3987.34994109713;23211.2946073894;23551.2877971417;80.2525893148187;27345.1013139603
10;4552.29639971988;28537.7003754232;28898.5076643818;80.9366141297406;27347.3883559545
7.9433;5189.70160301561;35149.7618800189;35530.8142736747;81.6012182233651;27349.6803989487
6.3096;5826.0016280174;43472.3798984992;43861.0317823133;82.366920092719;27352.0574429427
5.0119;6568.09037075553;53806.6996772919;54206.0950565589;83.0404347956093;27354.5044869365
3.9811;7370.29871252128;66814.1947637764;67219.4757867364;83.7051316716689;27356.9065319305
3.1623;8293.14367726004;83113.5101611556;83526.23422231;84.3018344125868;27359.3435769243
2.5119;9581.1726108021;103588.244796627;104030.396176521;84.7155847554227;27361.8706239179
1.9953;10578.1721313424;129053.06280622;129485.870832715;85.3140771270195;27364.4676719114
1.5849;12129.7013923016;161384.409557942;161839.60363345;85.7017133745004;27369.9987768974
1.2589;13768.0193327684;201500.300790855;201970.120500911;86.091195878609;27372.8158268903
1;16225.6617816242;251702.875784255;252225.315498496;86.3116138973225;27377.7799188777
0.79433;19076.2471993872;314806.58904948;315384.038461334;86.5323038751513;27380.8869748699
0.63096;22858.3364057989;394014.91646176;394677.409966176;86.6797707143946;27384.409040861
0.50119;27709.3713025256;492861.347953455;493639.663686456;86.7821367059645;27388.1861118515
0.39811;34158.0247652419;617088.317986118;618032.978772815;86.8317088602549;27392.3981888408
0.31623;43105.3032647623;773043.337676184;774244.192161027;86.808462197034;27397.1902758287
0.25119;54629.9246857535;967482.820170927;969023.960486562;86.7681660516777;27402.6123798151
0.19953;71949.033265388;1212244.71555;1214377.99459918;86.6033709712616;27408.8694937993
0.15849;94779.0452261596;1518443.42766114;1521398.53766898;86.4283139225223;27416.1616297808
0.12589;131924.464839781;1900599.05506147;1905172.12674441;86.029351574381;27424.6587867594
0.1;183202.685645211;2381956.7926463;2388991.70908178;85.6018867197288;27434.8559737336
