Frequency (Hz);Z' (Ω);-Z'' (Ω);Z (Ω);-Phase (°);Time (s)
10000;95.9131489536555;45.6841575991584;106.237349353939;25.4688130491241;22565.4608180277
7943.3;96.7720523951748;56.1556007452867;111.885126892892;30.1260525236524;22566.6778390246
6309.6;97.5059023328437;68.5917433312631;119.215050404569;35.124948142577;22568.0048630213
5011.9;97.9140293735983;85.7472878486949;130.152812192364;41.2099483524462;22569.3518870179
3981.1;97.3317636070141;106.695910514505;144.421222565698;47.6278290251418;22570.6489110146
3162.3;98.1865593925413;133.157213378987;165.443174293176;53.5959316994672;22571.9559330113
2511.9;98.8864977298959;167.331131718093;194.366270415786;59.4184863103632;22573.262958008
1995.3;100.221907943083;210.180661790729;232.852617383916;64.5064684218761;22574.5649850047
1584.9;102.832702410394;264.314086020649;283.613294388602;68.7412304721579;22575.8620080014
1258.9;104.469288141737;329.124771843544;345.307033820492;72.3897574518612;22577.1340299982
1000;108.729471520847;414.65185790487;428.670340986128;75.3067754042328;22581.0971049882
794.33;113.948868345844;520.395840945964;532.725234873622;77.6491159088524;22582.3291269851
630.96;121.463697614479;652.516926782835;663.725673434663;79.455282898024;22583.6161519818
501.19;132.755441961033;818.423481312019;829.120619773235;80.7863731261585;22584.9231739786
398.11;148.809452958929;1026.34452076668;1037.07633691919;81.7501870046537;22587.7842309713
316.23;172.584470794926;1284.48202043697;1296.02448294213;82.3475039878937;22588.9812499683
251.19;207.199983982068;1605.98461316644;1619.295652773;82.6484571359691;22590.3482739649
199.53;257.819023910563;2003.99466608816;2020.51114097399;82.6690210566306;22591.6753009615
158.49;329.69498934742;2495.86096701747;2517.54260195973;82.4749843074333;22593.0123239581
125.89;430.590188850642;3098.88091895007;3128.65320234878;82.089389753117;22594.4293519545
100;570.507456480817;3831.01417656022;3873.26069080117;81.5298667238231;22595.7863769511
79.433;757.408540517756;4716.2806228492;4776.71127562805;80.8765162781325;22597.1934019476
63.096;999.204838767702;5782.98853612266;5868.67674341864;80.1970246543321;22598.6654279439
50.119;1294.83371056031;7060.86792903178;7178.6106071602;79.6084631081308;22600.3924609395
39.811;1648.78264032362;8593.91049033739;8750.64464545119;79.139500615516;22601.8394889358
31.623;2046.21109523862;10450.2837470277;10648.7281043169;78.9213996569492;22604.16853393
25.119;2489.63571051888;12706.2359232447;12947.8460489861;78.9140199694502;22605.725560926
19.953;2957.08284379475;15461.5543382779;15741.7915594314;79.1727078934295;22607.6475969212
15.849;3450.1582748773;18907.5097183994;19219.7168520525;79.6586984760253;22609.5646319163
12.589;4006.96364600074;23122.3578329279;23466.9808329562;80.1686293202613;22611.5216669114
10;4576.9393508158;28394.1897958181;28760.7091008199;80.8430982210823;22613.8137119056
7.9433;5167.86337803243;34960.6349647987;35340.526439711;81.5914579258781;22616.1207508998
6.3096;5882.624581021;43215.2238229884;43613.7689500944;82.2483198325687;22618.427795894
5.0119;6602.37270880834;53493.6758798013;53899.57963212;82.9639422088485;22620.8298398879
3.9811;7425.81033616618;66365.6807685649;66779.8341044943;83.6155976391094;22623.2668858817
3.1623;8297.70623496729;82606.7022390147;83022.4016971747;84.2639742559687;22625.8139328753
2.5119;9545.09197069195;102780.138778983;103222.408943775;84.6942150348691;22628.4359808687
1.9953;10602.3811109879;128270.83032599;128708.260798372;85.2748890235845;22631.1280318619
1.5849;12034.9916099409;160070.455500193;160522.246891484;85.7002727830521;22635.3721118512
1.2589;13940.6349775591;200007.077426647;200492.324851417;86.0128919450556;22638.1391588442
1;16068.8225066098;249993.576174064;250509.471248188;86.3222618450801;22643.2282548313
0.79433;18883.5599845206;312587.933314098;313157.795514127;86.5429407571354;22646.3403128235
0.63096;22538.8255835305;391167.646669515;391816.444856072;86.7023006377185;22649.9073788145
0.50119;27310.1031064522;489640.748350778;490401.778317733;86.8075899415399;22653.7794498047
0.39811;33641.4690485751;613469.00879471;614390.733321484;86.8611527336432;22657.9615277941
0.31623;42326.2757981849;767844.305136402;769010.006796627;86.8448484978281;22662.783617782
0.25119;53902.9651107829;961684.006726876;963193.468853476;86.7918940023826;22668.2307157682
0.19953;70153.6331927646;1204186.35316218;1206228.13157055;86.6658242612821;22674.4078317526
0.15849;92888.4524410926;1508991.1470354;1511847.39521822;86.4775079590453;22681.7249657341
0.12589;126441.65804307;1889292.27780178;1893518.63044706;86.1711661836182;22690.3021267125
0.1;173083.631087265;2362802.92932388;2369133.94010804;85.810365757687;22700.5043156867
