Frequency (Hz);Z' (Ω);-Z'' (Ω);Z (Ω);-Phase (°);Time (s)
10000;92.6184978793799;44.9254668838304;102.939223448416;25.8761373565897;60760.8450275936
7943.3;92.4387794272804;56.4305052981451;108.302030776017;31.4025437953342;60762.2070505902
6309.6;92.5510319543772;68.9196021975506;115.393262727461;36.6738004849711;60763.6090765866
5011.9;93.0251847764241;85.5302178864937;126.368916962989;42.5963873454595;60765.0061025831
3981.1;94.0797374748477;107.462213350552;142.82550298016;48.7988888665348;60766.4181315795
3162.3;95.2423844580073;133.820383021641;164.252874280195;54.5598547437007;60767.8451575759
2511.9;97.192426387745;167.511677109068;193.666026228221;59.8771424318586;60769.2321835724
1995.3;97.6943092825644;209.785588384085;231.417741670457;65.0292417453036;60770.6442095689
1584.9;99.3354746790117;265.106183817711;283.105678551481;69.458990287774;60771.9412335656
1258.9;102.857785558831;330.465493173738;346.102826091652;72.7111830722218;60773.3082585621
1000;104.061081164655;416.075111083152;428.890669840245;75.9582739293697;60777.3813345519
794.33;108.874033843177;521.807396094691;533.044570241933;78.2144368038318;60778.7983585483
630.96;116.075902512642;654.870989322268;665.078662866318;79.9487160124659;60780.1953855448
501.19;126.452841627592;820.909686849486;830.591978723015;81.2429941861256;60781.6174105412
398.11;141.825026209685;1030.51445312266;1040.22804045751;82.163868632825;60784.6234695336
316.23;164.380706229346;1290.29900589658;1300.7276967906;82.7397775532607;60785.9504905302
251.19;196.841350377554;1613.47425771963;1625.43707892443;83.0443763812728;60787.4325175265
199.53;244.073002095877;2014.72334355509;2029.45356719929;83.0925814122241;60788.8545445229
158.49;311.983239234738;2510.49722832224;2529.80826842215;82.9160855349409;60790.3565735191
125.89;408.336895078929;3120.48342159774;3147.08687588205;82.5448104133747;60791.8336015154
100;541.153622281409;3864.09784863321;3901.80720009588;82.0277730514602;60793.2156285119
79.433;718.568120431085;4765.29743040845;4819.17002646278;81.4248670085215;60794.7326525081
63.096;949.042262313975;5852.39417153834;5928.84463911089;80.7889222366972;60796.3096825041
50.119;1231.2945127323;7159.55896156936;7264.66590431197;80.2417817622126;60798.1317174995
39.811;1570.50081014084;8731.12320983639;8871.24485627563;79.8030270574137;60799.7637484954
31.623;1955.6644264476;10646.3980944775;10824.5284301426;79.5912289846428;60801.495779491
25.119;2373.56110171222;12964.2965003998;13179.7866467496;79.6249390191721;60803.1528094868
19.953;2828.45895424479;15816.3219205381;16067.2405580405;79.860880118272;60805.1548484817
15.849;3302.38871763496;19332.1225814694;19612.1578299615;80.3060804676471;60807.1718834767
12.589;3844.48165593542;23736.6247533034;24045.9433976286;80.8000297711245;60809.2389224714
10;4385.4506017154;29189.6873079384;29517.2834474195;81.455801859336;60811.6309684654
7.9433;4950.07157893986;36048.5728862977;36386.8494895525;82.1812303897736;60814.0530134593
6.3096;5637.92098426834;44556.9166618831;44912.1918351671;82.7885160794621;60816.4750584532
5.0119;6322.22855678307;55248.9205340097;55609.4757581612;83.4719411869596;60818.9721024469
3.9811;7141.81094950398;68616.1491152164;68986.8203575152;84.0578492893725;60821.5491504403
3.1623;8037.0086408405;85442.6739042473;85819.834722519;84.62638856673;60824.1061974339
2.5119;9228.93360494236;106511.684458329;106910.767192248;85.0478525677177;60826.8932494269
1.9953;10414.7841577153;132842.990970925;133250.620933461;85.5172261020384;60829.6752994198
1.5849;11983.7371868604;165862.865091971;166295.219334415;85.8675105869725;60835.3514084055
1.2589;13920.2560270373;207447.654445906;207914.171866581;86.1610650252777;60838.1834573984
1;16243.8615042983;258979.323071822;259488.251786685;86.4109602822142;60843.3125573854
0.79433;19358.3190198923;323973.488195588;324551.329636612;86.5804832661732;60846.5446153772
0.63096;23327.2754509463;405255.536658253;405926.362499571;86.705581859457;60850.186680368
0.50119;28747.9224323423;507500.660633645;508314.237050038;86.7578835386222;60854.0887523582
0.39811;35880.679403932;635232.66623558;636245.206981751;86.7671225980529;60858.3758363474
0.31623;45830.4087840758;795157.361108933;796477.027474765;86.7012981814311;60863.2979243349
0.25119;59461.9022080851;995940.285135897;997713.771264472;86.5832524041723;60868.8400283209
0.19953;78701.1377246225;1246840.48762612;1249321.84430709;86.3882559225477;60875.2321443048
0.15849;105626.401356955;1560600.51488883;1564170.99568267;86.1279450346159;60882.6442832861
0.12589;143746.880944371;1952145.57543195;1957430.84512832;85.7886070906062;60891.3214412642
0.1;198256.243807826;2446314.6753007;2454335.15005599;85.3667143695029;60901.6386332381
