Frequency (Hz);Z' (Ω);-Z'' (Ω);Z (Ω);-Phase (°);Time (s)
10000;98.1781112518555;45.7268196284295;108.304586986483;24.9739243750524;13988.4900086825
7943.3;97.8288371289495;56.2897755433088;112.867268083881;29.9157101520316;13989.6470286795
6309.6;98.1330549414322;68.6332099021612;119.752302581672;34.9685303910936;13990.9190506763
5011.9;98.4047646329279;85.6658630569921;130.468915055508;41.041066586244;13992.1660726732
3981.1;99.3021186381269;107.366418432248;146.247935277696;47.2345735746281;13993.42309667
3162.3;99.4626362748255;133.483662215269;166.465323996135;53.3091120894033;13994.6601216669
2511.9;100.115921683185;167.735809077846;195.342006290182;59.1684288204284;13995.9021446637
1995.3;100.990808970854;210.525041992481;233.495046633806;64.3725352335715;13997.1441646606
1584.9;104.012809385998;264.982515775033;284.665414447968;68.5686489703119;13998.2561856578
1258.9;105.818666622203;331.057112936644;347.5577681935;72.2741082101349;13999.4832086547
1000;109.833732672146;414.422179910691;428.729742418957;75.1562414918902;14003.4062846448
794.33;115.15016240065;519.861185330995;532.461465192217;77.5105357060966;14004.6883076416
630.96;122.841078676294;651.839490986543;663.313389447214;79.3276078567557;14006.080332638
501.19;134.155180901309;817.386882699431;828.322961514261;80.6793204422248;14007.3273566349
398.11;150.74236428911;1024.83726396031;1035.8642179326;81.6324173415725;14010.1534096278
316.23;175.261020898567;1283.38121467283;1295.29292734173;82.2236800658959;14011.3004276249
251.19;210.391347079877;1602.67126166126;1616.42187930038;82.5212377606984;14012.5924546216
199.53;261.261704799574;2001.32919471104;2018.31023977919;82.5624338549576;14013.8544746184
158.49;335.379731662275;2490.9532119044;2513.42942377675;82.3318603886294;14015.1314986152
125.89;438.459060986808;3090.52970414453;3121.47724649101;81.9252312404772;14016.4685246118
100;580.223680660598;3820.74045080737;3864.54617154913;81.3649493781366;14017.7705486085
79.433;771.668933806977;4702.95790377504;4765.84577888153;80.6818473644514;14019.1175726051
63.096;1015.12203182787;5759.38880448223;5848.16485238725;80.0039906362927;14020.5095986016
50.119;1316.54978796681;7028.01151373447;7150.26217570934;79.3898144224257;14022.0916285976
39.811;1677.24111886719;8549.77219562388;8712.73449428376;78.9010163406502;14023.5686545939
31.623;2084.75059421242;10393.355265567;10600.3782345895;78.6578453086381;14025.8477005881
25.119;2529.21465301535;12620.6743397939;12871.6101382912;78.667894833555;14027.3447265844
19.953;3008.22824356682;15351.4817236563;15643.4468157483;78.9129844633577;14029.1667585798
15.849;3520.53329243084;18716.289988342;19044.5179931345;79.3471409314383;14031.043792575
12.589;4038.86435943312;22897.1807276959;23250.6625839065;79.996423791868;14033.03583057
10;4647.70538211096;28113.6784981857;28495.2642384353;80.6128622203835;14035.2628735644
7.9433;5262.83888755568;34653.2669796391;35050.6260360427;81.3644014771958;14037.4999125587
6.3096;5933.73833457365;42709.3835868124;43119.6091933666;82.0903636259808;14039.8619565528
5.0119;6690.29093186105;52931.5738049368;53352.708443156;82.7962942874962;14042.1689985469
3.9811;7497.05640779313;65631.4962230285;66058.3011532619;83.483374645521;14044.6010445408
3.1623;8447.97943569366;81638.0672297003;82074.005492281;84.092010316708;14047.0230885347
2.5119;9503.52782245171;101631.675889646;102075.043890317;84.6578344924907;14049.4801365285
1.9953;10682.8997678325;126774.807777232;127224.118131759;85.1832509926757;14052.1021855219
1.5849;12170.6604626968;158220.378272786;158687.784901302;85.6013442762456;14056.2112635115
1.2589;13637.066256211;197597.248380375;198067.266714043;86.0520231697014;14058.9133115047
1;16169.1174405284;246873.494279112;247402.430336455;86.2527329704675;14063.8724034921
0.79433;18908.0642001801;308524.530549195;309103.38212708;86.4929887400191;14066.9544614844
0.63096;22432.3920922045;386216.832081726;386867.746908711;86.6758595758592;14070.4315244756
0.50119;27016.1524742764;483608.002881923;484362.026738219;86.8025667571342;14074.1585914662
0.39811;33197.2545498379;605437.520433588;606346.970684622;86.8615096670549;14078.3156704557
0.31623;41364.4434297565;757999.825348473;759127.625902634;86.8764377456246;14083.0477564437
0.25119;52672.160934729;949770.283083759;951229.702630515;86.8257542268833;14088.3348554304
0.19953;68587.6652353612;1188401.75781557;1190379.35373627;86.6968837427334;14094.5319704147
0.15849;90749.3229433534;1489565.70390265;1492327.51963424;86.5136586505552;14101.7641043965
0.12589;121174.542102132;1865617.65791485;1869548.74640308;86.2837769575409;14110.3062603749
0.1;169150.521108906;2336953.61997536;2343067.24630501;85.860106433922;14120.4684503492
