Frequency (Hz);Z' (Ω);-Z'' (Ω);Z (Ω);-Phase (°);Time (s)
10000;92.9378096543932;46.2081860513164;103.79129501798;26.4363212957397;53912.7412308834
7943.3;93.444152003459;55.8626588864821;108.868940481264;30.8717703896095;53914.0432528801
6309.6;93.6752211089841;69.3248302702528;116.537458106037;36.5034830311838;53915.4402818766
5011.9;94.2474330857668;86.3265057723159;127.807841082282;42.488314433997;53916.8323078731
3981.1;94.5941285327477;107.292428876523;143.037458195725;48.5990600108559;53918.1993318696
3162.3;95.8169010611133;133.332810633735;164.190489738129;54.2978583960144;53919.5813578661
2511.9;97.0258485356487;167.856980172132;193.88135824924;59.9709327987879;53920.9433798627
1995.3;96.9056916956218;209.070978000076;230.437381787147;65.1319853711037;53922.3304068592
1584.9;98.9211576348786;263.587598135884;281.538305242588;69.4295093444332;53923.6624318558
1258.9;102.497999474771;328.906586471862;344.507449151543;72.6912657523394;53924.9994578525
1000;105.144248359101;415.70739645034;428.798265419206;75.805945005516;53929.0925368421
794.33;110.153171236495;521.770722085556;533.271420159696;78.0790959563572;53930.5095578386
630.96;117.377318396239;654.461655859558;664.904123813597;79.8321360336175;53931.8765848351
501.19;127.907055997021;820.506064145362;830.415809262527;81.1395882782951;53933.2936108315
398.11;143.352200328277;1029.33370454352;1039.2678810818;82.0715851298339;53936.284667824
316.23;166.083825549098;1289.23773342743;1299.89144562234;82.659398774909;53937.6066908206
251.19;199.263966093368;1612.65184353099;1624.91602756178;82.956069971895;53939.0137178171
199.53;247.09761801785;2012.70208046742;2027.81332906852;83.0008728287924;53940.4057408136
158.49;315.356474617811;2507.17348633757;2526.92868848281;82.8308903844223;53941.8677708099
125.89;412.916317154668;3114.92566274155;3142.17468791575;82.4488637998275;53943.3447958061
100;546.582268856363;3856.76603175093;3895.30440406086;81.9337380056205;53944.7918248025
79.433;727.014611461913;4756.53012672039;4811.76985023991;81.3098492184965;53946.2738517988
63.096;960.160177724835;5838.16618504882;5916.5946262302;80.6605903858203;53947.8358807948
50.119;1246.66314170276;7139.55595733365;7247.58085548403;80.0952404492014;53949.5529117905
39.811;1587.84424556252;8707.7449321615;8851.33160330977;79.6657434852782;53951.1599397864
31.623;1974.18785328854;10606.0754618797;10788.2461217364;79.4557802195846;53952.8719717821
25.119;2393.09434681268;12920.0563731116;13139.8157231039;79.50641644017;53954.5340057779
19.953;2859.32655116566;15749.6691416631;16007.1179916328;79.7101193674461;53956.491038773
15.849;3349.56173430531;19250.9891570247;19540.2187125888;80.1296760159919;53958.5180757678
12.589;3877.39142665715;23611.4531961655;23927.7012333034;80.6743189768137;53960.5651137627
10;4423.04115490964;29030.8190331518;29365.8261725025;81.3372199575189;53962.9121597567
7.9433;5017.76598151012;35827.119072758;36176.794171109;82.0273007898194;53965.3042047507
6.3096;5679.83383643235;44274.0505338018;44636.8912792895;82.689563438706;53967.6912477447
5.0119;6407.2905034254;54895.3413677662;55268.0004657204;83.3426567566574;53970.2282947383
3.9811;7178.42950751173;68241.4264159883;68617.9432035314;83.995045223477;53972.8103417318
3.1623;8094.14577643655;84833.8740730286;85219.137440417;84.549809626741;53975.3223877254
2.5119;9264.98844775704;105756.258194005;106161.321384646;84.9932714260514;53977.8944347189
1.9953;10481.6993033464;131990.873378058;132406.407229364;85.4595386915898;53980.6964877118
1.5849;11995.6963606588;164874.860025444;165310.665716362;85.8386993162939;53984.9705697011
1.2589;13869.3867972172;206124.95903612;206591.041983366;86.1505810717433;53987.7976186939
1;16200.1782376761;257220.123204561;257729.776231428;86.3961705593209;53992.9567176809
0.79433;19261.4257314948;321824.948749443;322400.837714159;86.5748973206032;53996.2237766726
0.63096;23187.9696224029;402606.845577064;403274.043351073;86.7037155282662;53999.8258416635
0.50119;28472.3805961159;503935.582562612;504739.286988371;86.7662242503838;54003.7329166537
0.39811;35519.242820352;630882.238127079;631881.329835566;86.7775975002467;54008.0049926429
0.31623;45157.9260956195;789845.813108029;791135.669005981;86.7277854781339;54012.9270836305
0.25119;58365.9184259046;989395.831226556;991115.881863563;86.6239500976512;54018.4441876165
0.19953;76855.1647175066;1238505.6211862;1240887.94419705;86.4490776395576;54024.7963036005
0.15849;103518.426103585;1550931.37696633;1554382.25691161;86.1814012928872;54032.1834405819
0.12589;140532.104711968;1943211.03897271;1948286.01966964;85.8635975374407;54040.7856015601
0.1;196117.558521753;2427308.15199503;2435218.05214688;85.3807461717823;54051.0927905341
