Frequency (Hz);Z' (Ω);-Z'' (Ω);Z (Ω);-Phase (°);Time (s)
10000;93.4333797003034;47.069392260483;104.619903125516;26.7378188159821;54530.9646793225
7943.3;92.8138319872647;55.7152724434146;108.252477992904;30.9759984264945;54532.2566993193
6309.6;94.0207673560767;69.444364960849;116.886374394286;36.4498220363343;54533.6337273158
5011.9;94.4428785663309;85.57140288441;127.443800569117;42.1786282498639;54535.0157533123
3981.1;94.5639015047783;107.149562003006;142.910321898879;48.5702706526414;54536.3927783088
3162.3;95.3302037625472;133.497568814969;164.040996793229;54.4694852355665;54537.7548043054
2511.9;96.1866503378774;166.108479277507;191.947645442988;59.9266165859487;54539.121828302
1995.3;96.5093685682128;209.235921679252;230.420765432288;65.2386442683385;54540.4888512985
1584.9;98.7747824042378;265.360911463443;283.148143154274;69.5833203988517;54541.8308772951
1258.9;101.372393036417;331.439673343252;346.595757527139;72.9935001265241;54543.2129052916
1000;105.017602135985;415.794473990003;428.851654257058;75.8252014197493;54547.2709782814
794.33;109.919027020152;521.591819111009;533.048044987118;78.0997485443382;54548.6780062778
630.96;117.148077953056;654.61639654249;665.016013935281;79.8539300450448;54550.0800292743
501.19;127.697692434028;820.846253141804;830.719731287222;81.1574700180192;54551.5020552707
398.11;143.057785537404;1029.91240063317;1039.80050152943;82.0920515505497;54554.4281142633
316.23;165.790205178512;1289.60682432543;1300.22004040849;82.6743095364897;54555.73513326
251.19;198.92332144027;1612.78873978566;1625.01015596588;82.9685819254498;54557.1721632564
199.53;247.082641512327;2014.3421641077;2029.43937722682;83.0069347598983;54558.5541862529
158.49;315.275869245027;2510.00633404879;2529.72936708519;82.8407089390186;54559.9712122493
125.89;410.800955718733;3116.25579454485;3143.21612401275;82.4902752661079;54561.4332412456
100;545.059049441906;3857.68368111898;3895.99958302747;81.9578109471455;54562.7652642423
79.433;725.105986635441;4757.11468496106;4812.05972715704;81.3333653798762;54564.2772932384
63.096;958.875546496707;5844.0050073099;5922.14799199855;80.6820215069311;54565.8093222346
50.119;1244.14838151862;7147.9041385552;7255.3730964858;80.1261434880403;54567.5963552301
39.811;1581.84433702755;8709.97658801231;8852.45297475839;79.7065378828934;54569.203383226
31.623;1973.63798755181;10620.932276017;10802.7519326164;79.4730669036324;54570.9054172217
25.119;2396.04505450177;12924.2556727365;13144.4823632376;79.4971033457784;54572.5624462175
19.953;2859.64041618621;15765.2055911003;16022.4608172261;79.7189392549861;54574.5094822126
15.849;3339.11454189164;19268.3482023571;19555.5344690742;80.1685505988602;54576.5115212076
12.589;3866.93736562613;23635.4965543912;23949.7369915061;80.7083188945814;54578.5585562024
10;4421.02613711804;29051.0341683225;29385.5076245778;81.3470407091104;54580.9106031964
7.9433;5050.76200881548;35806.8485694472;36161.3136009329;81.9710708179897;54583.2626441905
6.3096;5657.06455162227;44329.924413709;44689.4235571055;82.7276336219966;54585.6746901844
5.0119;6400.06186546952;54938.5906016636;55310.1213990625;83.3552883573069;54588.196738178
3.9811;7215.40962957248;68255.6508729878;68635.9673365046;83.9655866471571;54590.6737821718
3.1623;8125.32127577061;84957.5293382184;85345.1969186827;84.5368596249155;54593.1908271654
2.5119;9269.62496736118;105710.895538446;106116.536800707;84.988640018171;54595.8878791586
1.9953;10556.6626686396;132165.088605761;132586.024048043;85.4332054833665;54598.6649291516
1.5849;12091.7982491888;164829.365539538;165272.294499307;85.8043265448074;54602.859008141
1.2589;13944.0597782128;206213.292643162;206684.200813301;86.1315713121838;54605.7560621337
1;16279.4327503188;257486.331449676;258000.447313729;86.3823208435238;54610.9001591207
0.79433;19334.5445289329;321906.050173469;322486.169859151;86.5627904450797;54614.1072151126
0.63096;23355.9121923122;402789.433177968;403466.016058557;86.6813965427747;54617.7142841035
0.50119;28574.0111034226;504180.207870229;504989.263369635;86.7562773386277;54621.6113570937
0.39811;35752.8062425809;631300.327467486;632311.921929972;86.7585965972999;54625.853433083
0.31623;45451.0070215695;790599.966296309;791905.360978822;86.7097296429347;54630.7255250707
0.25119;58289.9050791366;990015.03374489;991729.539781401;86.6304407127588;54636.2526250567
0.19953;77324.6417278382;1240470.02254482;1242877.69995712;86.4330853684808;54642.5947450407
0.15849;104008.057349175;1552321.84010959;1555802.29183363;86.1668198571929;54649.9668780221
0.12589;141833.344119152;1943691.21325446;1948859.21245908;85.826459474276;54658.5940390003
0.1;195601.922079245;2431983.62867019;2439836.97857888;85.4016580836998;54668.9962309741
