Frequency (Hz);Z' (Ω);-Z'' (Ω);Z (Ω);-Phase (°);Time (s)
10000;94.5901321343027;46.1332373012024;105.240527749883;25.9992891548974;36200.2722726031
7943.3;94.9091744894047;55.7381097708426;110.065836130412;30.4247967098025;36201.5042956
6309.6;95.3384974252311;68.9572098250471;117.662763345743;35.8777717187483;36202.8263185966
5011.9;95.5615899121204;86.1373637278118;128.653266171169;42.030885731869;36204.1333415933
3981.1;96.8941869683647;108.08936897383;145.161272911962;48.1261047087267;36205.4303685901
3162.3;97.0975461962787;133.878721648001;165.382724573763;54.0479385077808;36206.7323935868
2511.9;97.3263396403786;168.31657665041;194.429643735485;59.9620460750614;36208.0394145835
1995.3;99.2092003040709;210.159181475047;232.399111408015;64.7295532985017;36209.3514415802
1584.9;101.577379222219;262.939389365697;281.877786371434;68.8777152657845;36210.5384625772
1258.9;104.185380503873;331.599452872544;347.581343941397;72.557779407561;36211.810484574
1000;107.06531691613;415.502971997669;429.075403426073;75.550555898052;36215.8135625639
794.33;112.070466101345;521.252687529083;533.164283901749;77.8660002381922;36217.1505845605
630.96;119.390801724363;653.949701017192;664.758884857405;79.6535289020373;36218.4526075572
501.19;130.025709017127;819.741866693461;829.990007780508;80.9869532219844;36219.7846315538
398.11;145.685912393188;1028.52797779655;1038.79458324545;81.9379671645807;36222.6456885466
316.23;168.62966393238;1287.05242077013;1298.0523476995;82.5356224986243;36223.8727075435
251.19;202.216018187074;1610.07737023271;1622.72624189877;82.8414773748728;36225.2147345401
199.53;251.188308102553;2010.6627590624;2026.29225355275;82.8790390374319;36226.5217585368
158.49;320.20501193105;2502.95181782703;2523.3507588184;82.7096960423684;36227.8587825334
125.89;417.141832258046;3109.42934963167;3137.28516213787;82.3591721988255;36229.2558095299
100;552.323879912476;3849.06896582103;3888.49502660967;81.8340600437336;36230.6278335265
79.433;734.102446516669;4744.19879310191;4800.6591829093;81.2039904291894;36232.0448595229
63.096;967.801038039152;5827.28801209228;5907.1079578;80.5703376779818;36233.5018865192
50.119;1261.76023223491;7122.22338771226;7233.12552553355;79.9538176341232;36235.2589195148
39.811;1602.32680388519;8680.72728463859;8827.37092098875;79.5418079055983;36236.8059475109
31.623;1994.45473831519;10566.4869295449;10753.0691309705;79.3110142568246;36238.4229795068
25.119;2428.38034386644;12858.7067472332;13085.9990182568;79.3055822855639;36239.9850085028
19.953;2891.96576115223;15673.8611882023;15938.4249695731;79.5459950270888;36241.882043498
15.849;3394.43089123565;19158.649009079;19457.0293962994;79.9528919872557;36243.8240794931
12.589;3920.36638664152;23468.4043017555;23793.597312642;80.5163819086928;36245.7911154882
10;4490.35543712084;28843.5561458166;29190.9921566321;81.1512420845126;36248.0831574824
7.9433;5128.25568048718;35583.1594960865;35950.8031349562;81.7989840278543;36250.4101994765
6.3096;5774.09409495516;43967.5761250873;44345.1002133578;82.5183785031903;36252.7572444706
5.0119;6512.93306970606;54485.0062136055;54872.8912967697;83.1834220143225;36255.2192904644
3.9811;7338.62136398267;67644.3699771086;68041.2827122171;83.8082951604864;36257.6263344583
3.1623;8246.77252349926;84109.5688466578;84512.8914936947;84.4001638265235;36260.1633814519
2.5119;9421.36813827545;104661.890817727;105085.077756733;84.8562590799745;36262.6754284455
1.9953;10562.1898945128;130685.315747319;131111.447278047;85.3793097484953;36265.3124754389
1.5849;12190.0620785676;163170.317402183;163625.028936921;85.7275068632753;36270.9735814246
1.2589;13951.4673661389;203934.551230407;204411.21453388;86.08640788836;36273.8106344174
1;16285.6771240103;254609.70956429;255130.020741973;86.3401586317837;36278.7897284049
0.79433;19284.2729693025;318565.827799282;319148.977478225;86.5358469384259;36281.9717873968
0.63096;23054.2420090652;398535.204438848;399201.461985959;86.6892753665012;36285.5138483879
0.50119;28247.2403169045;498776.504313886;499575.727834231;86.7586270065961;36289.3709213781
0.39811;34983.4860442144;624637.385655971;625616.26246041;86.7944372888047;36293.5729983675
0.31623;44163.7430837908;781674.548196418;782921.155354257;86.7662900234864;36298.3450863555
0.25119;56626.8853021506;979504.195679229;981139.680928376;86.691311574909;36303.7671893418
0.19953;74713.5115022136;1227184.53901888;1229456.79127327;86.5160157984571;36309.9443013262
0.15849;99493.3071646681;1536468.96329491;1539686.91406373;86.2950121557845;36317.2664393077
0.12589;135419.418470771;1922531.23932375;1927294.68039392;85.9708498051299;36325.853597286
0.1;188447.225142248;2406602.42602861;2413969.26111966;85.5226324749676;36336.0357842603
