Frequency (Hz);Z' (Ω);-Z'' (Ω);Z (Ω);-Phase (°);Time (s)
10000;92.7518009002919;45.0098423096344;103.095986706494;25.8859957613616;63289.1578422102
7943.3;93.3115417502953;56.5209431865097;109.094733339927;31.2042518773871;63290.4848662069
6309.6;92.7086398713524;69.1899452580805;115.68120172099;36.7345704767354;63291.9018922033
5011.9;93.2695771088292;85.6189234139744;126.608901980184;42.5510823782447;63293.3139161997
3981.1;94.1641780935695;106.189287209353;141.926238427107;48.4347419983538;63294.7659421961
3162.3;95.1174462064966;134.319326994927;164.587393737236;54.6960049614542;63296.1679701925
2511.9;95.8824494352207;167.113251051364;192.666247139072;60.1546362438546;63297.5999971889
1995.3;97.9163856047595;209.977785295718;231.685754606524;64.9995211968804;63299.0020211854
1584.9;97.9556315452841;262.570317813612;280.247172239394;69.5412467465939;63300.2890461821
1258.9;100.890509831596;331.386524220212;346.404277411282;73.0671478260048;63301.6510701787
1000;104.013789976083;416.077790393842;428.881797426996;75.9644897861828;63305.7891481682
794.33;108.858912964278;521.786079784387;533.020614975184;78.2155599157247;63307.2361731646
630.96;116.072210358327;654.929143147385;665.135279895177;79.9499034779297;63308.643202161
501.19;126.534649625828;820.959924485476;830.654088756041;81.2379446801673;63310.0802261574
398.11;141.807740692016;1030.19475628228;1039.90897255081;82.1624105775327;63313.0962861498
316.23;164.423470924389;1290.01183637574;1300.4482364863;82.7363095711694;63314.4533071464
251.19;197.212984020121;1613.53984663014;1625.54723023643;83.0316537513659;63315.9353351426
199.53;245.204494961676;2014.81630092971;2029.6822339572;83.0611879862858;63317.4173621389
158.49;312.742988798937;2509.94863836048;2529.35769401058;82.8974743158768;63318.9143901351
125.89;409.833823680642;3119.52866148447;3146.33482529368;82.5155253802371;63320.4214181313
100;541.836624957458;3862.86571017263;3900.6817895046;82.0153274867797;63321.9084501276
79.433;720.412930853795;4764.28178051131;4818.44120801046;81.4013749483108;63323.4504761237
63.096;948.705934095862;5849.43492961543;5925.86972057214;80.7875521691937;63325.0275031197
50.119;1238.07242608849;7152.72848195211;7259.08727518615;80.1799201581761;63326.894539115
39.811;1572.07042933581;8727.94713977556;8868.39707667109;79.7894138110429;63328.5365711108
31.623;1955.74271725685;10635.3707431316;10813.6968895915;79.5802648547278;63330.2986011064
25.119;2377.75369983665;12954.9764368026;13171.3752939926;79.5996979750307;63331.9706341021
19.953;2835.59502381424;15799.9101861733;16052.3444091579;79.8254949476898;63333.9626710971
15.849;3321.02327696703;19339.2589842258;19622.3376197923;80.2559546083207;63336.004709092
12.589;3834.26685161249;23699.73496185;24007.8953586379;80.8100184868591;63338.1767480865
10;4391.45871245497;29165.7668991861;29494.5226854218;81.4373563015902;63340.5887940804
7.9433;4994.28051357975;35947.1372117718;36292.4167226471;82.0903000625393;63343.0158360743
6.3096;5644.26437186509;44509.4520506129;44865.9006612518;82.7728703097327;63345.5328850679
5.0119;6317.33563824755;55187.3086858805;55547.7071494129;83.4697302907779;63348.0949320614
3.9811;7135.01751822665;68570.1425549751;68940.3577376489;84.0595065978636;63350.651978055
3.1623;8081.33426087394;85356.8640115131;85738.5689017254;84.5915274398927;63353.2890280483
2.5119;9284.37044279234;106307.955061908;106712.608645669;85.0087561302271;63356.0460780414
1.9953;10328.2861027279;132678.221027179;133079.614625069;85.5488082471739;63358.8381310343
1.5849;11988.436415741;165793.83175861;166226.704403645;85.8641803266037;63363.1172100235
1.2589;13757.3557692434;207195.133803145;207651.362406956;86.2012471372178;63365.9842610163
1;16253.9383014957;258840.130786286;259349.963978734;86.406813508576;63371.2033610031
0.79433;19415.0770761015;323832.62135405;324414.105536283;86.5689929589109;63374.4504189949
0.63096;23458.3748209812;405186.690533851;405865.186404324;86.6865466952911;63378.0924859857
0.50119;28892.4566387058;507017.219714774;507839.773095726;86.7385182155238;63382.0645609757
0.39811;36200.3411785783;634609.138457033;635640.797396315;86.7351849949071;63386.3766389648
0.31623;46017.2032659419;794698.745231148;796029.948348917;86.6859761395709;63391.2837309524
0.25119;59535.7718758443;995222.433679436;997001.605129938;86.5765561655416;63396.8158319384
0.19953;78856.8828751409;1246000.80325494;1248493.6562469;86.3786951745565;63403.1979509223
0.15849;105068.5023103;1559145.129394;1562681.3253798;86.1447502850335;63410.5350869038
0.12589;145945.693901271;1951852.68980365;1957301.47607927;85.7237857483103;63419.172248882
0.1;201994.549186733;2442219.63640371;2450558.82409238;85.2718616800723;63429.4344388561
