Frequency (Hz);Z' (Ω);-Z'' (Ω);Z (Ω);-Phase (°);Time (s)
10000;98.5783653260752;46.0615119475413;108.808809355009;25.0447005542544;5886.13198913894
7943.3;99.4170575625982;56.2992282023096;114.251277588396;29.5225933533593;5887.26400513609
6309.6;99.0233126823701;69.4894719511003;120.972737286685;35.0592051944084;5888.48103013301
5011.9;98.9550353531286;85.3629418161918;130.686383595436;40.7824920234575;5889.68305212998
3981.1;100.089316962958;106.029644448677;145.808630992902;46.6508015897279;5890.88507312694
3162.3;99.2844271066062;133.792950417687;166.607175857934;53.421807237581;5892.0920961239
2511.9;101.133747266941;166.532844831295;194.836401228974;58.7301047400693;5893.31411812081
1995.3;103.151398346737;209.366403135407;233.397732942599;63.7712872317397;5894.51614211778
1584.9;104.289985036038;262.61760234364;282.567524743271;68.3411183812727;5895.67816311484
1258.9;106.97650416037;329.066401810521;346.018307670124;71.9911260926494;5896.85018411188
1000;111.395727957875;413.657871228382;428.394494171508;74.9281151433905;5900.71825910212
794.33;116.981805216856;519.242920553547;532.25741262736;77.3036377300846;5901.94028109903
630.96;124.900183884341;650.467731482404;662.350606276017;79.1305929052856;5903.13730209601
501.19;136.812655252103;815.737754321401;827.131057609647;80.4791642221563;5904.35932509293
398.11;153.917720775037;1022.63799772729;1034.15624504437;81.4406326204494;5907.10037708601
316.23;179.233993747571;1279.45164091883;1291.94478441015;82.0255248338921;5908.22739408316
251.19;216.125181910439;1598.76197556788;1613.30404722034;82.3012641118967;5909.46441908004
199.53;268.832524768991;1994.67266303338;2012.70712201908;82.3241988402323;5910.67644007698
158.49;344.582961599706;2480.91346158001;2504.72933094052;82.0925733934381;5911.91346207385
125.89;451.789389226082;3077.79528433234;3110.77763018761;81.6491941562467;5913.20548607059
100;597.948318413499;3797.80964915136;3844.59364857728;81.0524842920585;5914.45750906743
79.433;794.141619265577;4671.99637569357;4739.00950051206;80.3531199634053;5915.80453506403
63.096;1045.01784045986;5717.61283419211;5812.32817454397;79.6422778731985;5917.17156206058
50.119;1356.23582670892;6967.55212420799;7098.32080292263;78.9850968803026;5918.80359205646
39.811;1722.71751697568;8463.17101585615;8636.72503249481;78.4943708775123;5920.23061605285
31.623;2143.3225482757;10266.4465502833;10487.790821511;78.2077534398305;5922.45466004724
25.119;2589.59316031263;12455.9445106857;12722.2854231942;78.2554983848019;5923.91168804356
19.953;3080.73752016684;15131.6303924678;15442.0588653981;78.4921009570054;5925.70371903904
15.849;3612.0244481175;18458.8562447524;18808.9365589401;78.9282754706787;5927.5407520344
12.589;4163.20465573872;22515.1543881945;22896.8218346957;79.523946410995;5929.39278702972
10;4753.66154357744;27616.4750174049;28022.6156962164;80.2333084985629;5931.55482902426
7.9433;5403.79185464825;33981.4479574385;34408.4258822234;80.9643777812803;5933.76186701869
6.3096;6082.43036712394;41878.5271326158;42317.9275717531;81.7361546677187;5936.06891301287
5.0119;6788.09401261477;51849.4616937109;52291.9200092298;82.5412986483456;5938.390954007
3.9811;7610.90262046185;64288.0496801222;64737.0000105969;83.2483208086619;5940.76300000101
3.1623;8537.41390675333;79930.4385182276;80385.0884053218;83.9033209408302;5943.19504099487
2.5119;9603.39585774841;99410.9955571223;99873.7765865435;84.4821802632033;5945.71208898852
1.9953;10765.4758823791;124005.640266944;124472.062283023;85.038340949214;5948.294137982
1.5849;12107.6387600186;154735.176486593;155208.14978177;85.5258655731943;5952.44821597151
1.2589;13761.2374896122;193353.243879532;193842.329164668;85.9290386854047;5955.10026396482
1;15932.8301728377;241428.949186552;241954.112555747;86.2243048365388;5959.99435695246
0.79433;18538.5250187991;301743.350870349;302312.299955425;86.4842777436511;5963.01140994484
0.63096;21830.2041035507;377856.4798707;378486.561441063;86.6934807610447;5966.44847393617
0.50119;26103.1536509861;473082.208012504;473801.80473328;86.8418057085271;5970.15554292681
0.39811;31758.0018543174;592247.6394155;593098.50537243;86.9305771391659;5974.24261891649
0.31623;39339.9612914042;741896.682056293;742938.974210227;86.9646653444628;5978.9497039046
0.25119;49761.9746260242;929736.762026383;931067.506028422;86.9363013563399;5984.22680089128
0.19953;64059.161632189;1164998.12628674;1166757.99137637;86.8526754456334;5990.32391387589
0.15849;84715.47379657;1459344.03213505;1461800.84677385;86.6776868457279;5997.53604685768
0.12589;114066.541280897;1828890.67704213;1832444.34687971;86.4311279149999;6005.94320383645
0.1;153506.04815004;2289068.19850276;2294209.5205572;86.1634608549086;6016.05539281092
