Frequency (Hz);Z' (Ω);-Z'' (Ω);Z (Ω);-Phase (°);Time (s)
10000;93.8098228251044;45.1480311519906;104.108729582963;25.7002044739331;52687.1905409776
7943.3;93.3713712617444;56.0466404190551;108.901050837728;30.9745018739647;52688.4725609744
6309.6;93.7544502941238;69.6212118360558;116.777609529714;36.5972475589545;52689.8445859709
5011.9;95.0272133829731;86.7288348613034;128.654817553531;42.3858800783941;52691.1966129675
3981.1;95.7808595481801;107.619529051706;144.069205901536;48.3310722494897;52692.588636964
3162.3;95.9851478294123;133.413187064349;164.353968879675;54.2665804443087;52693.9506639606
2511.9;97.243957717026;168.901723601567;194.895304068751;60.0691223385205;52695.3126869571
1995.3;95.5104967102595;209.301000608763;230.06339091144;65.4713245550244;52696.6947149536
1584.9;98.6330051298421;262.872894379855;280.76792605386;69.4333176895178;52698.0267369503
1258.9;102.347827408834;331.939238273168;347.359663289622;72.8637419511207;52699.3737659469
1000;105.353599036042;415.630442714934;428.775052610642;75.7763027422736;52703.4018379367
794.33;110.312946588739;521.457285206287;532.997792190362;78.0553311720474;52704.7938649332
630.96;117.593252329128;654.337161292249;664.81974522523;79.811924529954;52706.1758889297
501.19;128.128061872175;820.716603298708;830.657897795049;81.1267628337966;52707.5679169262
398.11;143.647801620865;1029.09615527895;1039.07342749221;82.0536343328734;52710.5339719187
316.23;166.363638140331;1289.06978043593;1299.76065447775;82.6462192790746;52711.8209929154
251.19;199.812627325033;1611.5450460317;1623.88500868376;82.9320687104412;52713.2230189119
199.53;248.211845960086;2012.5374939825;2027.7860550759;82.9690578741644;52714.6400469083
158.49;316.883218493256;2506.79820142184;2526.74735516125;82.7954790268628;52716.0420729048
125.89;414.198043585491;3114.62420920714;3142.04455472695;82.424971586815;52717.5091009011
100;549.07326737169;3856.05850514195;3894.95425493289;81.8959968870716;52718.9261268975
79.433;728.412669010293;4751.22119102024;4806.73359178294;81.2838144949017;52720.3981548938
63.096;960.415044805156;5835.44673666716;5913.95262703105;80.6538782998849;52721.9451798899
50.119;1250.49996401544;7135.6939126753;7244.43771285211;80.0600935514704;52723.8422148851
39.811;1591.73511591345;8700.39155915717;8844.79699947293;79.6324024868486;52725.4942488809
31.623;1978.1370507241;10601.2198643754;10784.1962521217;79.4304318776263;52727.1862778767
25.119;2403.39629898404;12902.5103154145;13124.4461296219;79.4482440774693;52728.8383098725
19.953;2866.8391492749;15733.5602468306;15992.6134433514;79.6733282412536;52730.8053448675
15.849;3362.63227209687;19248.7044709081;19540.2128853732;80.0907695262932;52732.8073838625
12.589;3875.47684297499;23580.2110259429;23896.5619449416;80.6667102640889;52734.8144178574
10;4434.56341018103;28984.412942526;29321.6907128799;81.3013038423916;52737.1714628514
7.9433;5031.05478114262;35744.5598759939;36096.8845323162;81.9882356350321;52739.5485068454
6.3096;5670.44862034044;44187.4776499763;44549.8279303419;82.6873679733203;52742.0205518392
5.0119;6399.85670268063;54808.1379938342;55180.5233408131;83.3398263396822;52744.5376008328
3.9811;7191.72265274571;68094.3114059361;68473.0320678339;83.9711049297159;52747.0146468266
3.1623;8116.20071254689;84711.2000681057;85099.1194489401;84.5271827082383;52749.63669282
2.5119;9310.47169755521;105521.84096562;105931.788449004;84.9576992377372;52752.3087438132
1.9953;10548.9095710605;131673.958743166;132095.839844544;85.4195963822675;52755.0657958063
1.5849;11947.1655004039;164553.199179561;164986.333142241;85.8474026550355;52760.6468997922
1.2589;13862.4105840764;205769.673370813;206236.09021297;86.1458883484226;52763.4539487851
1;16191.8187355453;256816.881109606;257326.806642508;86.3923845540066;52768.6580487719
0.79433;19181.3646286722;321296.213879569;321868.267777928;86.5835004571895;52771.9301077637
0.63096;23131.8573189305;402167.12102021;402831.821052791;86.7080871325631;52775.4671717548
0.50119;28391.7388636441;503297.129807886;504097.303810045;86.7712819181019;52779.3742457449
0.39811;35477.4455571087;630483.378038568;631480.751192133;86.7793495884737;52783.671325734
0.31623;44892.8765101885;789277.38908785;790553.07683083;86.7446122661301;52788.5684157217
0.25119;57985.0447969226;988368.227071585;990067.683395801;86.6424512003108;52794.0505177078
0.19953;76627.4471887694;1237866.06797202;1240235.5292037;86.4577474881468;52800.3826326918
0.15849;102564.877536675;1549488.05979258;1552878.87536147;86.2129592259479;52807.7397686733
0.12589;142263.915196912;1938711.3151486;1943924.01730427;85.8031201264886;52816.3319306516
0.1;195642.222266571;2425030.75492811;2432909.78901409;85.3875848210035;52826.6791216255
