Frequency (Hz);Z' (Ω);-Z'' (Ω);Z (Ω);-Phase (°);Time (s)
10000;95.0302086979672;45.1305958543985;105.202239744942;25.4034119553176;32823.0327411298
7943.3;94.9028425500949;55.8168085775333;110.100252696663;30.4617802950687;32824.2597641267
6309.6;96.3676650333441;69.579078617425;118.861158690418;35.8299192048785;32825.5667881234
5011.9;95.9948596885353;85.6445573365589;128.646816081848;41.738659269128;32826.8838121201
3981.1;96.8758790886737;107.393501697614;144.631601512528;47.9474985182496;32828.1958351168
3162.3;96.9330878301032;133.560904441398;165.028902654907;54.0293770137204;32829.4928601135
2511.9;96.8448635007033;167.080133158956;193.118353563002;59.9020796340114;32830.8048831102
1995.3;99.6310587226039;208.868817047089;231.414197051169;64.4987165068943;32832.0969091069
1584.9;100.521104292349;263.910652401344;282.40631164876;69.1486298770498;32833.3589301037
1258.9;101.018308871709;331.921902705281;346.953668697701;73.0727082167129;32834.6359551005
1000;107.522340133996;415.159350204173;428.857015437362;75.4799731774955;32838.4940290908
794.33;112.604273793209;520.843565600351;532.87685472704;77.8006401316031;32839.8010500875
630.96;120.080920894196;653.492562300462;664.433560670155;79.5879059575778;32841.1030730842
501.19;130.913678526465;819.096443113346;829.492238870422;80.9193914129614;32842.3950980809
398.11;146.785907563296;1027.11552714835;1037.5511595909;81.8668845054353;32845.2961530736
316.23;170.213198461515;1286.38622470325;1297.59857122177;82.4624722219499;32846.5131750705
251.19;204.272592258458;1608.77248676127;1621.68930628158;82.7636379765056;32847.8751980671
199.53;253.304265798678;2008.07140111574;2023.98463508268;82.8105079651509;32849.2072240637
158.49;323.965559733423;2500.33989478302;2521.24042354889;82.6173953763876;32850.5392500604
125.89;424.379166680744;3104.92192091994;3133.7896885595;82.2170676264841;32851.9212740569
100;561.281061603739;3841.88675727259;3882.67050956188;81.6881664004018;32853.2683010535
79.433;745.850289389267;4734.24007433209;4792.63202589078;81.0469911577825;32854.6853260499
63.096;982.222229104269;5806.06730645432;5888.56332855682;80.3980865218159;32856.1623550462
50.119;1274.88728494644;7093.37627571416;7207.03299410947;79.8110522971803;32857.824383042
39.811;1623.11712643877;8642.28536749087;8793.38419377236;79.3631263129827;32859.3464140381
31.623;2020.67636843267;10514.6948010825;10707.0976340862;79.121726422956;32860.993442034
25.119;2454.80223830639;12794.5558307436;13027.9205146182;79.1390436859222;32862.55547203
19.953;2920.10684003;15578.6709889323;15849.9846605159;79.3835209686575;32864.4475080252
15.849;3405.86486878099;19024.3570344884;19326.822710422;79.8500600256231;32866.3695440204
12.589;3951.40987311061;23300.5515630231;23633.2254067534;80.3750999952806;32868.4265820152
10;4519.34873010868;28628.5584882643;28983.0790990244;81.02922838827;32870.7036220095
7.9433;5110.34937232905;35317.2978936013;35685.1117584441;81.76654938585;32873.0056670036
6.3096;5794.25953941639;43629.4818335317;44012.556488718;82.4350415760766;32875.4077099976
5.0119;6517.46881889777;54050.91869422;54442.4394337219;83.1244595794158;32877.8497549914
3.9811;7351.46168614645;67112.6947996278;67514.1303150005;83.7487968379819;32880.3217999852
3.1623;8222.48515999795;83486.3056876124;83890.2407886152;84.3751347486188;32882.773846979
2.5119;9436.16752884852;103845.163838741;104273.003746547;84.807925192459;32885.3408929725
1.9953;10523.8439057403;129682.710768235;130109.01876023;85.3605732729016;32887.9929419658
1.5849;12040.6573184171;162066.10678164;162512.769947526;85.7510318585373;32893.6340499516
1.2589;13881.1229704016;202376.105904736;202851.605406721;86.0761869225783;32896.3810979446
1;16128.3267804311;252767.236355825;253281.264012358;86.3490757909709;32901.4801929317
0.79433;19019.1850904751;316063.394977804;316635.119729952;86.556366250079;32904.5972489239
0.63096;22786.6060714583;395538.756623223;396194.570138589;86.7028896948273;32908.119314915
0.50119;27803.7618333393;495174.241181624;495954.209884221;86.7862479932608;32911.9463869053
0.39811;34392.8896702781;620044.947082516;620998.073477231;86.8251492414572;32916.1384638947
0.31623;43344.7980313065;776465.896691009;777674.777937762;86.8048833515744;32920.8555518828
0.25119;55861.9546259032;972294.63387094;973898.050634075;86.711758586942;32926.2976548691
0.19953;73047.2484460212;1218163.58560551;1220351.7615019;86.5683645652354;32932.5497688533
0.15849;97699.8410814243;1526227.30084738;1529351.18033734;86.3372682990133;32939.8469018349
0.12589;131825.789136807;1910299.89568712;1914843.00404596;86.0523967717483;32948.4240628132
0.1;185098.319826284;2392765.01496082;2399913.70778679;85.5765512707282;32958.6562517874
