Frequency (Hz);Z' (Ω);-Z'' (Ω);Z (Ω);-Phase (°);Time (s)
10000;92.3021763491792;45.2718011818866;102.806749491691;26.1267416782802;55765.0525282068
7943.3;93.2221065129222;55.9525634779563;108.72465452905;30.9724776624898;55766.3745502034
6309.6;94.1800946551189;69.1661609932797;116.849681453547;36.293678619399;55767.8415801997
5011.9;94.3488232939273;86.2397763392782;127.824095850499;42.42895025141;55769.2886041961
3981.1;95.8377088493009;106.810697003074;143.503977059055;48.0994200591421;55770.7456331924
3162.3;93.9975041906327;134.789666725242;164.328284388202;55.1094566082038;55772.1876591888
2511.9;96.2664392832177;167.837193132116;193.485272645586;60.1626954884519;55773.6296841851
1995.3;96.3487436843861;211.082945342572;232.032519755432;65.4656880493987;55775.0817121815
1584.9;99.8049424551052;263.856971958319;282.101981895696;69.2806776417246;55776.4987391779
1258.9;99.6282556042304;330.965808295081;345.635871366324;73.2470072920159;55777.9307641743
1000;104.811896651268;416.035360191408;429.034910711507;75.8597137570862;55782.1138461637
794.33;109.729430083602;521.858610245936;533.270060020523;78.1255923725879;55783.57086916
630.96;116.900463986826;654.670791224279;665.025986982884;79.8757553363487;55785.0678981562
501.19;127.379812679526;821.12392634022;830.945316544145;81.1820712704832;55786.5649241525
398.11;142.687811231358;1029.92642113629;1039.76355217357;82.1123512657434;55789.5809831448
316.23;165.397999855158;1289.31444137347;1299.8800818115;82.689812663301;55791.0230081412
251.19;198.075432878743;1612.93110703733;1625.0478864202;82.9988663291836;55792.5150361374
199.53;245.408367106427;2014.41103831847;2029.30458481351;83.0540916484146;55793.9570611338
158.49;313.965248475964;2508.08675751346;2527.66163884032;82.8647629909431;55795.3690871302
125.89;410.071096001825;3116.39065908134;3143.25453054403;82.5037864516617;55796.9311151263
100;543.337120976126;3860.73831982805;3898.78386182401;81.9891474763158;55798.5181471223
79.433;722.385508319036;4759.38207122468;4813.89224251274;81.3694417837467;55800.0701761184
63.096;954.697294524512;5847.78197333297;5925.20049718239;80.7278049614458;55801.6722051143
50.119;1242.40771861759;7147.66053308548;7254.83480415015;80.1393570113337;55803.5592401096
39.811;1578.71458489445;8721.37865277666;8863.11375001285;79.7396156361116;55805.2362691053
31.623;1964.59767683756;10624.7890821662;10804.8964396866;79.5239351482278;55807.0133021008
25.119;2390.96528334955;12945.9095447617;13164.8505091146;79.536019851205;55808.7253360965
19.953;2843.36938764008;15785.3913321956;16039.4304445366;79.7889986115704;55810.7523730914
15.849;3337.47328571803;19292.9461395386;19579.4917879913;80.1855737394652;55812.8244100862
12.589;3869.82355265366;23670.4312768124;23984.6795091986;80.714989185047;55814.9464520808
10;4410.40925458288;29116.1070616405;29448.249527227;81.3865104208107;55817.3684960747
7.9433;5015.52169793416;35890.9391796215;36239.6878173328;82.0448098584091;55820.8475620659
6.3096;5634.9119236485;44396.0269968024;44752.2004541462;82.7664803002882;55823.2696040598
5.0119;6382.23110744897;55081.4209081669;55449.9396137772;83.3906663041418;55825.8066530534
3.9811;7166.17563687431;68370.7977932526;68745.3275804571;84.01648217744;55828.3887000469
3.1623;8102.54026578852;85094.0412927;85478.927358048;84.5607717322187;55830.9757480403
2.5119;9200.38677742571;106047.232246819;106445.585084893;85.0415801987201;55833.7327970334
1.9953;10519.5670185568;132290.499694686;132708.091688968;85.4534815406683;55836.5398510263
1.5849;11887.2528226083;165346.423600097;165773.178098905;85.8879085495904;55842.185957012
1.2589;13862.2005129386;206581.341904187;207045.916226318;86.1610439796021;55845.1430080046
1;16228.4916693745;257934.153263198;258444.174555098;86.3998561287371;55850.3321089915
0.79433;19293.9406626256;322668.62891892;323244.953919947;86.578078591727;55853.5991649832
0.63096;23358.5787270198;403887.233440523;404562.134333388;86.6900196980698;55857.2762349739
0.50119;28541.2405074345;505487.587784289;506292.705669046;86.7683516219526;55861.2433089639
0.39811;35870.0983898401;633138.096065652;634153.382588263;86.757404738593;55865.6503889528
0.31623;45445.0581565986;792520.553622742;793822.449433974;86.7181144674364;55870.5674789404
0.25119;59024.42508056;992633.000370591;994386.321396676;86.5970574783046;55876.2045829261
0.19953;77652.925868189;1243056.69569711;1245479.79735253;86.4254157338536;55882.5417009101
0.15849;105209.535559739;1555964.40766162;1559517.3241367;86.1317234659352;55889.9688408914
0.12589;143079.526394881;1949881.17985262;1955123.61921614;85.8032382276517;55898.6410018695
0.1;199038.985523199;2438447.09663211;2446556.91959775;85.3335599122488;55909.0431938432
