Frequency (Hz);Z' (Ω);-Z'' (Ω);Z (Ω);-Phase (°);Time (s)
10000;97.9221680095529;45.5077306551675;107.980111766354;24.9258807292876;9170.73080284613
7943.3;98.6503989141667;55.5397378457899;113.210263165065;29.3793184801801;9171.87282384325
6309.6;98.4291401608345;69.2580504359235;120.353534152455;35.1315066834543;9173.09984684015
5011.9;98.890375470214;85.9933858955895;131.050252874337;41.0096659231077;9174.31186783709
3981.1;99.7494617287505;106.528088375071;145.938989745792;46.8821582042467;9175.52388983403
3162.3;99.9739662503237;133.550257870875;166.824654368585;53.1819568997753;9176.73091283098
2511.9;100.671363672853;166.182721046318;194.297247119227;58.7930558435359;9177.94793682791
1995.3;102.058015954669;208.203984092384;231.872244161619;63.8866998741507;9179.15495682486
1584.9;102.400682825304;262.136650469538;281.427652092819;68.6624667950043;9180.33198082189
1258.9;105.399749942112;330.300649587397;346.709714899534;72.3019889549622;9181.5540038188
1000;110.825206678287;413.928658921468;428.508064231946;75.0111903048193;9185.41707680905
794.33;116.261258634993;519.384234418836;532.23741246011;77.3826520055904;9186.65409580593
630.96;124.130858895566;651.020180653608;662.748629382519;79.2049154008394;9187.86111980288
501.19;135.912349410632;816.686408549125;827.918387663413;80.5514704726289;9189.10314479974
398.11;152.784677653235;1023.65774606009;1034.99678202129;81.5110594355287;9191.86919579276
316.23;177.752668960682;1280.63454286812;1292.91176949925;82.0978078398498;9193.02121678985
251.19;213.986911434503;1600.86515231595;1615.10359858582;82.3864306153895;9194.29323878664
199.53;266.924539518585;1995.68023274201;2013.45183730687;82.3818365625187;9195.52526078353
158.49;341.077944679345;2484.50352992762;2507.80620355112;82.1831750700543;9196.77728578037
125.89;446.595265387486;3081.42812619941;3113.62274978831;81.7534701374014;9198.08430977707
100;592.488081295013;3806.98781681648;3852.81693879501;81.1539244044793;9199.35633177386
79.433;786.411527505394;4681.53056681233;4747.12244824078;80.4643832112074;9200.6883577705
63.096;1035.24780642473;5734.94606637962;5827.63626224135;79.7674086858117;9202.05538276704
50.119;1340.53940820611;6989.33620865747;7116.73145078581;79.1426476015606;9203.68241076294
39.811;1706.05772714889;8494.02799820716;8663.66808013162;78.6430381043893;9205.13443775927
31.623;2113.63643876842;10312.8951377923;10527.2629452479;78.4175773056914;9207.39348375357
25.119;2567.69900941609;12515.9910633233;12776.6627293728;78.4064354229182;9208.86550874985
19.953;3051.17016432144;15209.3295490827;15512.361029329;78.656369096158;9210.67254074529
15.849;3567.41831675136;18525.3031232926;18865.6653541975;79.0999784450771;9212.51957474062
12.589;4116.71719404835;22657.4286999291;23028.3832638799;79.702045147023;9214.40161173587
10;4705.65595163105;27786.0290195926;28181.6714659149;80.3879704615188;9216.62365373026
7.9433;5336.72753325153;34199.43914509;34613.325448487;81.1306825339628;9218.85069372464
6.3096;6014.191845296;42197.8396563114;42624.2674448699;81.8886218153108;9221.09273471898
5.0119;6754.1418600092;52234.2500926184;52669.1115835775;82.6322585953813;9223.459777713
3.9811;7597.9170225291;64763.556169212;65207.7184907118;83.3087722908223;9225.82682370703
3.1623;8474.70593254665;80527.0535142619;80971.7666123936;83.9922790357425;9228.26886670086
2.5119;9655.42258019338;100184.981291291;100649.181127014;84.49506676941;9230.77591669453
1.9953;10649.2662397555;124943.201480826;125396.213928984;85.1282912228632;9233.36796068799
1.5849;12137.4631672241;155870.433899676;156342.285310817;85.5474242227142;9237.46203867765
1.2589;13601.8676171272;194904.673976201;195378.716190999;86.0079556031299;9240.1340886709
1;15916.336366024;243391.425404811;243911.286585722;86.2585276279029;9245.04317965851
0.79433;18557.3142347475;304318.156903511;304883.444176225;86.5104257916276;9248.06523465088
0.63096;21905.8348033651;380823.487597694;381453.004057516;86.7078440443748;9251.52229864215
0.50119;26237.0543148951;476707.566218885;477429.038401997;86.8497304413992;9255.22936763279
0.39811;32005.0627434715;596770.292777143;597627.89960186;86.9301421830137;9259.40644462225
0.31623;39828.4422949952;747674.960384341;748735.034041664;86.9507514380359;9264.10353161039
0.25119;50248.5491053393;936680.526473069;938027.358535483;86.9292915900952;9269.46563159685
0.19953;65243.9673723931;1173784.53351161;1175596.40454943;86.8185291961104;9275.63274358128
0.15849;85688.8664786039;1470462.73701718;1472957.31193896;86.6649516249294;9282.88987856296
0.12589;116067.632421532;1841259.51345239;1844914.16905363;86.3930136883345;9291.38203454152
0.1;158886.025731055;2307761.66538928;2313224.73473999;86.0614842910969;9301.51922351592
