Frequency (Hz);Z' (Ω);-Z'' (Ω);Z (Ω);-Phase (°);Time (s)
10000;92.1718307748127;45.2596238076253;102.684370454264;26.152668552956;72380.1761692576
7943.3;91.8768090391119;55.9965526824544;107.596291532414;31.3612333453847;72381.608191254
6309.6;92.0956299826538;69.4492465077708;115.346447289888;37.0199191386927;72383.0252202504
5011.9;92.0744361966829;85.151460675622;125.413209256956;42.7629922317553;72384.4572472468
3981.1;92.1396484250284;106.373643100226;140.730475584722;49.1012591477838;72385.8792722432
3162.3;92.8349565298328;134.210531850872;163.189448229933;55.3279480004864;72387.3262972396
2511.9;93.4648437534895;167.338815596999;191.671479942297;60.8150455867576;72388.7683242359
1995.3;95.8906132198198;211.000595408933;231.767687494606;65.5602645990459;72390.2153542323
1584.9;94.1086767396336;264.94301435404;281.160530467365;70.444785380277;72391.5373772289
1258.9;100.497742470389;330.005738474231;344.968960440743;73.0627605203655;72392.9344022254
1000;103.070285562529;415.999584464972;428.578041949154;76.0843238535586;72397.1174812149
794.33;108.004004901675;522.318809305542;533.368356419052;78.3171482259059;72398.5695082112
630.96;115.03113072046;654.698878258421;664.727600019483;80.0347982017298;72400.0165322075
501.19;125.566428243627;821.455365258149;830.996898317473;81.3091263787733;72401.4985632038
398.11;140.634363280117;1030.49812656697;1040.05019734301;82.2287264664003;72404.5296181961
316.23;163.058277696361;1290.79013906638;1301.04849449831;82.8002812941115;72405.8966431927
251.19;195.622459460676;1614.7915620171;1626.59765627738;83.092614193564;72407.368669189
199.53;242.874240669517;2016.64884897408;2031.2214248696;83.1326821762778;72408.8256981853
158.49;310.881529917727;2512.4271629197;2531.58795514213;82.9462160857282;72410.3077251815
125.89;406.118244207882;3120.73971015186;3147.05391863521;82.5854675017806;72411.8247521777
100;538.796600961263;3865.02349766587;3902.39777761273;82.0639297709687;72413.296779174
79.433;716.585739030462;4769.74011462978;4823.26817443218;81.4560215950974;72414.86881017
63.096;946.213481672966;5858.53034755245;5934.45008287143;80.8253645217191;72416.450838166
50.119;1230.93392375651;7165.00557854151;7269.97271419815;80.2518580054126;72418.3528721612
39.811;1564.35705722319;8739.02593857432;8877.93823798965;79.8510799171785;72420.0549051569
31.623;1947.72225734578;10653.1429472434;10829.7311437617;79.6390034393517;72421.8119391525
25.119;2368.25423778347;12980.7310612148;13194.9993186193;79.6604576870925;72423.5089671482
19.953;2820.49140517517;15835.7936634886;16085.0095654075;79.9010277697236;72425.5260051431
15.849;3294.20190634825;19367.8274110693;19645.9793551952;80.3471495790589;72427.5980461379
12.589;3818.4733069906;23770.7471710383;24075.4887689871;80.874112508333;72429.7250841325
10;4362.37278541587;29224.934373739;29548.7239228412;81.5102079184258;72432.1621281264
7.9433;4969.23010911826;36073.5481056064;36414.202185478;82.156711714693;72434.6041731202
6.3096;5592.0459673979;44689.4600481042;45037.9708411979;82.867581955911;72437.046219114
5.0119;6324.28794269681;55361.8090279698;55721.8674923188;83.4830341434945;72439.5832651076
3.9811;7117.91367217386;68775.5320775719;69142.884721406;84.0912184079106;72442.1153151012
3.1623;8058.49299949999;85600.1542375308;85978.6352235952;84.6219624070418;72444.7123610947
2.5119;9224.61438902444;106607.945419269;107006.296717268;85.0546059482127;72447.364409088
1.9953;10409.0020900292;133198.588582992;133604.683020512;85.5316171584324;72450.1714630809
1.5849;11918.6044321156;166411.460394596;166837.727394829;85.9033971288644;72455.8825690665
1.2589;13860.1212047242;208039.986741222;208501.172761924;86.188450794323;72458.7846230592
1;16298.9847339347;259796.189096798;260306.966431128;86.4101063428641;72463.9337180462
0.79433;19486.6831520185;324912.592807381;325496.426685582;86.5677880405401;72467.2107780379
0.63096;23599.8620761977;406619.006502954;407303.289870662;86.6783223488416;72470.8928470286
0.50119;29099.2693808822;508882.172456887;509713.481205806;86.7272352502964;72474.9299210184
0.39811;36420.59196831;636955.679360625;637996.079132997;86.727438736898;72479.2520040075
0.31623;46573.4521863188;797371.400728485;798730.390775421;86.6572241188246;72484.1040929952
0.25119;60324.9491588575;997855.828704212;999677.625222246;86.5404185922626;72489.6761939812
0.19953;79959.6536175848;1250193.95199425;1252748.36412172;86.3404725009675;72496.0033099652
0.15849;107238.865188182;1563789.82103028;1567462.52859989;86.0770112988892;72503.3354459467
0.12589;147749.840848524;1957020.99429688;1962590.42787575;85.6825127541164;72511.9776069249
0.1;205144.58314781;2448283.04180808;2456862.66461924;85.2103061813162;72522.3297978987
