Frequency (Hz);Z' (Ω);-Z'' (Ω);Z (Ω);-Phase (°);Time (s)
10000;96.5325144179578;46.1282727584273;106.987587539532;25.5409051130022;20509.690753218
7943.3;97.6573834676494;56.2897726605796;112.718689896251;29.9591734140803;20510.877774215
6309.6;97.4689051452116;69.4424750094441;119.676417082245;35.4682657801458;20512.1447972118
5011.9;98.1352203327292;86.2891019174376;130.676434675389;41.3247719717677;20513.4168202086
3981.1;97.7580492708676;107.070944173229;144.985596813587;47.6032561950836;20514.6738432054
3162.3;98.6879550502077;133.471085076532;165.993502955684;53.5209355409233;20515.9358662022
2511.9;101.263797321719;167.314662685888;195.572372787433;58.8164298229302;20517.217889199
1995.3;100.294868246167;208.13325626977;231.037903734374;64.2715989129129;20518.4799141958
1584.9;102.524696522924;261.866637965741;281.221353166146;68.6189155070541;20519.7219351927
1258.9;103.966934577227;331.472773132789;347.395052949414;72.5858884261766;20520.9739581895
1000;109.066296463566;414.543932798393;428.651524252786;75.2595669296148;20524.9170341796
794.33;114.277152785304;520.153298015998;532.558655065933;77.609033065067;20526.2240571763
630.96;121.919190302723;652.640480851208;663.930633582883;79.4185899382953;20527.4960791731
501.19;133.091343983831;818.345135065711;829.097139018788;80.7625927884195;20528.7881031698
398.11;149.253049957414;1025.89316475138;1036.69342546636;81.7223446598812;20531.6241571626
316.23;173.145902914218;1284.51433616208;1296.13139129561;82.3230970153012;20532.8661811595
251.19;207.92436964422;1606.0559030647;1619.45920209832;82.6233620840767;20534.1632041562
199.53;257.428460707946;2002.93322067093;2019.40855174224;82.6761689316193;20535.445227153
158.49;330.314883492537;2494.88676080006;2516.65807599525;82.4580883706872;20536.7722531496
125.89;430.096904190261;3096.90084993448;3126.62409338234;82.0933494037943;20538.1342761462
100;571.464599494944;3829.03245021638;3871.44175899444;81.5115359519883;20539.4713031428
79.433;758.877598469196;4715.84581415693;4776.51514729722;80.8582903973785;20540.8383261394
63.096;999.589897321769;5783.69260119812;5869.43609454789;80.1944908857978;20542.2803551357
50.119;1295.45299111274;7057.87743058009;7175.78095243122;79.5992925417078;20543.8873851317
39.811;1649.19348397404;8594.4843328112;8751.28562523927;79.1375668398524;20545.3894101279
31.623;2050.78673621992;10451.9284089891;10651.2221695019;78.898944757701;20547.6634551221
25.119;2491.35473860611;12701.5622869586;12943.5904200907;78.9025745894147;20549.1104791185
19.953;2964.22209617492;15460.7357081661;15742.3302364426;79.1466267486787;20550.9925161137
15.849;3471.11479415114;18860.1366271637;19176.8973379287;79.5716948293443;20552.8995501089
12.589;4026.74057090616;23118.0171099246;23466.0894637379;80.1192406036222;20554.9265891038
10;4588.94745103061;28366.4826806909;28735.2706335308;80.8106684479076;20557.2036320981
7.9433;5216.91018581724;34938.5597417617;35325.898554963;81.5075273461294;20559.4806710923
6.3096;5914.12420522354;43164.0565542098;43567.3345906062;82.1981968008914;20561.8177160864
5.0119;6624.45681332501;53460.0281739308;53868.8967812511;82.9362462674268;20564.2147590803
3.9811;7465.24679972309;66343.6510093801;66762.3392268066;83.5798606367077;20566.6368060742
3.1623;8370.20999375456;82502.1175799585;82925.6282491538;84.2069079571393;20569.0588510681
2.5119;9476.18324642003;102591.638064746;103028.356532207;84.7226785313516;20571.6208980617
1.9953;10719.2002949337;128063.885946914;128511.71206854;85.2153829536718;20574.257947055
1.5849;12153.1372504344;159883.00582812;160344.236870748;85.6531527765909;20579.6890490413
1.2589;13755.6968914904;199871.644347859;200344.436936211;86.0629606014552;20582.4961000342
1;16115.0871635249;249502.361882041;250022.248248041;86.3044609174605;20587.5401930215
0.79433;18897.6667799343;311917.568704115;312489.506185427;86.5329472269651;20590.6222500137
0.63096;22574.7364973844;390328.323045213;390980.585834149;86.6899715194282;20594.1293160048
0.50119;27256.1494631932;488595.967920473;489355.614611403;86.8070849442554;20597.9513839952
0.39811;33546.5097250573;611485.38713097;612404.888116877;86.8598618141129;20602.1134609847
0.31623;42046.608488183;766330.042007147;767482.6711842;86.8594731301065;20606.8655479727
0.25119;53834.4436060982;959509.844799324;961018.880972274;86.7887187707694;20612.2476499591
0.19953;69928.314969184;1201537.28898673;1203570.44914704;86.6691979479034;20618.4847649433
0.15849;93677.7881578298;1506050.92142661;1508961.53228771;86.440733949997;20625.741899925
0.12589;126588.543739472;1886606.30019953;1890848.484506;86.1612903762427;20634.2340549036
0.1;174234.093156107;2359605.07558634;2366029.08518698;85.7769230672102;20644.4262438778
