Frequency (Hz);Z' (Ω);-Z'' (Ω);Z (Ω);-Phase (°);Time (s)
10000;90.4485417498157;45.9329029624762;101.44343388918;26.9230382328411;77703.0007238188
7943.3;91.9332450765027;55.8144543196012;107.549871507553;31.2627486439768;77704.4327468152
6309.6;91.7489846679663;69.1622990748756;114.896909448972;37.0097493538777;77705.8997768115
5011.9;91.6328241239994;86.2530824849432;125.841840002021;43.2677516430873;77707.3518028078
3981.1;91.926168918704;106.669777865452;140.814992248464;49.2458054324967;77708.838830804
3162.3;92.234022831409;133.242094803439;162.051136359094;55.3079000725038;77710.3408568002
2511.9;93.0205121946934;167.362336937313;191.475762210473;60.9345571940732;77711.8278867965
1995.3;95.6027987852606;210.3742514988;231.078386763573;65.5609797897381;77713.2649107929
1584.9;96.6116910913747;262.62009676605;279.826971682404;69.8026307710326;77714.6719387893
1258.9;97.5271858118889;330.662996694776;344.745658936492;73.566873556839;77716.0939647857
1000;102.41798336966;416.353178423848;428.764985162208;76.180296110949;77720.2420437752
794.33;107.197202765043;522.184273829234;533.073781117787;78.3991403148625;77721.7190677715
630.96;114.323374337506;655.279756824522;665.177715820305;80.1035002903158;77723.106093768
501.19;124.613373524026;821.842665278853;831.236343847938;81.3780984855069;77724.678124764
398.11;139.715715634342;1030.79031044833;1040.21591283222;82.2810376413884;77727.7241807564
316.23;161.918844966544;1290.84015464902;1300.95580909176;82.8503437915579;77729.1262057528
251.19;194.546509267572;1615.13059215912;1626.80520468692;83.1316699495865;77730.6182327491
199.53;241.757366742953;2017.53034169378;2031.96341109517;83.1669210187495;77732.1102607453
158.49;308.617442874487;2513.99876416763;2532.87080449887;83.0014098117392;77733.6172877415
125.89;404.76138631949;3124.9137268885;3151.01849889071;82.6197276205959;77735.1793187375
100;534.728147227137;3868.1374032399;3904.92268320136;82.1293615416044;77736.7013447337
79.433;712.549227634906;4770.57452570343;4823.49538271715;81.5049096339868;77738.2483767298
63.096;940.77091960155;5858.36966239699;5933.42607811552;80.8770005589285;77739.8454047258
50.119;1224.85666979588;7176.63528317362;7280.40986821731;80.31449122044;77741.6524387212
39.811;1559.89368000868;8755.93952402963;8893.80375550277;79.8985837425591;77743.3444697169
31.623;1940.34187240673;10672.3216936737;10847.2750917027;79.6955705972528;77745.1465027124
25.119;2353.0772967199;12998.2719456906;13209.5437596635;79.7388734361375;77746.9535357078
19.953;2808.29989654094;15870.3149422816;16116.8683271942;79.9652168271716;77748.9755717027
15.849;3296.14412013747;19420.4931051326;19698.2262782013;80.3672664899337;77751.1476136972
12.589;3824.07942885142;23822.1262517036;24127.1068018996;80.8803195663886;77753.3146526918
10;4350.54507828106;29306.3039729931;29627.4652144869;81.556061920349;77755.7266986857
7.9433;4939.7990925342;36171.7179266056;36507.462152778;82.2234945057379;77758.2137436794
6.3096;5573.02354292287;44766.9183542631;45112.4768810939;82.9037695091802;77760.7107896731
5.0119;6281.5896627515;55485.8740796061;55840.3133145678;83.5410103426271;77763.3078386665
3.9811;7119.61726214979;69006.1255834936;69372.4319741235;84.1094248172052;77765.88488466
3.1623;7993.21873049868;85969.2628231114;86340.0584666399;84.6880458026147;77768.5969356532
2.5119;9248.4632062999;106988.762881816;107387.752815019;85.0594445363479;77771.2689846464
1.9953;10310.8829561468;133601.803560872;133999.090377708;85.5868758831496;77774.0610366394
1.5849;11921.9009170538;167073.547701347;167498.364359149;85.918451642017;77779.6221436253
1.2589;13845.1074156467;208821.406919716;209279.877167587;86.2067733834636;77782.6241956178
1;16311.4354841276;260540.582219079;261050.68073194;86.4176089795461;77787.8432966046
0.79433;19475.1868171184;326084.747645078;326665.80100818;86.5821090629042;77791.1303525963
0.63096;23612.3017370345;407811.360402595;408494.365281501;86.6862706945524;77794.812423587
0.50119;29184.9416704529;510640.225229712;511473.557911803;86.728896939178;77798.769495577
0.39811;36668.0224827763;639139.090502309;640190.06621543;86.7164855154415;77803.111574566
0.31623;47012.0616363668;800436.148424449;801815.540909422;86.6387051974918;77808.1136695534
0.25119;60766.1103712802;1001080.47189704;1002923.04359969;86.5263781591977;77813.7257735392
0.19953;80684.6059269968;1254496.85390226;1257088.84414916;86.3200156101607;77820.0528885232
0.15849;109536.122620394;1567823.27336832;1571644.99129863;86.0035189040056;77827.4900285045
0.12589;149713.697614689;1964312.1779819;1970009.26998363;85.6415222917428;77836.1571864826
0.1;204866.536097439;2456186.22631418;2464715.21193587;85.232087623484;77846.4793794565
