Frequency (Hz);Z' (Ω);-Z'' (Ω);Z (Ω);-Phase (°);Time (s)
10000;92.5628594461017;45.4701499953453;103.12816050642;26.1619031283561;66496.685230112
7943.3;92.8912912276466;56.0825396993626;108.508263487488;31.1212188848936;66498.0222551086
6309.6;92.7304954701423;68.6534738138395;115.378699320306;36.5145769686158;66499.464283105
5011.9;93.3842913790034;84.9261971600425;126.226323880659;42.2842308481056;66500.8813061014
3981.1;93.3183062509944;107.128458360071;142.073265860118;48.9412708997283;66502.3183350978
3162.3;94.6726944742501;133.439763567363;163.612620478765;54.6451039633754;66503.7203610943
2511.9;95.2891204395283;167.629197792835;192.820031186618;60.3838565681535;66505.1573870906
1995.3;96.8050116416765;211.442355682851;232.549091711102;65.4001919852769;66506.599414087
1584.9;98.9864600603501;264.709660413999;282.611966469528;69.4970426243385;66507.9964400835
1258.9;99.492592227856;330.041019281652;344.711256440358;73.224292230441;66509.4184640799
1000;103.852541363668;415.979330586308;428.747191037708;75.9822039326268;66513.5865460693
794.33;108.722618145251;521.938181962482;533.14170113269;78.2332369281416;66514.9385690659
630.96;115.904393807097;655.064736660953;665.239534093152;79.9661733937596;66516.3555950623
501.19;126.276627001125;821.30967913547;830.960513844304;81.2592016637899;66517.7926210587
398.11;141.648880544772;1030.55077206857;1040.24001998131;82.1737527695564;66520.838678051
316.23;164.035291107618;1290.1979271103;1300.58381807882;82.7543096901578;66522.1957010476
251.19;196.915727594534;1613.61656759331;1625.58734954038;83.0423815868032;66523.7277300437
199.53;244.710439565007;2015.14140713815;2029.94534162741;83.0761392755459;66525.1147550402
158.49;312.549624855636;2511.02800582862;2530.40489132729;82.9048409391993;66526.6067850365
125.89;409.117107623636;3119.69698990943;3146.40844719822;82.5288647835479;66528.1538120326
100;541.581195038376;3864.05800592145;3901.82706740635;82.0214739610321;66529.6708420287
79.433;720.025223844037;4767.2416256095;4821.30988839294;81.4111895966747;66531.1828700249
63.096;949.522433303132;5853.79126352684;5930.30058330006;80.7865035307283;66532.744898021
50.119;1236.84682951874;7158.45287072523;7264.51908814926;80.1971452186294;66534.6269330162
39.811;1572.603745716;8731.63005054962;8872.11620081146;79.7902403449266;66536.288964012
31.623;1956.67182187607;10643.4264645075;10821.7878155092;79.5831405960957;66538.0609980075
25.119;2380.67290251752;12960.3809875912;13177.2181742695;79.5914557773147;66539.7280270033
19.953;2834.4083862582;15813.1761294748;16065.1925043518;79.8380180647816;66541.7450629982
15.849;3320.14753641698;19349.088133608;19631.876916528;80.2633286891388;66543.812101993
12.589;3815.80522316102;23713.9991384534;24019.0367134003;80.8589264574696;66545.9041429877
10;4387.16580888845;29169.6262046458;29497.7001943107;81.4467179342225;66548.3011859817
7.9433;4973.44806304;35988.3757720323;36330.4056727248;82.1317916272882;66550.7582299755
6.3096;5639.45472263215;44537.9339607029;44893.5519986618;82.7835328720073;66553.2052779693
5.0119;6333.32143966027;55242.5964492987;55604.455063584;83.4598441485321;66555.7823259628
3.9811;7132.79389669117;68643.3669938143;69012.9595150081;84.067634496437;66558.3143729564
3.1623;8057.04131348735;85394.5315463078;85773.7834815545;84.610054175252;66561.0264199496
2.5119;9214.90998282207;106433.273559247;106831.438661702;85.0517154378889;66563.7334709427
1.9953;10463.8293337376;132785.522984761;133197.172787796;85.494261361364;66566.5055229357
1.5849;11947.8813760765;166020.427171038;166449.794555088;85.8837293192794;66572.1116289216
1.2589;13838.633872028;207353.237720786;207814.515808537;86.1817754322682;66575.0736799141
1;16258.9076334154;258888.949157543;259398.997826377;86.4063938327723;66580.2877799009
0.79433;19384.8847892952;323939.91330794;324519.40033263;86.5754477021813;66583.5498408927
0.63096;23459.162987095;405245.996189321;405924.438480279;86.6869194590194;66587.2619078833
0.50119;28879.4235608879;507179.466030146;508001.015616931;86.7410268887061;66591.1689808735
0.39811;36182.4697735814;635092.722611008;636122.580508174;86.7392726547693;66595.5060608625
0.31623;46219.4004926525;795101.298617159;796443.537260861;86.6731285919008;66600.4381488501
0.25119;59820.6218898201;995502.980659138;997298.697133669;86.5611829240915;66606.0402558359
0.19953;79281.128006527;1246356.10935482;1248875.11328558;86.3603001356768;66612.4323718198
0.15849;106436.795713602;1559804.67019233;1563431.93028529;86.0963444269522;66619.859509801
0.12589;144827.554538077;1951410.0930841;1956777.03685013;85.7554681739144;66628.5566727791
0.1;203173.921477866;2442026.60912739;2450463.95648965;85.2440078803467;66638.9038617529
