Frequency (Hz);Z' (Ω);-Z'' (Ω);Z (Ω);-Phase (°);Time (s)
10000;90.3643035671655;45.9962945899187;101.397073306784;26.9765290907251;76365.4149561959
7943.3;91.2480302693306;56.2310510860613;107.182713784807;31.6432027165775;76366.8119821923
6309.6;91.5450447278314;69.6938640930762;115.055334106876;37.2822645075576;76368.2740071886
5011.9;91.9725135430941;85.3096603182203;125.445930149386;42.8476472271781;76369.716035185
3981.1;92.7707734725456;107.136025892664;141.719950800048;49.110195274441;76371.1530631814
3162.3;92.6571432117545;133.713314556868;162.679429178823;55.279830827145;76372.5750891778
2511.9;93.499101039222;167.320050548787;191.671805988234;60.8033698956705;76374.0021151742
1995.3;94.8692923188458;209.956892973822;230.395485051899;65.6841071410485;76375.4341401706
1584.9;96.0172412476938;265.175810573197;282.023972615751;70.095236158657;76376.846166167
1258.9;97.0272466994735;332.152395612028;346.033958612287;73.7160370861848;76378.2681931634
1000;102.63459853809;416.129633570266;428.599734895391;76.1450387005235;76382.396272153
794.33;107.480426669067;522.160686442677;533.107704486863;78.3688128391101;76383.8482991493
630.96;114.59899203585;655.260072099711;665.205750925044;80.0798225180353;76385.3103221456
501.19;124.905055501789;821.654981738016;831.094568568947;81.3562774140101;76386.762349142
398.11;140.06947629481;1030.89430589;1040.36653546042;82.2625008850837;76389.8484101342
316.23;162.272109140851;1290.80647281629;1300.96640528088;82.8347220553151;76391.2054321308
251.19;194.758776634301;1614.99144528669;1626.69245692764;83.1236609593245;76392.7174611269
199.53;241.360739920195;2016.22140126014;2030.61659248471;83.173638544882;76394.1794891232
158.49;309.597179956424;2512.97106924005;2531.97038068665;82.9765710166843;76395.6715171195
125.89;405.336259016194;3123.63839519858;3149.82766303682;82.6063773049246;76397.2085431156
100;536.22242374836;3867.20823885345;3904.20722431412;82.1057717693457;76398.6605711119
79.433;713.313539053785;4769.60873452843;4822.65317905894;81.4942338063239;76400.2326021079
63.096;943.207354837288;5860.65230447833;5936.06650469874;80.8572745460372;76401.8496321039
50.119;1225.73980856007;7170.41224170515;7274.42436171302;80.2993882321776;76403.7066670992
39.811;1561.97745585135;8747.57771585373;8885.93773709272;79.8758995783234;76405.373694095
31.623;1940.1771752158;10664.6432808043;10839.6911292726;79.6891671334191;76407.1557270905
25.119;2360.2492977042;12993.927555547;13206.5487568145;79.7048983564827;76408.8727590861
19.953;2814.11335889096;15860.6358420989;16108.3519738166;79.9388563873088;76410.9347970809
15.849;3291.8111089299;19398.8791723508;19676.1920482684;80.3691744335167;76412.9968360757
12.589;3819.05876567124;23811.8843081224;24116.198791664;80.8882402684081;76415.1988770702
10;4359.42160551691;29303.7211263751;29626.2152254892;81.5383477099352;76417.650922064
7.9433;4942.8148275102;36161.173723339;36497.4232442313;82.216564006781;76420.1429670577
6.3096;5596.55314894731;44766.5621549342;45115.0362331738;82.8740600865535;76422.7250190512
5.0119;6319.9017876082;55487.9031592104;55846.6521432657;83.5021877486938;76425.2570630448
3.9811;7112.42909975261;68925.2131351801;69291.2090631201;84.1084708001996;76427.9691130379
3.1623;8005.27660066964;85865.2917698911;86237.6529375757;84.6736739281341;76430.6211620312
2.5119;9206.49197248008;106851.323482735;107247.21359761;85.0754603747174;76433.3582120243
1.9953;10343.1530498903;133423.874461812;133824.179771127;85.5672388830992;76436.2002660171
1.5849;11953.0555666783;166839.840855101;167267.474524892;85.9021090629297;76441.8913720028
1.2589;13846.590572031;208522.932711585;208982.156025603;86.2009540068432;76444.7934259954
1;16317.9808670928;260278.270164225;260789.29122811;86.4125727979798;76450.0275229822
0.79433;19501.8170558258;325646.214982394;326229.640285548;86.5728485484069;76453.269583974
0.63096;23733.7858180435;407505.78471952;408196.346344659;86.6667680263245;76456.9666499647
0.50119;29220.6850146008;510366.007189227;511201.828759441;86.7231436061432;76460.9237249547
0.39811;36700.7085526378;638485.801902093;639539.726083395;86.710209739514;76465.2558039438
0.31623;46807.4627441029;799343.652971754;800712.941143558;86.6487367487529;76470.2178969313
0.25119;61062.186457949;1001347.56932647;1003207.62816631;86.5104238177384;76475.8049979171
0.19953;80441.9783732676;1252894.83524404;1255474.56368729;86.3263729831576;76482.217117901
0.15849;109120.325000827;1567585.47284586;1571378.84038371;86.0180385875108;76489.6342548822
0.12589;148792.344044832;1962348.09773199;1967981.00049739;85.6639233528495;76498.3264178603
0.1;207306.186092076;2453639.08098658;2462381.08231376;85.1705908360416;76508.7036098341
