Frequency (Hz);Z' (Ω);-Z'' (Ω);Z (Ω);-Phase (°);Time (s)
10000;96.2706806631485;46.2619523548505;106.809232704988;25.666165676908;22049.3512593307
7943.3;96.6577045208028;55.8799279954214;111.648010264421;30.0331438507697;22050.5482813277
6309.6;96.9767687493802;69.7906574555507;119.478992066174;35.7411941085209;22051.8303033245
5011.9;97.4788409982774;85.6632939419793;129.77027537675;41.3086372406021;22053.1173263212
3981.1;98.3120436716385;108.191215246163;146.186856411019;47.7389572684712;22054.399353318
3162.3;99.585357357407;133.421645749949;166.488975474736;53.2624942770641;22055.7063753147
2511.9;100.80551288639;168.475193337347;196.330441344038;59.1062127874672;22056.9734013115
1995.3;100.464587573182;210.138637631393;232.919257215516;64.4481347557663;22058.3154243081
1584.9;103.140680972922;265.069284209148;284.428770525607;68.7385712258798;22059.557446305
1258.9;105.347783078092;330.131691421903;346.532955259028;72.3016820999204;22060.8044713018
1000;108.860498265362;414.677719714472;428.728607991323;75.2907141186999;22064.7275452919
794.33;114.029973125657;520.200745323507;532.552016432358;77.6361023488083;22066.0395682886
630.96;121.732600621707;652.69643256905;663.951398177975;79.4353045539411;22067.3215892854
501.19;132.764193735758;818.381272504329;829.080356976397;80.7853090645695;22068.6336172821
398.11;149.009650276603;1025.81116938914;1036.57726731733;81.7350056715899;22071.4696692749
316.23;172.864210723974;1284.16360097971;1295.74619020485;82.3333695550388;22072.6666912719
251.19;207.917003789;1606.05020656736;1619.45260704957;82.6235946530927;22073.9837162685
199.53;257.679787143294;2003.90202386493;2020.40149325628;82.6726021071129;22075.2607382653
158.49;329.805444384355;2495.54687584058;2517.24568539967;82.4715556170414;22076.582764262
125.89;432.702134314676;3097.43505281887;3127.51259685257;82.0474217483042;22077.9447872585
100;572.097643546318;3830.68395899614;3873.1686391715;81.5058801482004;22079.1918112554
79.433;758.422181521706;4717.32182138658;4777.90010066704;80.8664944393742;22080.5638372519
63.096;999.854827245338;5782.35058878105;5868.15882599835;80.1897104096424;22082.0158642483
50.119;1299.7116817736;7056.99060773589;7175.67884547597;79.5645684623355;22083.6528942441
39.811;1648.8702223008;8592.92673200019;8749.69501362841;79.137723588985;22085.1499192404
31.623;2050.40243040181;10458.1097278726;10657.2139514425;78.9073707643929;22087.4739682345
25.119;2487.68160185251;12697.8217951057;12939.2131944897;78.9153473304741;22088.9209912308
19.953;2964.35615000162;15459.2503783351;15740.8967229985;79.1451295067796;22090.7730242262
15.849;3473.54975500547;18881.7829713602;19198.6269321023;79.576241086661;22092.6700612214
12.589;4017.35203429836;23114.1127055445;23460.633485311;80.1401930204588;22094.6020972165
10;4587.75715966577;28380.5290722649;28748.9468707592;80.8174807912381;22097.0891422102
7.9433;5231.1174691683;34945.4031784058;35334.7674858286;81.4863814086099;22099.4061842044
6.3096;5886.28134900717;43170.6809581097;43570.1274098041;82.2356544470805;22101.8082291983
5.0119;6610.52399063238;53471.6273595532;53878.696716881;82.952467135838;22104.1502741924
3.9811;7435.95460839236;66379.7449199729;66794.9396030772;83.6082914888673;22106.5373161864
3.1623;8305.38867698043;82501.5135186849;82918.5094773746;84.2514278970681;22109.0343651801
2.5119;9544.14226731009;102720.450941749;103162.889128285;84.6916748040801;22111.5264091738
1.9953;10638.7198823935;128207.332511043;128647.978881649;85.2564303084482;22114.1634601671
1.5849;12085.6538430839;160115.882910266;160571.3517068;85.6834614390982;22119.5795601534
1.2589;13454.0447346172;199802.302277322;200254.766023282;86.147701790157;22122.3116101465
1;16111.9032320517;249586.445848434;250105.952302244;86.3064303495321;22127.275702134
0.79433;18921.3181638071;312071.133420595;312644.220473481;86.530322671402;22130.3627581262
0.63096;22559.5964200101;390522.211853352;391173.277898003;86.6938251464689;22133.8548221174
0.50119;27266.6493481934;488807.84152038;489567.74413608;86.8072391192653;22137.6718931078
0.39811;33549.7594128362;612336.911817856;613255.3138223;86.8639166554027;22141.8439690972
0.31623;42145.6835719874;766460.942021743;767618.807930478;86.8526244577556;22146.6210610852
0.25119;53804.2411641336;960264.454920126;961770.617013379;86.7930334711019;22152.0531620714
0.19953;70077.166284122;1202881.51886735;1204921.05868685;86.6658456097256;22158.2352750558
0.15849;93857.01465341;1506262.4546281;1509183.79312194;86.4344413463457;22165.5124080375
0.12589;127358.700137771;1886200.4276359;1890495.2503814;86.1371778722349;22173.9895650161
0.1;173913.928345826;2362572.64159252;2368965.07810355;85.7899309423469;22184.1817539903
