Frequency (Hz);Z' (Ω);-Z'' (Ω);Z (Ω);-Phase (°);Time (s)
10000;94.3945470660984;45.3400616384229;104.718917608949;25.6561385162776;32261.730349547
7943.3;95.0620864319946;55.3038412272786;109.978703080624;30.1893673764108;32262.9573705439
6309.6;94.9356591830128;68.9197683428516;117.314593520778;35.9782583715429;32264.3043955405
5011.9;96.3419312896604;85.5512928948271;128.844058615825;41.6049627084339;32265.6364215371
3981.1;96.8588216990799;107.025786568248;144.347325335408;47.8547621026592;32266.9584435338
3162.3;98.1065540270245;133.125099984785;165.369852721155;53.6116385671227;32268.2854685304
2511.9;98.1205669445644;167.389908739858;194.028418551151;59.6220336084727;32269.6724935269
1995.3;99.54059746505;209.574202025244;232.012233940836;64.5938764760606;32271.0145195235
1584.9;101.532099537262;263.474793268549;282.360999297617;68.9254363139375;32272.3215445202
1258.9;102.830986710865;330.351790868381;345.986296777599;72.7098246489207;32273.6335685169
1000;107.424994281722;414.899488300999;428.581048098092;75.4838613980179;32277.6866455067
794.33;112.602486636429;520.885489170909;532.917454044737;77.801780400888;32279.0236655033
630.96;120.077907021943;653.11120407489;664.057940727255;79.5822150684592;32280.3706914999
501.19;130.982494297825;818.991679182524;829.399652991662;80.9135549247521;32281.7227154965
398.11;147.009159997943;1027.25774033417;1037.72354613345;81.8557929087369;32284.6437734891
316.23;170.473162356145;1286.0018189717;1297.25162458261;82.4488624885542;32285.895795486
251.19;204.909652700181;1608.15137833808;1621.15354652802;82.7385368557572;32287.2828204824
199.53;254.118265891448;2007.50519638261;2023.52494587116;82.7856344727299;32288.639845479
158.49;325.426086910436;2499.89927029684;2520.99157072619;82.5831896669677;32290.0268694755
125.89;424.578733516024;3102.62734129186;3131.54331279098;82.2077646432466;32291.4538964719
100;564.069358270338;3838.33150269069;3879.55705789815;81.6398292594721;32292.7709204686
79.433;748.623924070433;4728.58345042105;4787.4773343888;81.003665764467;32294.192947465
63.096;987.657375442094;5798.98009532338;5882.48563425547;80.3343751881197;32295.6899754612
50.119;1277.84000879633;7086.18684495264;7200.48047630577;79.7778075857991;32297.4520074568
39.811;1628.833365706;8629.96047838583;8782.3297587678;79.3116325530508;32299.0140384528
31.623;2026.8757829273;10500.2097086053;10694.0464448265;79.0744622428119;32300.6610674487
25.119;2457.99772160987;12768.7524683059;13003.1839330338;79.1037921659869;32302.2680964446
19.953;2925.91863651494;15558.5363761873;15831.2682384151;79.3494220551371;32304.1851344398
15.849;3426.45671257636;18992.7263637587;19299.3331576968;79.7733353695402;32306.2171694346
12.589;3963.16210704879;23284.8855931562;23619.7491725277;80.3406394177343;32308.2442084295
10;4520.26956313071;28611.2172486165;28966.0937886159;81.0220805834956;32310.5662524237
7.9433;5130.52320767435;35259.0438990968;35630.358475083;81.7210279716257;32312.9182934177
6.3096;5765.97817485253;43554.5966615721;43934.6036133832;82.4587459113854;32315.3553404116
5.0119;6518.90632429725;54027.0092203921;54418.8741611336;83.1199433710023;32317.8073854054
3.9811;7339.53037060163;67038.9679006525;67439.5427271397;83.7520528103816;32320.2894333991
3.1623;8224.80034239946;83451.422510168;83855.7526926025;84.3712243477178;32322.8764803926
2.5119;9354.36454583655;103826.37280453;104246.917584174;84.851766336924;32325.478526386
1.9953;10498.3192625779;129673.296243025;130097.572866946;85.3714422862294;32328.1605763792
1.5849;11989.7399649118;161890.004917694;162333.383987019;85.7643486858121;32333.7166823652
1.2589;13833.0951547293;202376.525445179;202848.743089088;86.0897289619634;32336.563733358
1;16083.2215850587;252702.500262941;253213.790413744;86.3583284696265;32341.6528273452
0.79433;18984.4113608697;316283.002956548;316852.246061048;86.5650282832665;32344.8448853371
0.63096;22765.7959284041;395769.283794879;396423.520316044;86.7078087112622;32348.3319503283
0.50119;27728.476335208;495477.020075312;496252.300571578;86.7968863393346;32352.1440203187
0.39811;34293.6207283843;620765.365916829;621711.904296931;86.8379606638813;32356.371100308
0.31623;43315.2984533367;777487.300968802;778692.955052153;86.8112393722927;32361.1931882958
0.25119;56150.8977497556;974324.785806618;975941.448835541;86.7016596209512;32366.680292282
0.19953;73645.9059018191;1220462.66076786;1222682.63494034;86.5468101810608;32372.997406266
0.15849;98077.2509481381;1528033.82539639;1531178.14728041;86.3274931372207;32380.3195452476
0.12589;132223.240137241;1913059.71186664;1917623.64566138;86.0462265337716;32388.9617012257
0.1;182271.512341916;2395083.75235353;2402009.3848691;85.6480448987544;32399.2438941998
