Frequency (Hz);Z' (Ω);-Z'' (Ω);Z (Ω);-Phase (°);Time (s)
10000;93.0668702236227;45.3802522202858;103.541342587381;25.9942837145577;44299.2802331551
7943.3;94.0115559616531;55.4692289921804;109.155888614944;30.5416948009485;44300.7422561514
6309.6;94.053161522859;69.0188601253874;116.660191348432;36.2722707015341;44302.099283148
5011.9;94.5179927807663;85.9488665504226;127.753115893928;42.281460562693;44303.4463061445
3981.1;95.2685484998178;106.639512207165;142.996789813773;48.2233519873217;44304.7783321412
3162.3;96.4427991255315;133.394162736496;164.606245796866;54.1334037631349;44306.1253561378
2511.9;96.6041699174262;166.431242444881;192.436285838149;59.8671951934544;44307.4573801344
1995.3;98.8890652861973;209.615661629047;231.770949071192;64.7437616202798;44308.8694071309
1584.9;100.050602873461;263.226940041207;281.599973541902;69.1885747396298;44310.2314311274
1258.9;102.529680415828;331.822528212959;347.301778854949;72.8293996303513;44311.568459124
1000;105.810130367345;415.614172544047;428.871687230374;75.7166473898459;44315.5165331141
794.33;110.801121953807;521.483849708199;533.125026736418;78.0045930475477;44316.8835571106
630.96;118.037780865129;653.80076160445;664.370644735394;79.7660101799712;44318.2105821073
501.19;128.653446040466;819.913775712832;829.945967386889;81.0823776868363;44319.5876071038
398.11;144.309854144544;1029.08371268403;1039.15283847698;82.0173864017372;44322.5036620964
316.23;167.318625265638;1288.47293188284;1299.29135245162;82.6010841127897;44323.7656840932
251.19;200.650995083843;1611.19230541384;1623.63834238198;82.9011771355132;44325.1227070898
199.53;248.541723419292;2011.69362713195;2026.98895846118;82.9568837787522;44326.4847330864
158.49;318.418068217224;2505.05768392603;2525.21366738818;82.7559763539773;44327.8767640829
125.89;414.333900906206;3111.89393950475;3139.35606011274;82.415944960818;44329.3187880792
100;550.108272915432;3853.27113145874;3892.34087978729;81.8751295219617;44330.6908100758
79.433;731.484274378756;4748.5919992412;4804.6014630686;81.2428567194816;44332.1428400721
63.096;965.599744501624;5830.46691800277;5909.88386929103;80.5964399573238;44333.6448660683
50.119;1252.93987368975;7124.88539652659;7234.21386473468;80.0262826016289;44335.351899064
39.811;1594.59723500635;8686.56349509751;8831.71136848632;79.5979932166213;44336.92892606
31.623;1987.22812401155;10576.7881358067;10761.8549928256;79.3589931538378;44338.6059570558
25.119;2407.95856462131;12876.1777923382;13099.3976574816;79.4075349740673;44340.2129880517
19.953;2874.12869444078;15700.4638175069;15961.3652247247;79.6262881901683;44342.1700230468
15.849;3362.42076387259;19193.7332830758;19486.0275770915;80.0635668061676;44344.1370600418
12.589;3898.53002814365;23522.0531940532;23842.9344428115;80.5893803780243;44346.1290980368
10;4445.72380869561;28919.1109960846;29258.8352636783;81.2603606322762;44348.4461420309
7.9433;5036.97881070064;35650.2047998582;36004.2811039365;81.9579726076432;44350.793184025
6.3096;5706.63449828408;44098.2000751184;44465.9074703551;82.626478216326;44353.2402300188
5.0119;6416.18044512629;54647.3253343664;55022.7002036842;83.3035213276674;44355.7222760126
3.9811;7192.55492470148;67891.8178706115;68271.7495024196;83.9525616427524;44358.1993220063
3.1623;8106.23405868924;84496.9608794502;84884.9069533424;84.5200876224078;44360.8563719996
2.5119;9331.11268593668;105320.392258794;105732.94041832;84.9369628508443;44363.4134189932
1.9953;10455.8326561798;131358.170216826;131773.644251218;85.4489723918855;44366.1304689863
1.5849;11975.2065848049;164029.263071859;164465.816255676;85.8244422031548;44370.3345479757
1.2589;13800.7393163715;205016.056685138;205480.032860622;86.1489211451603;44373.1865999685
1;16134.3787743345;255897.387606559;256405.520927876;86.3922658285964;44378.2356949557
0.79433;19127.1925478114;320218.419458158;320789.16075055;86.5816868447707;44381.4027509477
0.63096;23046.3525841643;400704.415440967;401366.619091973;86.7082827792124;44384.9948169387
0.50119;28219.5436886;501344.891282974;502138.46960926;86.7783526841682;44388.836887929
0.39811;34886.1950238748;627844.986477324;628813.464906689;86.8196314784747;44393.0989659182
0.31623;44527.2549379822;786178.450646503;787438.399300699;86.7583681991236;44397.951058906
0.25119;57710.9495509196;984753.114223441;986442.724982467;86.6460465148282;44403.4381578921
0.19953;75555.5433746304;1233125.60622354;1235438.14125144;86.4937808713459;44409.7252768762
0.15849;101499.737541091;1544072.06713015;1547404.51893242;86.2390668883689;44417.0724098577
0.12589;137074.825019468;1932329.77961877;1937185.55767269;85.9423723429183;44425.664570836
0.1;183134.890102574;2419746.62589056;2426666.8748474;85.6719061352291;44435.8817608102
