Frequency (Hz);Z' (Ω);-Z'' (Ω);Z (Ω);-Phase (°);Time (s)
10000;93.8526238219081;46.7832794550263;104.8665353429;26.4951530708135;45478.0060571791
7943.3;93.7547667558928;55.7596661893817;109.082980629442;30.741622584389;45479.2680781759
6309.6;94.3606537250848;69.1605969740835;116.991970430611;36.2391401295817;45480.6051041725
5011.9;94.5921256154183;85.1577073750768;127.277277445042;41.9955088004891;45481.9421291691
3981.1;94.9561075210723;107.019755653191;143.073024905543;48.4181111085788;45483.2841521657
3162.3;95.4358439672119;134.636650960077;165.03038537033;54.6694602271844;45484.6311771623
2511.9;96.9029895682178;167.64940913585;193.640165696216;59.9716698873653;45485.9782031589
1995.3;97.6928690519276;210.175015119116;231.770217335873;65.070205412303;45487.3252281555
1584.9;99.0570302527894;262.647736862931;280.70648179499;69.3361402300562;45488.6222531523
1258.9;101.412783739552;331.619844130803;346.779863497209;72.9958251194912;45489.9642751489
1000;105.787149725978;415.622815510537;428.874393989723;75.7199074754755;45493.9923541387
794.33;110.760320048957;521.288817182684;532.925772896253;78.0045260372119;45495.3793751352
630.96;118.103361933222;654.196019671836;664.771266116701;79.7665003555493;45496.7164021318
501.19;128.800747395202;820.202902687312;830.254439377625;81.0754282506326;45498.0984281283
398.11;144.369000366143;1028.96814831698;1039.04661036817;82.0132715563687;45501.0294831209
316.23;167.272934064252;1288.51676886561;1299.32894146107;82.6033310885558;45502.3065041177
251.19;200.581299065993;1610.68462832099;1623.12594380243;82.901403846578;45503.7585301141
199.53;249.11934502266;2009.73961748518;2025.12068236784;82.9338860218447;45505.1105551106
158.49;317.837071270923;2504.79611372677;2524.88098238606;82.7683069114122;45506.4975821071
125.89;415.558205769576;3112.24771912757;3139.86854622884;82.3946515157746;45507.9246091035
100;551.082103849106;3851.57217103218;3890.79679164208;81.8573969180438;45509.3216341
79.433;730.96259181001;4746.62903387158;4802.58196138476;81.2454425463828;45510.8186620962
63.096;963.858388005016;5827.84818289145;5907.01595011887;80.6089533161398;45512.3356900924
50.119;1256.10047599215;7126.42486557528;7236.2780329723;80.0037467582623;45514.1227250879
39.811;1595.96704176712;8687.19292188841;8832.57786042755;79.5899906971067;45515.7347540838
31.623;1978.70417720642;10581.782430191;10765.1934316478;79.4084885040512;45517.3967840796
25.119;2410.37382962293;12879.7520888516;13103.3551378572;79.4000268936988;45519.0038160756
19.953;2869.8247254697;15704.1873468071;15964.2536367515;79.6438890458931;45520.9158500707
15.849;3353.69729497784;19185.2789777586;19476.1961121972;80.0845532145874;45522.8978860657
12.589;3888.30096209429;23538.3413833329;23857.334290531;80.6200119848014;45524.8949240607
10;4437.60181939096;28929.8057918898;29268.1733810623;81.2792568951229;45527.2019650549
7.9433;5023.1561706508;35685.2129666095;36037.0160028133;81.9875201030345;45529.539009049
6.3096;5742.01167343836;44144.5061931593;44516.3804132342;82.5889705924719;45531.8760510431
5.0119;6404.97531084302;54707.7273078126;55081.3864741847;83.3224240350184;45534.3230990369
3.9811;7206.28006307275;67930.5976329931;68311.7600938744;83.944540575723;45536.8151430306
3.1623;8071.86743361283;84545.3053871516;84929.7574874234;84.5462808383301;45539.3121900243
2.5119;9256.83730177852;105431.672946549;105837.265162794;84.9823320039543;45541.9542400176
1.9953;10490.37462587;131516.234332989;131933.952616151;85.4394655812266;45544.7012910107
1.5849;12043.3645503777;164106.755506415;164548.07757168;85.8027372378864;45549.0003719998
1.2589;13880.2368312095;205212.80128329;205681.68315391;86.1305068724625;45551.8724219926
1;16125.2249291923;256075.998566759;256583.202725704;86.3968155903743;45557.0015189796
0.79433;19154.733843704;320656.313050916;321227.917416949;86.5814402196465;45560.1835779716
0.63096;23036.0644407528;401169.661418795;401830.508433331;86.7135564218978;45563.7406429626
0.50119;28203.8500750476;502174.261919928;502965.65140562;86.7854471820235;45567.5727119529
0.39811;35062.2820651151;628330.522957867;629308.040393669;86.8060767280046;45571.8347919422
0.31623;44499.6226144523;787293.84854226;788550.45518046;86.7649555555662;45576.5768819302
0.25119;57299.5491093609;985895.748659582;987559.449123532;86.6737524827988;45582.0589819164
0.19953;75699.928983141;1234555.55660181;1236874.2464715;86.4911560206703;45588.3760979004
0.15849;101452.662847167;1546384.7106472;1549709.10693659;86.2464120253681;45595.7182338819
0.12589;138935.116833353;1935380.75448701;1940361.21161196;85.8939533509063;45605.0304078584
0.1;191097.550452594;2422037.36371858;2429564.41878742;85.4887369057157;45615.4275988321
