Frequency (Hz);Z' (Ω);-Z'' (Ω);Z (Ω);-Phase (°);Time (s)
10000;96.5250867288042;45.7118549291575;106.801994593114;25.3410588120292;8694.54298804839
7943.3;98.8727235780278;56.318866521871;113.787653961427;29.6662604770186;8695.68000704552
6309.6;97.5993399800237;69.0876478622356;119.577314954269;35.2935332073712;8696.9170300424
5011.9;99.456238590138;85.5967353119474;131.218689562737;40.7168411938388;8698.13905303931
3981.1;99.0725591041523;107.345249990504;146.076605460866;47.2950381325367;8699.36107403622
3162.3;100.100138026671;133.846201027777;167.137198619956;53.2081287163607;8700.5980960331
2511.9;101.155143277436;167.360975049651;195.555769490569;58.8506904355053;8701.83512002998
1995.3;102.035194595553;209.503487326968;233.029809548721;64.0323713151036;8703.05214402691
1584.9;105.063536743245;264.584247571694;284.680822705146;68.342509512688;8704.23916602391
1258.9;107.210221174192;328.87746678883;345.910999659821;71.9446351860695;8705.43618902089
1000;110.917391045356;414.016136522256;428.616412351561;75.0023110618169;8709.18925901141
794.33;116.335436745088;519.18303757383;532.057290474493;77.3701241096192;8710.43627900826
630.96;124.339982570348;651.369549304686;663.130998390955;79.1928202434336;8711.66330300517
501.19;135.975188470529;816.204323991791;827.453171111509;80.54169838987;8712.91032800202
398.11;152.949017066146;1023.28381898308;1034.65123399825;81.4990018057832;8715.68637999501
316.23;177.99345657716;1280.36319662343;1292.67613339617;82.0855831629874;8716.82839999212
251.19;214.208182159262;1600.78222496128;1615.05073513372;82.3782602035449;8718.08042198896
199.53;267.405456761088;1996.76334597906;2014.58917354162;82.3723635257255;8719.30244298588
158.49;341.532145696005;2483.61613789845;2506.98889645992;82.1701327000701;8720.56446798269
125.89;447.949537491137;3081.77708048092;3114.16261006326;81.7297321270371;8721.87649097938
100;592.906364660373;3805.40043926626;3851.31282297642;81.1441440669393;8723.15851497614
79.433;787.223285198846;4681.2221764636;4746.95287170347;80.4541040309331;8724.48553897279
63.096;1035.44276740438;5733.05451752695;5825.80945667692;79.7622170481949;8725.87756696928
50.119;1342.28979130557;6987.96919242137;7115.71888975902;79.1267324408194;8727.42959296536
39.811;1705.62179851298;8489.96867307493;8659.6024036532;78.6405769638385;8728.89162296167
31.623;2119.62021832193;10309.4472689486;10525.0887341224;78.3818980643176;8731.14566395598
25.119;2565.15332692235;12512.9539963755;12773.1761635871;78.4148836285216;8732.63768995221
19.953;3053.78795026497;15209.2551057811;15512.8031547464;78.6468352263836;8734.43972494766
15.849;3572.25777814836;18520.8740061913;18862.2320944991;79.0829992781211;8736.29175694298
12.589;4125.88443588698;22683.3693569761;23055.5452714373;79.6911547712041;8738.19379593818
10;4711.70943078157;27792.5142991551;28189.0769062922;80.3780402027285;8740.40083493261
7.9433;5348.53993740433;34231.5224814674;34646.8470551249;81.1195621595617;8742.622875927
6.3096;6022.47274889994;42236.6198139285;42663.8281371654;81.8849605562905;8744.84991792138
5.0119;6756.56047412104;52261.036933548;52695.9874260851;82.6333854900541;8747.22196091539
3.9811;7580.48770889746;64801.3764113286;65243.2538942337;83.3278441937078;8749.52400490958
3.1623;8485.00677952012;80556.673324539;81002.3021720062;83.9872256987841;8751.98104990337
2.5119;9600.11253083427;100237.045527513;100695.717171533;84.5292349179742;8754.51309389698
1.9953;10721.5971916135;125114.784877723;125573.333320965;85.1020564398836;8757.08514489049
1.5849;12237.6038682394;156019.680733336;156498.880905162;85.5151143491877;8762.37124187714
1.2589;13491.1429550878;195156.994303936;195622.757786463;86.0454518698858;8765.05329187037
1;15971.1312607531;243357.870698947;243881.385646534;86.2451675282456;8770.02738485781
0.79433;18585.5602433657;304253.507439771;304820.635520239;86.5043867119915;8773.0794388501
0.63096;21986.4760126832;380912.827103626;381546.834581985;86.6965248098535;8776.47650184153
0.50119;26313.3402461923;476766.103512713;477491.685093685;86.8409764848076;8780.27357283194
0.39811;32134.8893565496;596951.8992089;597816.210120695;86.9186493474234;8784.46064882137
0.31623;39940.0318087638;748130.308091677;749195.678061634;86.944081961512;8789.17773680946
0.25119;50719.6491944692;937153.664426305;938525.158726212;86.9021201086054;8794.56483779586
0.19953;65114.549019811;1174475.47793271;1176279.11345876;86.8266911934832;8800.77695278017
0.15849;86415.1638002291;1471584.28647392;1474119.36176539;86.6393058141492;8807.99908676194
0.12589;117155.277947686;1842942.86893497;1846662.87592221;86.3626203640625;8816.50624474046
0.1;160192.759164362;2308956.05596044;2314506.38116318;86.0312432542114;8826.63843171488
