Frequency (Hz);Z' (Ω);-Z'' (Ω);Z (Ω);-Phase (°);Time (s)
10000;94.1164785555982;45.6447081637792;104.600912611043;25.872506014876;46659.8499401952
7943.3;94.094894141181;55.8825171468594;109.438132413291;30.7058780985567;46661.121960192
6309.6;94.3451215113993;69.5977739696497;117.238441197975;36.4159513564119;46662.4539841886
5011.9;94.1417811428279;85.4082217640057;127.111129731561;42.215249230022;46663.7910111853
3981.1;94.5136624377185;106.412979780625;142.325523547896;48.3892233791021;46665.1330371819
3162.3;94.9316091547943;134.28008984778;164.448025060341;54.7409451161178;46666.4700591785
2511.9;97.9707419223218;167.948997779619;194.435418913295;59.7434372946681;46667.857087175
1995.3;97.2651591691138;210.196414771271;231.609680218443;65.1683854688003;46669.2091101716
1584.9;98.4308639364268;264.235185499967;281.97316934679;69.5690174271823;46670.4961361683
1258.9;101.35990028774;331.326562489604;346.483939595356;72.9900049677017;46671.828158165
1000;105.647376702948;415.610943535726;428.828432582159;75.7376142620262;46675.8762351547
794.33;110.570312272544;521.107656718881;532.709098708752;78.0204665535123;46677.2432591513
630.96;117.959147221244;654.10531888811;664.65639890915;79.7773453397507;46678.5952831479
501.19;128.6670178148;819.964945263838;829.998622248786;81.0819996919593;46679.9673111444
398.11;144.215021196498;1028.58711284616;1038.64788116662;82.0187627351389;46682.8133661372
316.23;167.268275203511;1288.07544377688;1298.89069007001;82.6010286899174;46684.100386134
251.19;200.607044272766;1611.04883096575;1623.49053645778;82.9020905974291;46685.4924121305
199.53;248.788648008318;2011.43350767643;2026.7610977077;82.949054330352;46686.849438127
158.49;318.293179761686;2504.91179195846;2525.05319424667;82.7583701391292;46688.2314621235
125.89;416.387076761909;3111.63396847479;3139.37002461648;82.3781746001392;46689.6684911199
100;552.33202969464;3851.20148482019;3890.6070924353;81.8384020175379;46691.0855171163
79.433;732.312890392208;4745.96780867862;4802.1341724746;81.2283186428705;46692.5375441127
63.096;965.445158320224;5823.80737608696;5903.28863494653;80.587359505873;46694.0545721088
50.119;1256.2162748878;7126.40680326018;7236.28034661773;80.0028189740218;46695.8266031044
39.811;1599.98358361356;8682.50014393595;8828.68938276122;79.5588505746766;46697.4036331004
31.623;1986.76032935758;10566.5674316849;10751.723763874;79.3513857509108;46699.0756660962
25.119;2413.19848246303;12874.3764801852;13098.5914001967;79.3835567437006;46700.6826930921
19.953;2874.38894612215;15693.5979820555;15954.6585496514;79.6209290477833;46702.5997280873
15.849;3363.73589469034;19180.2726277989;19472.9961034742;80.0529211599551;46704.5567650823
12.589;3894.36592306287;23498.6345187023;23819.1500727096;80.5900512679467;46706.5988050772
10;4438.31771531012;28892.587738641;29231.4948365133;81.2668093294;46708.9658480712
7.9433;5038.02063835799;35630.6917705046;35985.1059189386;81.951983605884;46711.3328900652
6.3096;5699.12937333868;44051.770647171;44418.8988243181;82.6283929830774;46714.8669570563
5.0119;6400.42872767293;54645.2186259134;55018.7732194375;83.3195572076294;46717.2890020502
3.9811;7235.07840340323;67947.3440197729;68331.4562909701;83.9220092500556;46719.7660460439
3.1623;8122.31395519475;84441.5095716745;84831.2473250862;84.5057001781966;46722.3380940374
2.5119;9331.30442149282;105155.93054502;105569.138345425;84.9289819645889;46724.9701460308
1.9953;10339.8795461353;131268.270050084;131674.871676301;85.4961641564685;46727.7121930239
1.5849;11940.6601969123;164099.663691906;164533.519350115;85.8382254736487;46732.006275013
1.2589;13806.5213027143;204967.829224583;205432.30283361;86.1464087685436;46734.8133250059
1;16057.9430297785;256085.954456538;256588.919488476;86.4119495167876;46739.922422993
0.79433;19061.1931279138;320294.376746137;320861.05537858;86.5942600506003;46743.0844799851
0.63096;22953.1709883726;400862.56004635;401519.165302648;86.7228534030138;46746.651546976
0.50119;28112.1817579752;501799.93576423;502586.77887125;86.7934881488209;46750.4936169663
0.39811;34963.8482317276;628232.950388778;629205.141934933;86.8145312120323;46754.7556949556
0.31623;44428.9008207954;786753.342148484;788006.820154466;86.7678717356348;46759.5877869434
0.25119;57524.7510238637;985233.340349158;986911.258379353;86.658468962107;46765.0098859297
0.19953;75734.8771543728;1233641.35422006;1235963.90014413;86.4869452036981;46771.3270039137
0.15849;101594.03983792;1544912.23624689;1548249.06479415;86.2376240091812;46778.6691388952
0.12589;138418.262118228;1933262.00555092;1938210.92696192;85.9047082925203;46787.2512988735
0.1;191692.757688758;2422815.84906289;2430387.36661888;85.4761920397412;46797.5184868476
