Frequency (Hz);Z' (Ω);-Z'' (Ω);Z (Ω);-Phase (°);Time (s)
10000;98.5580188002469;46.2335468407418;108.86332680616;25.1312642490697;1341.87784961208
7943.3;99.4208949140527;56.4543286831634;114.331122502046;29.5892807014416;1342.97486660931
6309.6;99.2030190729947;68.4268586996833;120.513376787406;34.596587409178;1344.16188860632
5011.9;101.453289778163;85.1110190674231;132.426038125087;39.9939018702906;1345.33890860335
3981.1;101.172703549539;107.464327032297;147.595723271467;46.7272785131187;1346.51593260037
3162.3;100.763828866325;133.537075713508;167.288672054976;52.9626837915949;1347.68295159743
2511.9;102.248061767313;167.503777077325;196.245207509234;58.5991727559216;1348.85497459447
1995.3;104.816817452886;209.139380361728;233.935558731543;63.3808120797855;1350.03699659148
1584.9;106.526064920824;262.002251637894;282.830306669639;67.874101147753;1351.17401858861
1258.9;109.001043911003;329.059079965779;346.642619540087;71.6725127280404;1352.31603858573
1000;112.43482782453;413.079548976937;428.107818535146;74.7737046817915;1356.1291105761
794.33;118.177673936002;518.154506629606;531.460304592445;77.1520760196927;1357.32113357309
630.96;126.471160161976;649.602945742469;661.799774455998;78.9829062105155;1358.47815457017
501.19;138.749446360969;814.428707733881;826.16313694485;80.3316782455265;1359.68517656712
398.11;156.359641573321;1020.54309499341;1032.45171618419;81.2893247730137;1362.40122856027
316.23;182.460345512892;1276.35892652114;1289.33466834445;81.8644710144423;1363.48824555752
251.19;220.606037622424;1595.12757662662;1610.31022152571;82.12594599416;1364.70026955446
199.53;275.410119907784;1987.89940041717;2006.88683296457;82.1122649180054;1365.88228955148
158.49;353.357634259927;2471.77605943767;2496.90578630812;81.8642920283727;1367.10431354839
125.89;462.017463108658;3062.89355282407;3097.5437127099;81.4219769372736;1368.37133754519
100;613.556090997115;3779.49323577958;3828.97116678923;80.779146503068;1369.60335954208
79.433;812.632739141046;4644.97029571682;4715.51916726202;80.0765917971638;1370.88038253886
63.096;1069.40742393026;5680.70466418989;5780.48767147772;79.3386940750923;1372.20740953551
50.119;1387.45789058511;6915.08627627494;7052.9041966039;78.6546936119817;1373.78943753151
39.811;1756.08090063389;8386.652518543;8568.53316480451;78.1737009639677;1375.18646152799
31.623;2178.51889795851;10164.2091533238;10395.0513371159;77.9026878802217;1377.37050352247
25.119;2630.76686223504;12318.883146803;12596.6589327497;77.9452431274551;1378.80252851886
19.953;3127.13313736362;14952.4743803373;15275.9762946085;78.1875226114338;1380.54456351446
15.849;3636.59935274754;18193.4148830041;18553.3069817086;78.6963771568666;1382.34659550991
12.589;4209.460829143;22217.217867698;22612.4817358212;79.2714327055235;1384.17863050528
10;4804.27105437404;27233.4004338164;27653.9168934979;79.9953319878941;1386.33566849984
7.9433;5427.32902513149;33458.3478044916;33895.6772782808;80.7862186616631;1388.50770849436
6.3096;6093.41153866313;41245.2490595143;41692.9278674559;81.5961348992457;1390.77975248862
5.0119;6821.3829913599;50991.7494960685;51445.9889844156;82.380536730976;1393.02179248296
3.9811;7623.59378568546;63299.3340901484;63756.763393897;83.1325344370813;1395.36383547705
3.1623;8475.64166300134;78620.135424144;79075.6738555565;83.846993115358;1397.75088147102
2.5119;9538.55180189227;97894.8023608729;98358.4073668934;84.4348525338395;1400.22292746478
1.9953;10531.9503913994;121996.74864873;122450.515147582;85.0659023305449;1402.75997445837
1.5849;11980.283059328;152292.793719079;152763.288132141;85.5020264762185;1405.32702045189
1.2589;13514.7577924139;190338.268428281;190817.465412535;85.9385927924575;1409.72610244078
1;15411.6588170701;237519.318799521;238018.793439683;86.2875150461029;1414.52019142868
0.79433;17826.2181772512;297345.258336663;297879.131041099;86.5691531299603;1417.51224742113
0.63096;20852.7606603799;372046.291024076;372630.219241449;86.7919948638808;1420.91430841254
0.50119;24823.4302651647;465978.631798961;466639.355373463;86.9506441580081;1424.5713754033
0.39811;30081.9343975236;583778.032523981;584552.575937073;87.0501720310781;1428.64345239302
0.31623;37060.3799761435;731333.220119367;732271.637177174;87.0990124772335;1433.31053738124
0.25119;46895.1545599947;916854.985092684;918053.494743368;87.0719960218669;1438.6326363678
0.19953;59754.4181085121;1149124.63659519;1150677.20100535;87.0233036643441;1444.77475035229
0.15849;78387.2028297603;1439356.56646308;1441489.46544464;86.8827574041201;1451.93688333421
0.12589;105908.313410619;1805107.459874;1808211.68908462;86.6422215683032;1460.32403831304
0.1;145406.579743221;2264324.34081926;2268988.27539042;86.3257208485925;1470.38622428763
