Frequency (Hz);Z' (Ω);-Z'' (Ω);Z (Ω);-Phase (°);Time (s)
10000;98.9394419720913;45.726636965302;108.99513065227;24.8048657512601;4506.19943662294
7943.3;99.104829734721;55.8349154822371;113.751066208878;29.3965832354562;4507.31145462013
6309.6;99.9508646621011;69.0232448692854;121.467623994985;34.6278629903711;4508.50848061711
5011.9;99.858582256941;85.8366263295398;131.680153667906;40.6817564083326;4509.70549961409
3981.1;99.9250624819675;106.821150547936;146.272951417581;46.9104113228947;4510.89252261109
3162.3;100.773520466529;133.223741613291;167.044508310399;52.8952957000267;4512.08454460808
2511.9;102.74465879588;166.993336869594;196.069476130079;58.3975925815987;4513.28656560505
1995.3;100.86898206391;209.754424173346;232.747653055624;64.3175248507679;4514.46858860206
1584.9;104.17755301199;263.057687823183;282.935168677287;68.3951711700722;4515.62561159914
1258.9;106.511534781754;330.01978195922;346.782011537473;72.1128845435445;4516.79263259619
1000;111.766947608954;413.743090131457;428.573442025226;74.8831566498795;4520.64070358648
794.33;117.317999608577;518.800132788913;531.899511951226;77.2578256497978;4521.85772558341
630.96;125.415526647254;650.405868740702;662.387234490939;79.0858069782423;4523.03474758043
501.19;137.258823718176;815.380207512439;826.852385551088;80.4445752831208;4524.25176857736
398.11;154.558714183812;1022.13698134662;1033.75645331313;81.4013684201068;4526.98282057047
316.23;180.034662367858;1278.41948004963;1291.03402225669;81.9839800585363;4528.09984056765
251.19;217.108156558244;1598.20363868105;1612.8827676981;82.264002751761;4529.35686656447
199.53;270.789948883769;1993.95823623982;2012.26157451885;82.2662468053445;4530.55888556144
158.49;346.60395050868;2477.26688787592;2501.39671629166;82.035230745551;4531.80590855829
125.89;453.831819806719;3073.06474291559;3106.39505453185;81.5992500751911;4533.09293455504
100;602.384289446393;3796.03469952621;3843.53304554272;80.9830464719481;4534.34995755187
79.433;799.596605132007;4665.22803010117;4733.25546572127;80.274291873098;4535.66698054854
63.096;1051.99616723887;5706.85333206088;5803.00533254448;79.5554002441424;4537.02400754512
50.119;1363.41630403551;6956.89249575722;7089.23530542139;78.9116721997719;4538.64103554103
39.811;1731.29677918743;8442.92876359385;8618.60978608181;78.4116410934871;4540.07306353742
31.623;2145.52894693843;10242.9287276745;10465.2225672639;78.1696153559433;4542.33210653171
25.119;2605.30334672794;12422.534859449;12692.792358764;78.1553689934192;4543.78913252804
19.953;3092.63375166355;15080.4346433687;15394.2811639532;78.4107003101457;4545.58116552351
15.849;3608.27174029678;18369.9955534757;18721.0139038072;78.8873205692501;4547.41319951889
12.589;4178.79649975157;22458.4341468836;22843.8964390107;79.4596248552561;4549.35023551399
10;4767.24063987515;27521.2141482738;27931.054607974;80.1727080856527;4551.59227650833
7.9433;5423.42593112444;33837.5117056235;34269.3849851234;80.8941646666734;4553.7843175028
6.3096;6090.44776609044;41739.1625453379;42181.1716762066;81.6981687137785;4556.081358497
5.0119;6826.46397202973;51627.1746789569;52076.537669981;82.4676929536371;4558.42340049109
3.9811;7659.03155419834;64029.8819679587;64486.3283896589;83.1788875428858;4560.73544748525
3.1623;8546.59070956573;79537.7512859355;79995.6129570877;83.8669140544858;4563.07748947934
2.5119;9629.74301565092;98870.1920244553;99338.0431732987;84.4370612701752;4565.55453347308
1.9953;10797.0455775858;123279.650418129;123751.559183796;84.9947079916125;4568.03658046682
1.5849;12149.7487288541;154127.376177121;154605.512454821;85.4927361671796;4573.47268345309
1.2589;13783.1999866434;192625.063489739;193117.559238661;85.9072018097456;4576.10473244645
1;15892.1875212285;240298.606510179;240823.549336321;86.2162443993084;4580.96382043418
0.79433;18429.3137575437;300359.25127999;300924.109095716;86.4888719630735;4583.98087542656
0.63096;21764.9487228594;376003.941937531;376633.346034934;86.6871366091104;4587.3329394181
0.50119;25886.3184168772;470892.072196902;471603.058873744;86.8534500405799;4591.0150054088
0.39811;31527.4787683386;589455.005044081;590297.539287609;86.9384060304138;4595.18708239827
0.31623;38973.2497024968;738549.924835128;739577.5183619;86.9793058277247;4599.86416838646
0.25119;48934.8694196553;925462.712225652;926755.55200127;86.9732407044513;4605.20627037297
0.19953;63418.8022230109;1160233.33897014;1161965.29437552;86.871304022357;4611.35838235744
0.15849;82901.5209931878;1454102.10718884;1456463.38790716;86.7369754084003;4618.53551733932
0.12589;112214.453479328;1820743.39930637;1824198.07304124;86.4732577888974;4626.94267031809
0.1;154293.866542073;2281932.81483026;2287143.18936346;86.1318090354499;4637.05485829256
