Frequency (Hz);Z' (Ω);-Z'' (Ω);Z (Ω);-Phase (°);Time (s)
10000;95.2284453843465;45.8400832259075;105.687132804697;25.7047518449567;36768.3647931688
7943.3;95.2133580553105;56.5373106145881;110.73414578936;30.7016709045643;36769.5818141657
6309.6;95.9079465261999;69.040547810492;118.1733110683;35.7487038211037;36770.8888381624
5011.9;95.776709976752;86.103798719153;128.790691930121;41.9557191021149;36772.1908601591
3981.1;96.4989587677492;106.839648862031;143.96791174502;47.9112422152535;36773.4928841559
3162.3;97.5474670744616;133.057910374869;164.984592753292;53.7540971049861;36774.8099091525
2511.9;97.7380278985625;166.741734028204;193.275782146218;59.6226965501419;36776.1519331491
1995.3;99.2080541139392;209.554108087103;231.851595244146;64.6659774831854;36777.4389591459
1584.9;101.057689371381;264.191336809058;282.859892925879;69.0672955232081;36778.7109811427
1258.9;102.77621460963;331.027847666927;346.615617392643;72.7516835108525;36780.0130071394
1000;106.911906616625;415.598218586221;429.129391988526;75.5735639820205;36784.0210831293
794.33;111.820413127826;521.244062419443;533.103345890459;77.8920796473597;36785.3681051259
630.96;119.180864784058;654.187498715654;664.955157891507;79.6750039304668;36786.7151311225
501.19;129.738337583419;820.095306721759;830.294133633356;81.010359770531;36788.0221551192
398.11;145.224718285514;1028.55920934029;1038.76092818311;81.9633958051828;36790.863207112
316.23;168.016195060912;1288.14650601062;1299.05768261079;82.5687194914485;36792.1052321089
251.19;201.17409861101;1611.50633341844;1624.01467992124;82.8842324941079;36793.4672541054
199.53;249.048111254809;2012.56690711171;2027.91777873778;82.9457098455822;36794.7242781023
158.49;318.634517062797;2506.2084147898;2526.38250742579;82.7543974615929;36796.0863060988
125.89;415.651678630187;3113.83311361955;3141.45236752393;82.3967886205408;36797.5133300952
100;549.605308840166;3853.81172047521;3892.80500055903;81.8835825444872;36798.775353092
79.433;730.063945541071;4750.05059475187;4805.82708982352;81.2622401958623;36800.1173770886
63.096;963.162783580318;5834.56115399218;5913.52571714614;80.6262156040762;36801.5944070849
50.119;1253.68213366422;7130.19159369409;7239.5684301659;80.0277702587047;36803.3264380805
39.811;1596.72607480807;8693.72911871704;8839.14363202684;79.5928070992114;36804.8834660766
31.623;1983.35529239988;10588.0991047105;10772.2579279863;79.3903468810912;36806.5254990725
25.119;2415.32807950181;12893.1211840273;13117.4076553885;79.3894982387308;36808.0925250685
19.953;2882.60005598388;15711.549688567;15973.7965649707;79.6035593977182;36809.9995600637
15.849;3384.04121055939;19207.8300462148;19503.6527347837;80.0081511154557;36811.9365960588
12.589;3892.15893501776;23547.530058441;23867.0289945904;80.6144694087771;36814.0486350535
10;4481.77196799902;28940.8318624587;29285.7990989532;81.1971105545364;36816.3356780477
7.9433;5107.82962338854;35669.4033414942;36033.2659940751;81.8506927332184;36818.6427210419
6.3096;5759.66309701739;44115.2615251455;44489.6619274987;82.561570229317;36821.0647670358
5.0119;6509.89850066763;54643.1696459347;55029.5808401572;83.2061049201349;36823.4968120296
3.9811;7310.81358570654;67853.1198478808;68245.834073413;83.8504072950486;36825.9538550234
3.1623;8224.65069440417;84360.2531380093;84760.2335329131;84.4315818128318;36828.4009020172
2.5119;9489.78265926376;105095.968918671;105523.545514138;84.8403925697184;36831.0129520106
1.9953;10695.0364856153;130968.646723497;131404.60505634;85.3315256922398;36833.7150000038
1.5849;12257.6528419442;163809.261203527;164267.233827197;85.7206001320741;36839.2761069898
1.2589;14096.0564212938;204586.350493545;205071.386631338;86.058534027205;36842.1131569826
1;16402.8642348871;255277.156112722;255803.597293133;86.3235070048578;36847.1972499698
0.79433;19460.1539348991;319438.039810435;320030.246803491;86.5138515529338;36850.3643109618
0.63096;23325.6644751981;399525.522953978;400205.859670818;86.6586697181239;36853.9063739528
0.50119;28483.4534062939;499711.258470007;500522.376082855;86.7376807091194;36857.6934459433
0.39811;35219.148833036;625440.565252729;626431.392179684;86.777024277447;36861.9655259325
0.31623;44364.1547357975;783189.339228911;784444.847842881;86.7579163772267;36866.7576119204
0.25119;57124.2292156835;980935.856706974;982597.747064856;86.6671776708198;36872.1997119066
0.19953;75353.4199247638;1229061.26474689;1231369.0471973;86.4916024537733;36878.4618288908
0.15849;100227.276109103;1537640.36364893;1540903.43461188;86.270592434585;36885.7739638724
0.12589;136053.65426013;1926111.96035269;1930911.1529667;85.9595422704686;36894.2961228509
0.1;190143.484788347;2407526.99967869;2415023.97482703;85.484224373332;36904.5133118251
