Frequency (Hz);Z' (Ω);-Z'' (Ω);Z (Ω);-Phase (°);Time (s)
10000;98.3403632213743;45.3017906880364;108.273169705401;24.7337866842387;6350.9455929654
7943.3;98.7988049133839;56.29759385115;113.712896919136;29.6753811681506;6352.07261396256
6309.6;98.9607528101148;68.7814090199714;120.516027247488;34.8007394322343;6353.29463395947
5011.9;98.5279846761338;86.4225960161844;131.059638586855;41.2552170448264;6354.50165895643
3981.1;100.34213661561;106.521648669531;146.340035587876;46.7110520328589;6355.68368195344
3162.3;100.282802195447;132.661664943758;166.300203733552;52.9133074171611;6356.89570395038
2511.9;101.944975652944;166.646866901798;195.355973312988;58.5441012938305;6358.11272494731
1995.3;101.883703127376;209.559910159602;233.014259025167;64.0719355953724;6359.30974794429
1584.9;103.166129820816;261.387040946949;281.009671572363;68.4614829710199;6360.48176694133
1258.9;107.31915647369;329.820414500663;346.841328517253;71.9758041861775;6361.64879093838
1000;111.274800465985;413.707900643266;428.411377385572;74.9454715072566;6365.42186392885
794.33;116.743348323994;518.906199667659;531.87653965129;77.320724918238;6366.64388492577
630.96;124.832295064086;651.006641012869;662.867067015571;79.1451395846592;6367.83590292276
501.19;136.600289411963;816.006275123954;827.360791982012;80.4967440454913;6369.07292691964
398.11;153.639499900073;1022.65640037262;1034.13307129819;81.4560274140449;6371.82398191269
316.23;178.84977461369;1279.58088630238;1292.01953795976;82.0431937598801;6372.95600090983
251.19;215.211302365139;1598.11390290002;1612.53959681865;82.3303580485195;6374.20302490668
199.53;268.394376695877;1993.33925097398;2011.32715163781;82.3314948575807;6375.41504390362
158.49;344.236309545961;2481.22820561408;2504.99342217594;82.1014172368927;6376.66706890046
125.89;449.84834921432;3075.25593481882;3107.98368752624;81.6777990797937;6377.95409189721
100;596.551895271696;3799.86733630916;3846.40948643037;81.0777993265992;6379.13111489424
79.433;790.868642971484;4673.17939177458;4739.62855487033;80.3945228984896;6380.44313889093
63.096;1040.60694133148;5722.22232392863;5816.07179553471;79.6931871170344;6381.80516588749
50.119;1350.01702484273;6973.65317959431;7103.12499091991;79.0437381663857;6383.4271948834
39.811;1716.11286724377;8474.65765326051;8646.6678965418;78.5524382062588;6384.87422087974
31.623;2127.83814558666;10283.6116353724;10501.445778605;78.309592396773;6387.12326587406
25.119;2571.23909906236;12471.2650177831;12733.5667292526;78.3503869349845;6388.58528887037
19.953;3066.6595992796;15157.809376122;15464.9146839129;78.5625594337404;6390.37732086585
15.849;3592.61510079232;18477.6126947148;18823.6302066931;78.9972181677844;6392.2193578612
12.589;4142.19178272098;22581.4057264264;22958.1714721867;79.6055762921093;6394.16639485628
10;4733.70354844105;27674.3865831017;28076.3178147613;80.2934946392555;6396.35843385075
7.9433;5392.49563598531;34056.3418115479;34480.6239324219;81.0024601946186;6398.57047484516
6.3096;6028.41976120523;42012.3376046264;42442.6478417922;81.8342731676226;6400.78751483957
5.0119;6773.50482875692;52002.5430936054;52441.8235368248;82.578814359088;6403.06455783382
3.9811;7612.57979580894;64495.8254533826;64943.5360298525;83.2684022892294;6405.37159982799
3.1623;8509.67253867504;80176.5143365169;80626.8440277132;83.9414954413899;6407.73864282202
2.5119;9588.33638027197;99666.7737068222;100126.929323075;84.5048315480358;6410.1606898159
1.9953;10745.1090231546;124459.255534846;124922.230432407;85.0656414127972;6412.74773780937
1.5849;12186.465573733;155320.512169957;155797.854426554;85.5137571215455;6418.08883779588
1.2589;13833.3511204727;194320.181019826;194811.946129595;85.9280719624205;6420.75588378915
1;15908.4500574177;242245.64223376;242767.440083048;86.2427389335613;6425.7249777766
0.79433;18497.3495287726;302919.104703786;303483.337160598;86.5056488426261;6428.737033769
0.63096;21829.255582779;379156.940626108;379784.810154709;86.7049395339964;6432.14909676038
0.50119;26114.878216648;474529.037432454;475247.087556401;86.8500041954899;6435.91616675087
0.39811;31831.696758381;594285.440594583;595137.330219854;86.9339974130612;6440.03324274048
0.31623;39420.7171808154;744461.40606771;745504.378301939;86.9689049902725;6444.72032872865
0.25119;49596.3456413229;932806.421771595;934123.984275803;86.9565088560205;6449.99242471533
0.19953;64285.4255900792;1168180.53406909;1169948.0228289;86.850168170126;6456.15954169976
0.15849;84858.0208637825;1464443.03985971;1466899.55371814;86.683670479849;6463.36667268157
0.12589;112538.33400197;1834304.68511196;1837753.67077408;86.4891876279417;6471.85383166014
0.1;156982.104951876;2295907.680314;2301268.22812986;86.0885035897654;6481.96101663462
