Frequency (Hz);Z' (Ω);-Z'' (Ω);Z (Ω);-Phase (°);Time (s)
10000;90.8648374401169;46.6189052627177;102.126103474641;27.1604411230207;69747.3674209048
7943.3;92.0558181162635;55.7597022076596;107.626288792941;31.2039694101757;69748.7694429013
6309.6;92.0892551850774;68.9568067477296;115.045521935389;36.8260176190673;69750.3114708974
5011.9;92.5984231208034;86.4723161465387;126.696209194302;43.0406444978222;69751.8334998935
3981.1;92.1655243661676;107.380589023289;141.50998120514;49.3602725671527;69753.3555278897
3162.3;94.1089970896621;133.461521641635;163.304871611727;54.8108227833453;69754.8825568858
2511.9;93.65568935079;168.668181871937;192.925746658544;60.9580794594659;69756.414585882
1995.3;96.5163008013494;209.644249751847;230.79451417742;65.2795390216527;69757.9466148781
1584.9;97.6438798057712;263.646416703039;281.147221760907;69.677425251727;69759.4486408743
1258.9;99.9449245553747;333.709429844029;348.354663398104;73.3272072377931;69760.9156688706
1000;103.344568461679;416.059400976458;428.7021401526;76.0506645997495;69765.1837488598
794.33;108.222996376328;521.932325662526;533.034304258332;78.2856842855532;69766.7357778559
630.96;115.347474501451;655.060747186921;665.138799333605;80.0133534046427;69768.3778068518
501.19;125.798526880103;821.08012686462;830.66108858982;81.2893900025358;69769.9148348479
398.11;140.944496771709;1030.55116452796;1040.14472737219;82.2121948894429;69773.03089584
316.23;163.317902129056;1290.90569459923;1301.19569992548;82.7895770495013;69774.4479178365
251.19;196.010010706881;1614.73018951689;1626.58338526943;83.078801940882;69776.0099478325
199.53;242.952857530346;2015.68014646129;2030.26908162942;83.1272106995449;69777.5569778286
158.49;311.155924197036;2511.91567662397;2531.11405820287;82.93862992072;69779.1290068246
125.89;408.179323143851;3120.29467523548;3146.87928274109;82.5472092074963;69780.7160338206
100;538.730239819746;3865.24439909088;3902.60740223759;82.0653424899591;69782.3030658166
79.433;716.559270853141;4767.0058796935;4820.56036635556;81.4515044697736;69783.9350948125
63.096;946.566992061701;5858.54200802807;5934.51796949764;80.822013110446;69785.6421258082
50.119;1233.09571930172;7164.62285392165;7269.96187692182;80.2345558140362;69787.5941638033
39.811;1567.27550271043;8735.371897767;8874.85631960843;79.8283765447247;69789.3661977988
31.623;1949.90296722664;10654.5651790086;10831.5225492699;79.6290092238721;69791.2182297941
25.119;2375.8199798794;12969.4462614399;13185.259076149;79.6193137586731;69793.0952647894
19.953;2826.61289139854;15826.7943425994;16077.2248724946;79.8739263765609;69795.202302784
15.849;3327.3750654334;19381.0118564288;19664.5631887694;80.2583041697063;69797.3343437787
12.589;3825.58562158202;23740.4663303859;24046.7221660717;80.8459373525688;69799.5313837731
10;4372.00753757459;29218.0203597544;29543.3099643833;81.48974759834;69802.9004487646
7.9433;4967.5001961793;36037.4963689951;36378.2517824095;82.1516622035978;69805.3324927585
6.3096;5626.37861128111;44598.5023749079;44952.0027402801;82.809765441739;69807.8545367521
5.0119;6333.49740461901;55306.302915587;55667.767438303;83.4671325596139;69810.4165867456
3.9811;7099.60551011855;68768.7349872295;69134.2412277961;84.1057309831495;69813.0686337389
3.1623;8024.6268404112;85644.1314896203;86019.2530456945;84.647166189802;69815.825686732
2.5119;9214.28888985484;106655.457935017;107052.743202003;85.062303851127;69818.6377387249
1.9953;10400.1734658619;133130.80260016;133536.41529217;85.5331277471818;69821.5147897176
1.5849;12072.7723695835;166375.669628167;166813.114822873;85.8497017071168;69827.4359037027
1.2589;13753.9860509292;207777.297559191;208232.028067946;86.2127848572403;69830.477957695
1;16227.1962850139;259527.808173129;260034.622914758;86.4221904087715;69835.7120546818
0.79433;19373.2844609314;324844.097705589;325421.283822928;86.5869959526552;69839.0491166734
0.63096;23517.7067232238;406323.029542408;407003.055106519;86.6874541166618;69842.771183664
0.50119;28954.4125446343;508448.9537223;509272.713334523;86.7407233027132;69846.8882596536
0.39811;36386.4912886249;636347.896983555;637387.341217011;86.7273802404324;69851.2903446424
0.31623;46382.2662785342;796998.814555992;798347.308524798;86.6693626231622;69856.2924366298
0.25119;60138.774282943;998532.31923604;1000341.67399502;86.5534007041385;69861.9495396155
0.19953;79817.7604264225;1249322.29450297;1251869.43026086;86.3444071106784;69868.4516615991
0.15849;107416.707002066;1563991.20950854;1567675.62089966;86.0710302894623;69875.9537995802
0.12589;146519.925594572;1957353.00707174;1962829.30559155;85.719042209823;69884.7159625581
0.1;204061.459232833;2447861.80390139;2456352.68032577;85.2346619935923;69895.1531535317
