Frequency (Hz);Z' (Ω);-Z'' (Ω);Z (Ω);-Phase (°);Time (s)
10000;90.5106830256986;45.2998113926484;101.213915317944;26.5875672873736;73040.5943945902
7943.3;91.9701658274292;55.2912467642538;107.310919160496;31.0137280092215;73042.0064195867
6309.6;91.7931042772216;68.7102933319076;114.66070993416;36.8161161422829;73043.5234495828
5011.9;93.0348752071174;85.9280590521134;126.645644762334;42.7259160801676;73045.050475579
3981.1;93.047247733469;106.756734576884;141.614938083144;48.925179562379;73046.5525035752
3162.3;93.9259493377012;134.650422204134;164.173140795746;55.1021427936762;73048.0745335713
2511.9;94.6813998476368;168.251461164413;193.062481236174;60.6319122169187;73049.5615605676
1995.3;95.409063787884;210.933537160771;231.507767800639;65.6618979478291;73051.0735865638
1584.9;97.7182161940991;263.932525942761;281.441340294355;69.6834630436225;73052.58561656
1258.9;97.3768415332781;331.310034032531;345.323888425974;73.621170064152;73054.0876425562
1000;103.092757855115;416.229458234655;428.806574838222;76.0887960664529;73058.3107285455
794.33;107.963752587518;522.217207647262;533.260709067977;78.3191729775588;73059.8427515416
630.96;115.014320052902;655.133121317017;665.152388903331;80.0426974209772;73061.3547775378
501.19;125.377887229886;821.676276515059;831.186812933099;81.3242747503132;73062.8868055339
398.11;140.58433806033;1031.18889814062;1040.72787017372;82.236597534913;73066.032868526
316.23;162.882987730902;1291.24001861189;1301.47287845617;82.8104195578553;73067.4948935223
251.19;195.578854712757;1615.06791356872;1626.8667597102;83.0953092395631;73069.0569205184
199.53;243.325890945912;2017.33111047949;2031.952828811;83.1223384793312;73070.6039505145
158.49;310.085296381743;2511.84260183884;2530.91014211186;82.9624800264692;73072.1659805105
125.89;406.313331146836;3122.8957992482;3149.21715606112;82.5870099851257;73073.7830105064
100;538.333609469861;3867.52604919257;3904.81251998966;82.0757281298892;73075.3650385024
79.433;716.04510568108;4769.80844857427;4823.2554596932;81.4624931419102;73076.9870694983
63.096;943.321581224604;5857.14490680773;5932.62185420138;80.8508030727175;73078.699098494
50.119;1228.03179935811;7165.17001099513;7269.64396560785;80.2746203106663;73080.671137489
39.811;1564.51320103086;8742.16439009061;8881.05510508566;79.8536560968732;73082.4281674846
31.623;1947.52539525496;10662.0185975393;10838.4268110938;79.6484656660725;73084.27020448
25.119;2366.74693313426;12987.1742590191;13201.0676189326;79.6719127087883;73086.0372344755
19.953;2822.88351106826;15843.1963314657;16092.7170271035;79.8972645017019;73088.1442764702
15.849;3301.78819735229;19377.2178216984;19656.5097565595;80.3299393832828;73090.3563144646
12.589;3823.38270198755;23752.9995928927;24058.7457059967;80.8558652721795;73092.558357459
10;4355.50918363008;29247.856113744;29570.3829447465;81.5299180348572;73095.0754054527
7.9433;4948.16327622;36064.023932817;36401.8975059671;82.1875145342954;73097.6074504463
6.3096;5578.76926953756;44631.1255811776;44978.4396928749;82.8751371378126;73100.2344994397
5.0119;6313.32584630249;55408.6954701192;55767.2091550402;83.4996912852296;73102.8965504329
3.9811;7111.87319418608;68828.0704984871;69194.5231132847;84.1006720925087;73106.2186104245
3.1623;8023.41331244248;85643.2127601336;86018.2251215392;84.6479138936948;73108.9456614177
2.5119;9142.25239218731;106785.402089482;107176.036865592;85.1066505308782;73111.7827144105
1.9953;10292.4869622156;133275.601133676;133672.439737629;85.5839787938979;73114.6097644034
1.5849;11913.1827421143;166545.752090042;166971.289335277;85.9085448246991;73120.4258743887
1.2589;13810.4159806201;208158.607922168;208616.235326143;86.2042376642121;73123.3829283812
1;16280.8972336824;259696.490908332;260206.331600204;86.4127067105843;73128.7520293676
0.79433;19446.0655804187;325038.20614924;325619.38659004;86.5762455068409;73132.169089359
0.63096;23601.9607470701;406510.52376661;407195.111075894;86.6771430963996;73135.9461593495
0.50119;29122.8999452476;508835.515728605;509668.250304074;86.7242836500993;73139.9432343394
0.39811;36574.7541430688;637092.807996421;638141.80135875;86.7143226549477;73144.4153173281
0.31623;46666.3451004079;797478.357832818;798842.587107597;86.6510201613777;73149.4624123154
0.25119;60066.0607310778;998330.987217492;1000136.33655137;86.5568653835156;73155.1245143011
0.19953;80498.8173122623;1249701.13553339;1252291.09544951;86.3144154084715;73161.6166342847
0.15849;107601.074992824;1563101.90324137;1566801.05669367;86.0620757379878;73169.1637742656
0.12589;146744.407515692;1957897.29384757;1963388.83932673;85.7136952910268;73177.9509372434
0.1;205324.628179498;2450200.78117961;2458788.74062621;85.2098567296504;73188.3981322171
