Frequency (Hz);Z' (Ω);-Z'' (Ω);Z (Ω);-Phase (°);Time (s)
10000;90.7987850602829;45.5010690160304;101.561639658018;26.6163560372241;81081.1382722898
7943.3;91.2319364628798;55.6743442988644;106.877962386431;31.3936545298158;81082.5802982862
6309.6;91.3751668674831;68.6781780597642;114.307100661635;36.9287649501202;81084.0673252824
5011.9;92.0508599904964;85.9816409563711;125.961118630077;43.0475137001871;81085.4993522788
3981.1;92.4219239676907;106.561880911328;141.057599913119;49.0646539041491;81086.9613762751
3162.3;92.3504649928972;134.229332682762;162.929807392214;55.4718301482004;81088.4334062714
2511.9;95.1060606685222;167.999929422202;193.052166684939;60.4854637806044;81089.8954332677
1995.3;92.94579909992;208.979980431875;228.717191727315;66.0224464179047;81091.362458264
1584.9;96.9400168506554;264.41766794052;281.627537691378;69.8662041614663;81092.8044862604
1258.9;98.0652116785871;331.769698048106;345.959417106251;73.5332594483909;81094.2515132567
1000;102.440070405656;416.203202382901;428.624630298468;76.1726403517001;81098.4045912462
794.33;107.254421672266;522.228506120962;533.128618227894;78.3940724989648;81099.9116162424
630.96;114.349848310466;655.309541915334;665.211608087165;80.1016948928459;81101.3836462387
501.19;124.729901442757;822.316440112042;831.722234879206;81.3750546012563;81102.8806722349
398.11;139.753752690758;1031.28820742554;1040.71440759035;82.2826442470839;81105.9817312271
316.23;161.783534270001;1290.87440574558;1300.97296027623;82.8564443784472;81107.4187562235
251.19;194.552261331192;1615.79124291386;1627.4618038732;83.13425035049;81108.9757872195
199.53;241.799638767586;2017.80830299737;2032.24442746271;83.1666700781562;81110.4278112158
158.49;308.937324733159;2514.60080643206;2533.50734877996;82.9958884759137;81111.9748402119
125.89;402.481353479879;3124.69777853454;3150.51225153588;82.6603447147779;81113.521870208
100;535.547632237953;3871.73809893122;3908.60169026101;82.1246897953922;81115.0538982042
79.433;712.139482631302;4775.90684157641;4828.70881314444;81.5190649307885;81116.6209262002
63.096;939.479843772418;5864.50069399145;5939.27527284944;80.8986757297729;81118.282959196
50.119;1225.72766587308;7178.33680697709;7282.23369751951;80.3099883001723;81120.1899931912
39.811;1558.3003176676;8757.29226737476;8894.8562515796;79.9102165035333;81121.8770231869
31.623;1943.5272306385;10679.9000840644;10855.3011889045;79.6861840995781;81123.6640591824
25.119;2357.39349649889;13012.3773668719;13224.1925589132;79.7313584444718;81125.416091178
19.953;2811.74816881177;15879.2174930896;16126.2356412667;79.9586641587729;81127.4881281728
15.849;3291.69838788311;19405.1771303687;19682.3824202706;80.372565117105;81129.5951681675
12.589;3802.44139526508;23833.1410504094;24134.5638637439;80.9351838125463;81131.7872091619
10;4354.60608564161;29313.3327351395;29635.0142601975;81.5502910263424;81134.3042541556
7.9433;4934.5340799411;36169.8425213473;36504.891927044;82.2312838553632;81136.8013001493
6.3096;5580.88468547746;44804.2159211159;45150.4599996343;82.8997171876073;81139.3433461429
5.0119;6292.7791108857;55534.3093804023;55889.7001897187;83.5351978604543;81141.9203981363
3.9811;7139.2336255469;69043.0208680718;69411.1474285589;84.0964434966162;81144.5474461297
3.1623;8021.71270266421;85937.3904761225;86310.9666063916;84.6672531365135;81147.2394951229
2.5119;9171.76524900192;107107.36866452;107499.347439974;85.1056159335215;81150.0415471158
1.9953;10356.6488023808;133747.054170452;134147.436329173;85.5721604314507;81152.9285991085
1.5849;11935.1286422814;166920.782332152;167346.929670327;85.9102114988898;81158.7297100939
1.2589;13846.1922680249;208326.061799471;208785.691715692;86.1974834493611;81161.7517610863
1;16393.1003509085;260360.008373193;260875.578962853;86.3972300153898;81166.9408610732
0.79433;19614.0451041447;326010.979155621;326600.473507547;86.5570208397565;81170.2579200648
0.63096;23869.9555805704;407715.680925775;408413.823532194;86.6494093686247;81173.9399880555
0.50119;29441.39757287;510365.542945447;511214.02887347;86.6984440830918;81177.9070630455
0.39811;37097.5123394966;639054.905479937;640130.766046868;86.677674958499;81182.2891450344
0.31623;47105.9722722444;800191.687174847;801577.013672075;86.63097959972;81187.2712340218
0.25119;61330.1492785325;1001235.80049079;1003112.41413661;86.4947581186451;81192.8833390077
0.19953;81937.4102444686;1253904.37539153;1256578.65723702;86.2612757760461;81199.2154559917
0.15849;109938.658767629;1568955.16615803;1572802.21964035;85.9917643310171;81206.6925939728
0.12589;150490.785124949;1965357.39285574;1971110.64074553;85.6213083462621;81215.3847569509
0.1;210912.245171653;2454711.48041384;2463755.75640908;85.0891275703355;81225.7469489247
