Frequency (Hz);Z' (Ω);-Z'' (Ω);Z (Ω);-Phase (°);Time (s)
10000;96.1044614011209;45.017403391757;106.125558228618;25.0994055169449;23085.5154457147
7943.3;96.8783943835062;56.1828937504236;111.99080698208;30.1108233234123;23086.7074647117
6309.6;97.608697348779;69.3162138129557;119.717147040384;35.3802302555933;23088.0244907083
5011.9;96.3882667628195;85.1970863486136;128.643855243201;41.4732980644998;23089.351513705
3981.1;98.6692820017721;107.377257675179;145.826961418618;47.4200043729215;23090.6435377017
3162.3;98.2731858398097;133.449439634104;165.729816248502;53.6317853681103;23091.9505616984
2511.9;98.8795627527287;167.173910372026;194.227403419922;59.396651454317;23093.2525856951
1995.3;100.917817709964;209.242237564611;232.307382388908;64.2519230424965;23094.5346116919
1584.9;102.356289493036;265.047466829707;284.124919131756;68.8843877075892;23095.7916346887
1258.9;103.395711931324;332.57517620404;348.277075146978;72.7298307359155;23097.0786566855
1000;108.628308422182;414.647565618288;428.64054062097;75.3197099967702;23101.0417326755
794.33;113.836549614351;520.234902311868;532.544001573146;77.6572167844606;23102.3637566721
630.96;121.489737639692;652.941949705542;664.148286180907;79.4597844556725;23103.6607806689
501.19;132.510297885259;818.060115891473;828.722711320265;80.79908063735;23104.9878026655
398.11;148.758748899863;1026.17182434806;1036.8981524046;81.7515904891844;23107.8638596583
316.23;172.658403396669;1284.69273569866;1296.24316755013;82.3455054493579;23109.1108786551
251.19;207.233818114034;1605.48168145729;1618.80118756599;82.644991728943;23110.4729046517
199.53;257.610953399335;2003.11316738436;2019.61030019653;82.6716846794046;23111.7449276485
158.49;329.027276647443;2494.14915334243;2515.75812587316;82.4849547479324;23113.0919526451
125.89;430.557665735094;3097.18821335894;3126.97213490827;82.0857113934278;23114.4739786416
100;569.999746798443;3830.33980205547;3872.5189102909;81.5358269467011;23115.8260036382
79.433;757.705219299215;4716.11772700528;4776.59749343889;80.8726927828281;23117.2280326346
63.096;998.534579628414;5785.96280340562;5871.49358077714;80.2084113525237;23118.6850596309
50.119;1297.24803151826;7063.36041654712;7181.49795163396;79.5931038457743;23120.4020906266
39.811;1648.78364205972;8596.76032307338;8753.4436395451;79.1430088611947;23121.9441176227
31.623;2048.11054473292;10456.3828182196;10655.0785283171;78.9176781067199;23124.2781646168
25.119;2485.85982181959;12701.4066123262;12942.3811172976;78.9263130135472;23125.8401906129
19.953;2957.77365096893;15468.0375724755;15748.2891551393;79.1746702086301;23127.7372256081
15.849;3456.38945007753;18867.623843461;19181.6020584555;79.6190012366486;23129.6742606032
12.589;4006.84583852844;23107.7913345827;23452.6082544426;80.1628365239464;23131.6362985982
10;4570.30525157496;28390.6964777604;28756.2051840101;80.8550403372521;23133.9383395924
7.9433;5218.62566156199;34983.1226831554;35370.2265537021;81.5154394681203;23136.2503835866
6.3096;5825.68474898714;43224.3737799156;43615.1933557612;82.3240574831845;23138.5624245807
5.0119;6592.11387001767;53518.5649955778;53923.0262917538;82.9780000832528;23140.9844715746
3.9811;7408.09297018869;66418.6766682217;66830.5353249002;83.6357453472685;23143.3965165685
3.1623;8316.99425232538;82600.0247957814;83017.6878120375;84.2502684224408;23145.9435635621
2.5119;9481.79071564544;102920.105406759;103355.950250161;84.7363309179822;23148.5356095556
1.9953;10501.7446517505;128243.180534391;128672.452352114;85.3185343255417;23151.2126615488
1.5849;12076.14942854;160145.610812037;160600.28034652;85.6876408741538;23155.3067385385
1.2589;13633.2455787998;200193.416881497;200657.094436506;86.1041513786185;23158.0637855315
1;16021.130851903;250112.405035633;250625.002317172;86.3348847861249;23163.1328815187
0.79433;18815.3991977525;312690.301801595;313255.876381822;86.5565139998876;23166.2999415107
0.63096;22463.4695925751;391385.167394139;392029.280439962;86.7151245596908;23169.8270035018
0.50119;27142.9733910045;489888.79734855;490640.168323093;86.8286897870715;23173.6190734922
0.39811;33462.9348418349;613504.907481516;614416.82879958;86.8779597841015;23177.8211524816
0.31623;42116.8298010067;768602.58720839;769755.652409203;86.8635212636138;23182.5982434696
0.25119;53745.3374776912;962408.279687727;963907.805815515;86.8036581723112;23187.960341456
0.19953;70466.2093269412;1205554.37019525;1207612.03461782;86.6547939447291;23194.1374554404
0.15849;93349.4283677923;1510079.0085233;1512961.57510999;86.462614978894;23201.439589422
0.12589;127176.880838915;1891394.782828;1895665.63072945;86.1532373952811;23209.9467474005
0.1;177796.21788315;2372616.68644846;2379269.09699328;85.7144495492914;23220.1789383747
