Frequency (Hz);Z' (Ω);-Z'' (Ω);Z (Ω);-Phase (°);Time (s)
10000;91.6250498805893;45.9771945443503;102.513668277891;26.6473700550564;70405.569608243
7943.3;92.1791374387415;55.6656223154609;107.683122571357;31.1271590620117;70406.9366322396
6309.6;91.8328158990731;68.7669323096372;114.726444446044;36.8268764360815;70408.3886582359
5011.9;91.7554107719808;86.2562038725607;125.933268489465;43.2305583130663;70409.7956822324
3981.1;92.8560641422184;106.914243544309;141.608277020221;49.025366311462;70411.2677092286
3162.3;93.100476392526;133.838412358343;163.035024847782;55.1768108247776;70412.694736225
2511.9;94.6529446787019;168.762534578145;193.494116224729;60.7134725679763;70414.1117642215
1995.3;96.4299212530317;209.715085471616;230.822760548507;65.3063687067704;70415.5387882178
1584.9;96.85088393098;265.103556659992;282.241013093401;69.9311201431086;70416.9508152143
1258.9;100.25262883871;329.283907443064;344.20703259818;73.066787951299;70418.3678422107
1000;103.225395538688;416.040263904485;428.65485355217;76.0655073564761;70422.5659212001
794.33;108.12677363126;522.042959333752;533.12311014047;78.2982241984909;70424.1529491961
630.96;115.262414026337;655.104337953281;665.166984818388;80.0212204322235;70425.5749741925
501.19;125.664539865185;821.505065545149;831.060857757041;81.3029576939576;70427.0470011888
398.11;140.92572676929;1030.72919271157;1040.31857100279;82.2145477325992;70430.0880601811
316.23;163.356931237376;1290.6855566624;1300.98220324501;82.7866549339675;70431.4900861776
251.19;195.704976799937;1613.70798534188;1625.5318821544;83.0851334762029;70432.9821121738
199.53;243.822898889558;2015.95149812829;2030.64276740854;83.1037545700148;70434.4391421701
158.49;311.09315193295;2512.26491862165;2531.45293665843;82.9410116337923;70435.9161661664
125.89;406.862433683515;3121.72492843122;3148.12699374275;82.5743504699407;70437.4431961626
100;539.197244896996;3865.19882020236;3902.62675496879;82.0584594985831;70438.9552221587
79.433;717.161159369382;4768.45485412439;4822.0827268236;81.4469915023449;70440.5072531548
63.096;946.378697316952;5856.3339464801;5932.30814535375;80.8204068844324;70442.1092831508
50.119;1229.29921180678;7165.40149578216;7270.08632327746;80.2650835190086;70443.8813141463
39.811;1567.16374712927;8738.83966194846;8878.24987526031;79.8330385324281;70445.5433461421
31.623;1946.71228561494;10652.3128949888;10828.7330161801;79.643470275011;70447.2953781377
25.119;2371.45784039862;12968.4305335828;13183.4746100241;79.637166032589;70449.0174101333
19.953;2823.79226489601;15835.4631066503;16085.2632728647;79.8892457983455;70451.0244471283
15.849;3310.25273962117;19362.4708745887;19643.3971494104;80.2983756232571;70453.096487123
12.589;3821.54907212429;23749.9680871931;24055.4613643835;80.8590296744484;70455.1785241178
10;4370.95346337594;29236.6676040946;29561.5961472196;81.497116582111;70457.6005701117
7.9433;4934.14250521234;36046.5523485764;36382.6840472277;82.2056495560047;70460.0526151055
6.3096;5575.08994398327;44621.9335430878;44968.8623494886;82.8783362101674;70462.4946580993
5.0119;6307.00220266586;55351.2825049847;55709.449393537;83.4994684670972;70465.0417050929
3.9811;7124.10582172706;68758.9094055628;69126.9882636409;84.0846949815412;70467.6387530863
3.1623;8062.4834891886;85598.1741885956;85977.0380068689;84.6191911451206;70470.2608050797
2.5119;9234.93459036603;106687.514331258;107086.459139663;85.0527747967274;70472.902851073
1.9953;10443.5587278265;133202.468007529;133611.247289285;85.5169730751491;70475.699904066
1.5849;11877.2101726004;166387.33054349;166810.706751314;85.9169867270897;70481.3960130516
1.2589;13845.660355953;208050.927784081;208511.128869683;86.1926154857263;70484.3380630442
1;16225.5646988263;259612.956139533;260119.503200553;86.423719498526;70489.547162031
0.79433;19367.8580750038;324843.228713646;325420.093367818;86.5879405576513;70492.8342200227
0.63096;23448.307039952;406482.614235232;407158.370635491;86.6985014211227;70496.5012900134
0.50119;28931.2364736636;509007.657466289;509829.198656976;86.7468934697854;70500.4883620034
0.39811;36374.1480600382;636733.35683094;637771.468747459;86.7304641653086;70504.9004449922
0.31623;46203.9340570345;797300.858112493;798638.505125607;86.6833938225163;70509.8125369798
0.25119;60046.9241974146;998341.083943919;1000145.26594685;86.5579944263935;70515.4096399657
0.19953;80246.9163027786;1249903.62878551;1252477.0053088;86.3265104860386;70521.7267549498
0.15849;107034.311312785;1565187.23257749;1568842.6998338;86.0879559015942;70529.158893931
0.12589;147571.628052474;1958052.32822783;1963605.43528594;85.6899635498957;70537.851054909
0.1;205517.201593142;2449385.31632603;2457992.21886162;85.2037961935302;70548.1982458829
