Frequency (Hz);Z' (Ω);-Z'' (Ω);Z (Ω);-Phase (°);Time (s)
10000;98.1711915713988;45.8724352162329;108.359878032488;25.0452650496442;3589.4524649375
7943.3;99.5351744514067;55.9002622349448;114.158180920193;29.3191390368516;3590.55948293471
6309.6;99.318622245314;68.8749101038633;120.863319359195;34.7403130991859;3591.74650593171
5011.9;99.0132797985708;86.1086319749634;131.218619399343;41.0124239488697;3592.9385269287
3981.1;101.022032700726;107.927717285769;147.830454404711;46.892907828643;3594.11554792573
3162.3;101.320505756383;132.084972485114;166.470071914211;52.508699138309;3595.29757192275
2511.9;101.192793425786;167.37074034903;195.583604032384;58.8427308873985;3596.48459391975
1995.3;103.860729373976;210.410329215428;234.647731177267;63.7285738386598;3597.67161591675
1584.9;105.045553822257;262.323140040191;282.573880920319;68.1766961082934;3598.81863491386
1258.9;108.602244375774;326.355340742296;343.950949867093;71.5939505200545;3600.00065591087
1000;112.101864665784;413.481291710663;428.408224309786;74.8307834262061;3603.82872790121
794.33;117.641964479225;518.340606998617;531.52292205532;77.2128381245781;3605.04075089815
630.96;125.974229699257;650.225006948137;662.315684707093;79.0353863852915;3606.22277289516
501.19;138.031222573832;815.157893318089;826.761760995277;80.3892320667572;3607.4347958921
398.11;155.557907751301;1021.41958259952;1033.19708980511;81.3406330415962;3610.16584488521
316.23;181.31111299406;1277.94676170499;1290.74460891666;81.9249462103641;3611.28286488239
251.19;219.138947107598;1596.38947578102;1611.36005800188;82.1837670823932;3612.51488687928
199.53;272.566580857196;1990.66147918762;2009.23509468693;82.2033937375911;3613.72690987622
158.49;350.51221232869;2475.09300626444;2499.78883121168;81.9396124077932;3614.96393387309
125.89;459.424601544182;3066.56444421107;3100.7883602406;81.4794686714112;3616.27095686979
100;608.964166169236;3787.22413416068;3835.87069621062;80.8653528641512;3617.53297986661
79.433;808.234841919261;4655.92975415431;4725.56085933846;80.152016376711;3618.85000486328
63.096;1063.84203853956;5692.24243646085;5790.80165766449;79.4139285519661;3620.19703185988
50.119;1377.20293773458;6931.89056733287;7067.3753805202;78.7630069470294;3621.79406285585
39.811;1746.53215211698;8408.88809381319;8588.35103687847;78.2664535206179;3623.21608785226
31.623;2163.12588223923;10198.4468455905;10425.3264526704;78.0248407799927;3625.44513084663
25.119;2621.73109888572;12363.1000702261;12638.0266379404;78.027170126506;3626.89715284296
19.953;3113.96516185938;15013.5476296833;15333.0816034496;78.2824036770679;3628.65918683852
15.849;3630.18053375934;18272.2277849087;18629.3456388375;78.7632469845014;3630.4862208339
12.589;4194.56093839039;22328.111041054;22718.6901939242;79.3604151124436;3632.32325482927
10;4794.70576574735;27353.1805962646;27770.2303215504;80.0577008427094;3634.48029582382
7.9433;5413.13173166756;33648.3651303208;34080.9986809039;80.860928691386;3636.67733481827
6.3096;6094.2891520991;41514.9300191922;41959.8590889891;81.6487685736777;3638.86937481274
5.0119;6825.5794885052;51305.4542801363;51757.4938945565;82.4219781619759;3641.17641980691
3.9811;7639.51643919335;63637.8362803004;64094.7456338117;83.1545851458726;3643.47346080111
3.1623;8492.42360088155;79007.3733098828;79462.4835752319;83.8648896772668;3645.90550779497
2.5119;9654.64033086286;98381.2023747818;98853.7963895474;84.3952243267607;3648.41255178864
1.9953;10658.4038828365;122553.695662735;123016.299301857;85.0295350587863;3650.98960178214
1.5849;12091.1924479258;153036.725148195;153513.635156285;85.4825342633287;3655.03367677193
1.2589;13401.1477689768;191734.399413437;192202.160965888;86.0018519123171;3657.76072676504
1;15665.707548978;238853.193116825;239366.376617756;86.2475058688146;3662.73981875247
0.79433;18137.8664427808;298802.127086409;299352.122675719;86.5262978408993;3665.79187574477
0.63096;21331.7768152896;373830.655103645;374438.784579426;86.734091299075;3669.13893773631
0.50119;25433.8804625388;468264.878988348;468955.092913335;86.891025632976;3672.85600672693
0.39811;30817.3225430043;586408.327718563;587217.535659828;86.9917212516295;3676.93808071662
0.31623;38192.2566007711;734841.695843147;735833.518137011;87.0248177541259;3681.6201707048
0.25119;47770.8689654423;920762.50621817;922000.89413128;87.0300513964208;3686.96226669132
0.19953;62137.9044222764;1154160.95774031;1155832.44267412;86.9182757605584;3693.10437967581
0.15849;80881.4045866641;1447059.42124438;1449318.03625706;86.8008595764113;3700.28651365767
0.12589;109793.746178321;1812004.02747266;1815327.31546601;86.532548261742;3708.7136676364
0.1;149241.071850353;2273087.22780891;2277981.22089605;86.2435983750888;3718.82585761087
