Frequency (Hz);Z' (Ω);-Z'' (Ω);Z (Ω);-Phase (°);Time (s)
10000;92.1129142703702;45.8500366476445;102.893220553985;26.4622415230705;64575.7726659618
7943.3;92.2885128653595;56.4727390826887;108.195840337792;31.4630952360951;64577.1246869584
6309.6;92.4288124792822;68.5616694850065;115.08165752587;36.5672148312042;64578.5217159549
5011.9;93.9973812287079;86.7320139594493;127.898201407671;42.6979347708027;64579.9237409514
3981.1;93.1372457559546;107.104028137155;141.935969331983;48.9899053599114;64581.3357649478
3162.3;94.1112080969951;133.984183511629;163.733566872385;54.9155898302157;64582.7377929443
2511.9;94.593936411773;168.648414912743;193.365717381482;60.7121810587958;64584.1748199406
1995.3;94.6043698803642;209.37663201876;229.757613227462;65.6847277177477;64585.596843937
1584.9;98.5292359499497;262.450634426698;280.336130115005;69.4228566971335;64586.9688699336
1258.9;102.335984950847;329.698578393398;345.215594100972;72.7560461644778;64588.37089593
1000;103.813946018608;416.037257500799;428.79404731962;75.9890823600596;64592.4089719198
794.33;108.680441751017;521.951912924731;533.14654441812;78.2379751820916;64593.8459959162
630.96;115.796007797368;654.751453603238;664.912160677906;79.970666758896;64595.2730239126
501.19;126.233833778161;820.98277283687;830.630901234266;81.2586924647241;64596.710049909
398.11;141.560995586004;1030.28725188883;1039.96698835873;82.1765726361418;64599.7361099013
316.23;164.009141831488;1289.87522442089;1300.26039437458;82.753659283801;64601.1481338978
251.19;196.872994356659;1613.61851584776;1625.58410751142;83.0438850007954;64602.6251598941
199.53;243.774039289488;2014.85387114677;2029.54721657483;83.1014032838974;64604.0471848905
158.49;312.614817019649;2510.5675449328;2529.9560117698;82.9020877954411;64605.5792158866
125.89;407.901577530267;3119.16132632723;3145.71948472955;82.5495477506099;64607.0962448828
100;540.937884367425;3861.61000448545;3899.31348079197;82.0258423749465;64608.5582688791
79.433;719.040238531261;4763.37685382717;4817.34137426481;81.4159085882243;64610.1052998752
63.096;950.818324487354;5851.819477504;5928.56194059539;80.7710900075506;64611.6823278712
50.119;1233.10424686266;7153.33946632024;7258.84368229854;80.2193831357204;64613.5243618665
39.811;1570.18207046813;8727.55314879627;8867.67476283853;79.800970377949;64615.2013928623
31.623;1951.62043627917;10641.1730937965;10818.6592117249;79.6072941396636;64616.9384268579
25.119;2377.25726454638;12966.8149208791;13182.9299207032;79.6111085731443;64618.6004568537
19.953;2828.81725432452;15804.5991515369;16055.7641175724;79.8522571920899;64620.6024948487
15.849;3316.0888979568;19330.0806250561;19612.4568208657;80.2656238011155;64622.6445318435
12.589;3830.58175266488;23701.9831565003;24009.5264866859;80.8195564863853;64624.7065698383
10;4385.85566404804;29193.2529336761;29520.8696815566;81.4560525917076;64627.1086158322
7.9433;4972.85379377695;35995.7824141383;36337.6612684453;82.134318553113;64629.5406578261
6.3096;5624.30132609554;44532.4956295757;44886.2554954732;82.8018504234661;64632.0477058198
5.0119;6328.52184865097;55242.6760903596;55603.9877204256;83.4647669329124;64634.5847508134
3.9811;7142.13476321597;68595.892849552;68966.7064952587;84.0558395718339;64637.101796807
3.1623;8053.14652676854;85338.9241590874;85718.0561236201;84.6091545890765;64639.7338458004
2.5119;9273.40695580423;106228.995800373;106632.995012443;85.0109334384061;64642.4458967935
1.9953;10480.09516059;132734.851239598;133147.937003069;85.485570566841;64645.2679497864
1.5849;12082.5237800551;165937.798094599;166377.102443153;85.8354391784439;64651.0790577717
1.2589;13850.6109220911;207499.0615343;207960.813521515;86.1811583200206;64653.9961117644
1;16205.908895056;258820.67384643;259327.539404196;86.4171348420675;64659.1152087514
0.79433;19388.7996806648;323829.175036829;324409.093827671;86.5735892171026;64662.3272657433
0.63096;23450.0656785509;405458.902270128;406136.46353218;86.6899365439096;64665.9443337342
0.50119;28952.2144786713;507151.367317733;507977.105877287;86.7326497569006;64669.8664057243
0.39811;36168.5767841517;635095.335366801;636124.398959245;86.7405353572184;64674.1884837134
0.31623;45995.7849902919;794974.454156171;796303.958923836;86.6886614472767;64679.1105767009
0.25119;59628.7558943625;995101.596484754;996886.541114893;86.5708067470899;64684.6926806869
0.19953;78823.5358740823;1246092.26606159;1248582.83079105;86.380487463892;64691.0797986707
0.15849;106063.369072443;1560077.23451791;1563678.48866704;86.1106755734364;64698.5169366519
0.12589;144127.655729358;1952495.43163416;1957807.75146548;85.7782455906087;64707.1740946301
0.1;203371.692240316;2441512.01800892;2449967.54657825;85.2384008690154;64717.4612876041
