Frequency (Hz);Z' (Ω);-Z'' (Ω);Z (Ω);-Phase (°);Time (s)
10000;95.0898801007293;45.0144078885948;105.206379156075;25.3323127888729;39636.4718959275
7943.3;94.9560485838904;55.9807980769972;110.229310602959;30.5212336157022;39637.7239179244
6309.6;95.4790965509927;69.9021317056064;118.332438051372;36.2085946539499;39639.065943921
5011.9;95.9218674576155;86.9082545022831;129.437434141712;42.1775756993841;39640.3829669177
3981.1;95.8249707361902;107.51319681152;144.019139371211;48.2898393379174;39641.6949919143
3162.3;96.7449423407582;133.243493496008;164.661508639807;54.0174878117326;39643.007016911
2511.9;97.1696689100894;167.235942876313;193.416144997841;59.8419814205427;39644.3290429077
1995.3;98.3069236537806;208.040547649003;230.098067580689;64.7075174275343;39645.6510649044
1584.9;103.490206178001;264.668712599098;284.182600107095;68.6436116616065;39646.9230879011
1258.9;104.159993825416;331.922244675898;347.881705216583;72.5777037511209;39648.2351128978
1000;106.432835857404;415.36981088742;428.789025448763;75.6279562999996;39652.2181878878
794.33;111.432478960292;521.425172325014;533.199219524378;77.9369205163301;39653.5752108843
630.96;118.699788981109;653.811330592664;664.498981124508;79.7099992104789;39654.882236881
501.19;129.381103061869;820.13986421129;830.282401775456;81.0351893087325;39656.2292618776
398.11;145.023860837648;1028.876134616;1039.04668836132;81.9768060978994;39659.1553178703
316.23;167.801221953262;1287.59129160257;1298.47933533799;82.5749569425417;39660.3973388671
251.19;200.990625439744;1610.65365119752;1623.14583929804;82.8869305689646;39661.7593628637
199.53;249.029325243268;2010.72482798388;2026.08734725379;82.9398396425434;39663.0063858605
158.49;318.691002140927;2504.47921981452;2524.67425964783;82.7481763797815;39664.403412857
125.89;416.885111956365;3112.61997941337;3140.41340157855;82.3715544049612;39665.7954368535
100;551.264427539922;3851.87939560814;3891.12674522194;81.8553800553233;39667.16746285
79.433;731.707951275229;4750.61234979173;4806.63231628477;81.2438880762311;39668.5844888464
63.096;963.714141067849;5831.86000769281;5910.95052381771;80.6166780881662;39670.0515168427
50.119;1252.35032427225;7126.55737506568;7235.75851965832;80.033173372955;39671.8035508383
39.811;1596.98946343021;8688.0580769371;8833.61355813911;79.5844822600344;39673.3805798343
31.623;1985.581337988;10582.9020500737;10767.5600323945;79.3736126383491;39675.09760883
25.119;2415.95922069454;12880.1462693773;13104.7711493415;79.3763405705118;39676.674639826
19.953;2877.92390920509;15706.8535305962;15968.3340977942;79.6170216060985;39678.5666738212
15.849;3372.4745337452;19177.3172942727;19471.5968293813;80.0260918157139;39680.4987108164
12.589;3907.66557442539;23532.465801052;23854.7017780401;80.5718226325089;39682.4857478114
10;4471.40679668071;28898.591555016;29242.4703574278;81.2045144927135;39684.8127898055
7.9433;5097.11283677486;35656.5247470539;36018.9993796063;81.8646639183757;39687.1348347996
6.3096;5724.25022967293;44046.4495393388;44416.8521815023;82.595375335981;39689.5618777935
5.0119;6460.21467203711;54624.7448001812;55005.4280784517;83.2552237393237;39692.0389247872
3.9811;7299.43207645374;67794.6395929112;68186.4712840566;83.8546518358497;39694.4709697811
3.1623;8183.11116585293;84340.5453337611;84736.5971440258;84.4582437261994;39697.0180157747
2.5119;9314.49952676454;105051.76458233;105463.894974989;84.9330738174434;39699.6200657681
1.9953;10609.4572332053;131005.601063949;131434.501151371;85.3700193312366;39702.2671137614
1.5849;11986.4892465128;163681.24008827;164119.542655013;85.8116671426535;39707.8182167474
1.2589;13839.3206162658;204540.267409073;205007.92127841;86.1292317743142;39710.5852667404
1;16212.6882279565;255364.045260235;255878.187564412;86.367250817061;39715.5993627277
0.79433;19203.1677767117;319505.776131842;320082.337273194;86.5605050811234;39718.7414197198
0.63096;23041.0924754362;399886.352503148;400549.605992484;86.7023148143591;39722.218483711
0.50119;28153.3563481487;500536.089080429;501327.226415639;86.7807103445947;39726.0155547015
0.39811;34937.0672752867;626270.36954074;627244.110721251;86.807011882863;39730.2326326908
0.31623;44033.8289191895;784746.587404378;785981.033188525;86.7883776971181;39735.0497196786
0.25119;57183.7840144102;982723.340612794;984385.671035178;86.6697656197734;39740.5168226648
0.19953;74262.5337250296;1230351.67737952;1232590.83800986;86.5458868878744;39746.8239396489
0.15849;100446.909327181;1540645.45160252;1543916.44499853;86.2697127741021;39754.1560756304
0.12589;136425.653239213;1928576.42826081;1933395.71699768;85.9536915958484;39762.6632306089
0.1;189484.003676485;2414527.10502971;2421950.72794069;85.5128155321415;39772.920423583
