Frequency (Hz);Z' (Ω);-Z'' (Ω);Z (Ω);-Phase (°);Time (s)
10000;92.1791857588988;45.515449553309;102.803980638949;26.2788444602181;68441.8522462009
7943.3;92.2791087281388;56.7191540422954;108.31664850305;31.5768729841985;68443.2292731975
6309.6;92.1866367585593;68.5759767577867;114.895781407061;36.6448940902191;68444.6462981939
5011.9;92.8389290887037;86.4659614762632;126.867762841283;42.9644141168951;68446.0733251903
3981.1;93.3777713636244;106.383788192855;141.551822931037;48.7251390490508;68447.5553501865
3162.3;94.563057850515;133.11941957966;163.287941316147;54.611437732293;68448.9823781829
2511.9;94.9855672251226;167.692278405815;192.72508455832;60.4715785897825;68450.4644041792
1995.3;95.3586939094053;209.338308523746;230.034362475893;65.5095803349814;68451.8864311756
1584.9;94.2747231738171;266.259428515095;282.456734213729;70.5024256458926;68453.293459172
1258.9;101.259569196661;331.625964167988;346.74094143069;73.0203313815986;68454.7204851685
1000;103.619531051431;416.199599881708;428.904551336322;76.0195313904412;68458.7885611582
794.33;108.465992414617;522.086556548056;533.234698832226;78.2634829547912;68460.2505851545
630.96;115.594358658764;655.009479420264;665.131170434928;79.9916426546728;68461.6526121509
501.19;126.130273530122;821.063138385229;830.694602796831;81.2665947939204;68463.1396411472
398.11;141.320006297195;1030.65634397495;1040.2998815513;82.1924889620062;68466.1806981395
316.23;163.840987062054;1290.34804098961;1300.70824396834;82.7636343654601;68467.5377201361
251.19;196.500901828686;1613.78661335013;1625.70595060963;83.0576198582925;68469.0547501323
199.53;243.768954700911;2014.55315379166;2029.24806584308;83.1005259625462;68470.5367751285
158.49;311.833769688807;2511.23154658223;2530.51855959764;82.9214943895556;68471.9988041248
125.89;408.863974164239;3121.1748924064;3147.84092011612;82.5369308510357;68473.5408331209
100;540.421659599711;3863.26187864087;3900.87783878504;82.0367171913117;68475.0428601171
79.433;719.532387563124;4765.35014546393;4819.36602320528;81.4136247678933;68476.5848891132
63.096;950.129280566411;5853.50561812723;5930.11582275057;80.7802740280372;68478.1969171092
50.119;1234.4333546294;7155.55894082663;7261.25674127182;80.2120231331;68479.9739531047
39.811;1571.94724945568;8730.09235090145;8870.4864923148;79.7926530948093;68481.6509821005
31.623;1957.72777067634;10647.3581856362;10825.845664765;79.5814064761202;68483.418015096
25.119;2375.46005240979;12955.7384948348;13171.7109901159;79.6101096366239;68485.1250460917
19.953;2833.6035140028;15807.5538433428;16059.5164119207;79.8373055811277;68487.1520850866
15.849;3298.40140664606;19339.8802065965;19619.1339830501;80.3213735776415;68489.2041240814
12.589;3854.7427503515;23702.9517459833;24014.3491093096;80.763017904928;68491.3011610761
10;4384.01695905752;29173.8709880386;29501.4296793227;81.4539915256491;68493.71820507
7.9433;4975.71408063812;35987.7478863051;36330.0939792414;82.1281160033845;68496.1452510639
6.3096;5608.92355654311;44523.3767427144;44875.2838435237;82.8198708265289;68498.5972960577
5.0119;6332.02654683499;55184.425281498;55546.5152267814;83.4543368041762;68501.1893430511
3.9811;7164.49333114706;68637.6227955926;69010.5298322083;84.0409641755074;68503.6913920448
3.1623;8072.95141282676;85425.9016361793;85806.5103291588;84.6014450715441;68506.2684380383
2.5119;9192.22006044836;106394.196578062;106790.551900114;85.0620353374327;68509.0004880314
1.9953;10403.970571403;132828.4207243;133235.250424812;85.5213723696458;68511.7975390243
1.5849;11840.323593672;166041.218238624;166462.846956819;85.9211684162579;68517.5686510098
1.2589;13758.7044050714;207341.639113622;207797.635350429;86.2035524014245;68520.4307010025
1;16263.224564344;258932.513712902;259442.747308366;86.4060453768985;68525.5547979896
0.79433;19408.5722549095;324048.519541106;324629.228033701;86.5724194413298;68528.8118559814
0.63096;23554.3227907861;405583.418127885;406266.80295396;86.6762716302863;68532.4639249722
0.50119;28966.4934153891;507600.857759341;508426.67960956;86.7339302835662;68536.3909969622
0.39811;36264.3535260559;635004.031935335;636038.69686584;86.731453888415;68540.7280779513
0.31623;46448.3983193831;795477.298631404;796832.219695183;86.6582593435355;68545.6801689388
0.25119;59544.9565901566;995728.836779034;997507.65322811;86.5777664870181;68551.2372699248
0.19953;79481.4706054864;1246527.10433288;1249058.49583041;86.3516266583043;68557.6293889086
0.15849;106016.003528623;1561099.70456982;1564695.39547228;86.1149455802471;68565.0365258899
0.12589;146978.319065592;1953368.92808108;1958890.70534014;85.696973319103;68573.6786868681
0.1;203210.117679098;2443743.37244483;2452177.81212848;85.2464908939197;68583.9858788421
