Frequency (Hz);Z' (Ω);-Z'' (Ω);Z (Ω);-Phase (°);Time (s)
10000;98.5922185965544;46.0530773830034;108.817790384825;25.0375892639419;2688.34478021258
7943.3;98.5736328730802;56.3734800100596;113.554966189249;29.7648972879795;2689.4467962098
6309.6;99.1703999891026;69.2953265238497;120.981860260312;34.943928737112;2690.64382020678
5011.9;99.4522615315657;85.549193784325;131.184667095248;40.7022362989596;2691.85084020373
3981.1;99.9350367814447;106.35920788807;145.942771931625;46.7836609054249;2693.02786520076
3162.3;100.666986818634;133.873013067393;167.498733914276;53.0583429802784;2694.1998851978
2511.9;102.338444929849;167.431464455356;196.230610762758;58.5656466943846;2695.3869051948
1995.3;103.431625885533;209.224666832342;233.394649562558;63.6941998855559;2696.57892819179
1584.9;104.018639820449;261.472482040548;281.40315615597;68.306412829877;2697.74094918886
1258.9;106.37522406433;329.379354113536;346.130679384227;72.1017970711374;2698.89797118594
1000;112.223182973146;413.195066610065;428.163760572424;74.8050920884713;2702.73604317625
794.33;117.947264659968;518.460148496834;531.707140087593;77.1836065363728;2703.96306617315
630.96;126.144306703707;649.763756335759;661.895252408804;79.0133384460122;2705.16508717011
501.19;138.153667982575;814.223564735928;825.861035131409;80.3700342796914;2706.39211116702
398.11;155.918248182082;1020.90656904241;1032.7442678757;81.3165843762835;2709.13816216008
316.23;181.848378676125;1277.38978095502;1290.26876476006;81.8978506033168;2710.25018315728
251.19;219.495258225172;1594.60810817915;1609.64380750961;82.1625786109489;2711.47220415419
199.53;273.711703876259;1989.63511687021;2008.37396794571;82.1670550483741;2712.66422615118
158.49;351.859580872222;2473.94066788583;2498.83724817583;81.9053190315019;2713.88124814811
125.89;461.007586892705;3065.71057275638;3100.17891597935;81.4481975784005;2715.18327214482
100;609.710397877898;3783.65942087601;3832.46988017704;80.8458776095506;2716.43529614166
79.433;809.952102259345;4650.60278932959;4720.60681608567;80.1204221507392;2717.7273231384
63.096;1066.51862983773;5687.83491003812;5786.96189305229;79.3798622070714;2719.05434713505
50.119;1380.09567056087;6920.96858355658;7057.22822321044;78.7226923868945;2720.56637213123
39.811;1750.99582330609;8401.74807615718;8582.26992749857;78.2275828309472;2721.98340012765
31.623;2167.75812215668;10191.8733046662;10419.8587674951;77.9924239062908;2724.20744312204
25.119;2626.22138000416;12339.0566827707;12615.4412747799;77.9845672238745;2725.65446911838
19.953;3116.42700297276;14983.3606399744;15304.0260497816;78.2504269887322;2727.41150111395
15.849;3638.3312111183;18257.4139375404;18616.4072175189;78.7297581511133;2729.23353510935
12.589;4201.0603847059;22293.6824354166;22686.0570590649;79.3282282398207;2731.09056810466
10;4791.44242660538;27307.0793424639;27724.2583803984;80.0478939771438;2733.25761009919
7.9433;5409.21878341612;33552.5656635331;33985.7957160424;80.8417894921815;2735.45464809364
6.3096;6112.77727566516;41386.7387143253;41835.7285992454;81.5982178115835;2737.64668908811
5.0119;6808.79490328528;51220.8598890956;51671.4251382074;82.4280568787658;2739.94373408231
3.9811;7637.48864808582;63534.8934800207;63992.2958047859;83.1454019270736;2742.29577507637
3.1623;8475.30433400406;78824.6488002623;79278.9760405536;83.8630777211634;2744.71282107027
2.5119;9603.83293012754;98100.457554559;98569.4343057909;84.4086780841581;2747.20986506396
1.9953;10598.6108663271;122339.319749976;122797.555794823;85.0486624142834;2749.76691505751
1.5849;11884.189355103;152736.107585899;153197.756240486;85.550857308479;2755.19801504379
1.2589;13460.1125318256;190727.59932436;191201.965924524;85.9631897555695;2757.84506203711
1;15520.5976719502;238442.854378533;238947.449779814;86.2757868388222;2762.7191560248
0.79433;17964.9039491848;298293.552356989;298834.036133194;86.5534910572309;2765.73620801719
0.63096;21075.5750741037;373356.484985673;373950.858730878;86.7691431792196;2769.07827100875
0.50119;25141.0325009594;467510.338912062;468185.848253538;86.9218030747817;2772.8203419993
0.39811;30505.633710195;585513.377739373;586307.521015917;87.0175486933303;2776.88241498905
0.31623;37635.6606382639;733579.964236745;734544.761659398;87.0630665081526;2781.46949997746
0.25119;47434.7982463978;919165.349042022;920388.504363358;87.0457928144725;2786.78659896404
0.19953;61001.5510558729;1152378.38864144;1153991.82832422;86.969856166386;2792.93371394852
0.15849;79619.2004089912;1443111.87969834;1445306.58145608;86.8420854986796;2800.02584493061
0.12589;108109.723766924;1809495.50107551;1812722.17418596;86.5808832272283;2808.43799890938
0.1;147573.48794865;2270776.61332665;2275566.82212951;86.2816842166581;2818.48518588401
