Frequency (Hz);Z' (Ω);-Z'' (Ω);Z (Ω);-Phase (°);Time (s)
10000;91.8960567396895;45.8919983601808;102.717869710168;26.5370972816222;61394.7817659931
7943.3;92.9544808705923;56.0316395535261;108.536077619276;31.0809752598166;61396.1037879897
6309.6;93.1792909121314;69.5771201674481;116.289964767744;36.7487538663152;61397.5108179862
5011.9;93.1352592005631;85.525638624391;126.446871722736;42.5611016039588;61398.9478409826
3981.1;93.0851723353799;108.594825767226;143.030365629545;49.3975212799561;61400.354868979
3162.3;93.5406924324271;133.359225746548;162.894273172683;54.9534512629426;61401.7568949755
2511.9;94.980826738033;167.459692558967;192.520404320644;60.4386909030644;61403.1639199719
1995.3;96.3284232916195;211.448539389947;232.356729930491;65.507680142931;61404.5559459684
1584.9;98.1149502625655;266.360294793667;283.856213790706;69.7785100265145;61405.9379709649
1258.9;102.744113085246;332.962473074952;348.45424556154;72.8510477267233;61407.3599989613
1000;103.964813402838;415.859211166029;428.65786582952;75.9637551560773;61411.4830759509
794.33;108.864917120259;521.803988169468;533.039372137896;78.2153212719824;61412.8200999475
630.96;116.104559192637;655.020078686488;665.230465438685;79.9485268425134;61414.2421259439
501.19;126.616608657712;821.276645032365;830.979598584464;81.2356861600606;61415.6741519403
398.11;141.893258992146;1029.89769466409;1039.62635519778;82.1555090027267;61418.6852089327
316.23;164.441173988909;1289.65801389048;1300.09949330611;82.7335641281996;61420.0222329294
251.19;197.365722247736;1613.79303911875;1625.81708732148;83.0273933541678;61421.5292619255
199.53;244.50765266045;2013.57205594122;2028.36298937761;83.0764816986431;61422.941285922
158.49;312.746879932561;2510.29313125164;2529.70002484814;82.8983516029783;61424.3833139183
125.89;409.75701153606;3119.64267724194;3146.43786561442;82.5171826318231;61425.9503429144
100;542.280751314819;3859.6046864435;3897.51417558207;82.0022027427064;61427.4423689106
79.433;721.390216401388;4762.28620271982;4816.61434214275;81.386331218072;61428.9543979068
63.096;951.866399891709;5846.11290460927;5923.09764706625;80.7522297775449;61430.5264249028
50.119;1235.56381432667;7148.19943135585;7254.19692658736;80.1933425551438;61432.3684608982
39.811;1575.96394918729;8721.70450546396;8862.94487457574;79.7574883732477;61434.015489894
31.623;1959.26655076571;10627.0673348868;10806.1688658454;79.5539267044996;61435.7925228895
25.119;2384.33134396895;12942.2749110277;13160.0727897094;79.5615481137291;61437.4545558853
19.953;2840.98368413773;15794.7778585684;16048.2458821847;79.8033219877097;61439.4415918803
15.849;3326.58443954973;19316.0259174153;19600.3831920632;80.2284383678065;61441.4936278751
12.589;3844.20224312774;23682.0131731857;23991.9911391491;80.7798369706448;61443.5556688699
10;4395.00855475888;29138.2007083844;29467.793278739;81.4225507902323;61445.9577138639
7.9433;4999.25350678467;35977.1459188607;36322.824285731;82.0890442659741;61448.3397568579
6.3096;5662.09606258871;44485.6740718755;44844.5596416234;82.7464467062787;61450.7417998518
5.0119;6342.11496151214;55142.7548353931;55506.2684119668;83.4390876542314;61453.2688488454
3.9811;7133.30454928995;68515.2466417011;68885.5794500275;84.0561981257477;61455.8758968388
3.1623;8082.11137907388;85303.6847794951;85685.6998646986;84.5876584298276;61458.567943832
2.5119;9261.3338525165;106350.892827736;106753.38266296;85.0230782643377;61461.2599958252
1.9953;10394.0536679328;132746.715552384;133153.02039983;85.5228812143376;61464.0570468182
1.5849;11907.1035987414;165732.522557191;166159.706756123;85.8906280647916;61468.3861308072
1.2589;13865.250300795;207074.156728002;207537.831612737;86.1693129843584;61471.2931827999
1;16259.9704181228;258556.336826122;259067.107041672;86.4015484953176;61476.417276787
0.79433;19369.5283762096;323454.619857794;324034.056446027;86.5730324099087;61479.6393367788
0.63096;23458.1102800135;404951.961795677;405630.834996646;86.6846676529343;61483.2464047697
0.50119;28794.1211122092;506622.968481647;507440.571499541;86.7470708149914;61487.2034757597
0.39811;36118.5403540944;634370.374182532;635397.765653764;86.7413230960477;61491.5605557487
0.31623;45972.612992991;794595.59695281;795924.395807916;86.688751424158;61496.4776487363
0.25119;59584.0684977347;993989.599194813;995773.862142509;86.5695462574359;61502.0597527222
0.19953;79672.6138914351;1245364.42720394;1247910.36615187;86.3394715202409;61508.3668687063
0.15849;104109.994494511;1559349.4577982;1562821.04621392;86.1803150247068;61515.8090036875
0.12589;144019.837974265;1952232.53173134;1957537.62969714;85.7808263049844;61524.4411656657
0.1;207601.493057938;2445751.85387735;2454546.9053706;85.1482220093103;61534.7683566396
