Frequency (Hz);Z' (Ω);-Z'' (Ω);Z (Ω);-Phase (°);Time (s)
10000;94.7168780768786;45.4063638717215;105.038206728226;25.6126128455986;35633.6007820338
7943.3;95.3828988023822;57.2145656712492;111.226812904511;30.9570540971081;35634.8178020307
6309.6;95.1107757284251;69.3572950463782;117.713610240333;36.1005208921571;35636.1148270275
5011.9;96.732986281651;86.1742868053876;129.550292710527;41.6961496656179;35637.4468520241
3981.1;96.4099167973387;107.335729409747;144.276924228347;48.0695327597449;35638.7438740208
3162.3;97.4372763469786;133.46120261608;165.245016341334;53.867587752292;35640.0608980175
2511.9;98.5014443738299;168.196836318379;194.917188290931;59.6453963615398;35641.3679260142
1995.3;99.2064834266618;210.148306510545;232.388117344959;64.7290144466322;35642.7349500107
1584.9;102.158917699719;263.557358805122;282.663980453665;68.8128969618413;35644.0069710075
1258.9;104.463310391758;332.507657514121;348.531096924698;72.5589430067837;35645.3039960043
1000;107.098150671313;415.24500021898;428.833795408053;75.5377073514524;35649.3270739941
794.33;112.173479784528;521.203505335831;533.137865416937;77.8540657809432;35650.6340939908
630.96;119.535806146356;653.849009044953;664.685892418462;79.6396739332624;35651.9361179875
501.19;130.382483289057;819.635130811172;829.940563901095;80.9614727056779;35653.2831419841
398.11;145.965287504527;1027.97817694621;1038.28945744139;81.9184478339657;35656.1692009768
316.23;169.202827538985;1286.52955559256;1297.60852889475;82.5075297435319;35657.4112209737
251.19;202.827645312792;1609.74036781059;1622.4682140067;82.8185637286238;35658.7632459703
199.53;251.531890083504;2010.14894559916;2025.82503568852;82.8675951134776;35660.1002709669
158.49;321.269455990919;2503.22642909465;2523.75843112423;82.6865169144901;35661.4372939635
125.89;419.702246181308;3107.94924448199;3136.15983038585;82.3092148858863;35662.81931996
100;556.423153544875;3847.14332107075;3887.17358226516;81.7702189911159;35664.1013449568
79.433;738.843235082969;4742.05437655787;4799.26755206036;81.1441436022523;35665.5033709533
63.096;973.476293511873;5819.9043186187;5900.75777946411;80.5042298507754;35666.9803959495
50.119;1264.30760450839;7110.72815179053;7222.25231956653;79.9180104842353;35668.762431945
39.811;1611.50831740309;8664.09332071349;8812.68813286227;79.4634754089311;35670.2944599412
31.623;2003.79074735712;10548.0843181555;10736.7248331189;79.2438430538684;35671.931487937
25.119;2433.66554304739;12845.1004524105;13073.6121101987;79.2717562953379;35673.4835199331
19.953;2899.13031960163;15640.5775518659;15906.9991753933;79.4988645110128;35675.3055509285
15.849;3401.61997623876;19121.6805165263;19421.8867322114;79.9129827114852;35677.2225899237
12.589;3915.77054928816;23409.8967101182;23735.1326723293;80.5040537563732;35679.1996229187
10;4498.22578813117;28809.3031431643;29158.36042777;81.1256074520215;35681.4916649129
7.9433;5092.59335703916;35534.202356765;35897.2707072792;81.8441762283537;35683.838708907
6.3096;5774.54565050402;43904.9462704309;44283.0631785921;82.5072479638095;35686.200752901
5.0119;6511.66334474052;54396.3782909759;54784.7399436211;83.1737390380385;35688.6377968949
3.9811;7325.25294951752;67609.8247414215;68005.4978096635;83.8163534468581;35691.0398418888
3.1623;8291.49768904861;84012.8363517156;84421.0021605266;84.3635478407991;35693.5918918823
2.5119;9512.93451746125;104690.612328415;105121.930313479;84.8079561004558;35696.1989378758
1.9953;10647.9134126431;130512.710387153;130946.346389062;85.335839084775;35698.8359878691
1.5849;12212.8257013853;163044.751519199;163501.511031457;85.7162738335546;35704.3920908551
1.2589;14044.4676787241;203814.291027752;204297.607180123;86.0580845824459;35707.1291398482
1;16328.7163680636;254419.957583217;254943.409004576;86.3277836189044;35712.1832358354
0.79433;19308.8833271943;318415.59646374;319000.509477183;86.5298043133125;35715.3802948273
0.63096;23222.8090864104;398420.979811594;399097.201212806;86.6641686531596;35718.9073598184
0.50119;28312.8065528422;498648.495247633;499451.636124687;86.7502871349929;35722.7044298088
0.39811;35022.5922792468;623977.152486572;624959.253707959;86.7874729446804;35726.8965067983
0.31623;44200.9786233022;781857.956942455;783106.372943987;86.7643269869581;35731.6835977862
0.25119;56935.9362470297;978687.548330064;980342.296390724;86.6705246225609;35737.1456977724
0.19953;74584.1198684054;1226252.69428319;1228518.80782238;86.5193982137974;35743.3078127568
0.15849;99836.3254163882;1534233.47549587;1537478.34105225;86.2768726437265;35750.5049437387
0.12589;135204.657973142;1922976.69435325;1927723.960157;85.9781474184977;35759.097101717
0.1;188014.794877981;2405297.63261921;2412634.71428573;85.5304516122371;35769.3242946911
