Frequency (Hz);Z' (Ω);-Z'' (Ω);Z (Ω);-Phase (°);Time (s)
10000;96.1085702214984;45.7042129092928;106.422424082891;25.4333183185631;25175.5441444379
7943.3;96.6113127286499;56.2235280637839;111.780279365781;30.1975197570023;25176.7361624349
6309.6;96.7882223943356;69.1740743430535;118.966434574941;35.5532088837446;25178.0231894316
5011.9;96.5856395752821;85.5778071581729;129.043972544895;41.5419169393771;25179.3002124284
3981.1;97.4058118806624;107.030266203174;144.7182437416;47.6953841261602;25180.5672354252
3162.3;98.0229391402455;132.483743172195;164.804243885309;53.5027594394191;25181.839260422
2511.9;99.7521973132756;168.374120918556;195.704740524912;59.3556436479542;25183.1362814187
1995.3;101.2231281565;208.78940067431;232.032617335849;64.1354421556763;25184.4133064155
1584.9;101.659216757066;266.394131013204;285.132301554805;69.1125417884052;25185.6853284123
1258.9;102.925585708782;329.920475111787;345.602656372145;72.6735979290451;25186.987354409
1000;108.414245995698;414.780694988126;428.715142804227;75.3518934916479;25190.920428399
794.33;113.686892536554;520.461479651976;532.733386729368;77.6781494693069;25192.137450396
630.96;121.309788133958;652.784121594271;663.960220271297;79.4725596230891;25193.3894713928
501.19;132.421870772188;818.261416681871;828.907291492256;80.8073391186148;25194.6914953895
398.11;148.712115389054;1026.14421136617;1036.86413564352;81.7539218324667;25197.5375523823
316.23;172.721771340972;1284.39981886392;1295.96130536094;82.3410039027178;25198.7395723793
251.19;207.583605270709;1605.89496278825;1619.25587375371;82.6345887519748;25200.0715963759
199.53;257.843183188529;2004.94824282755;2021.46000789877;82.6717906800659;25201.3636183727
158.49;330.37797895841;2494.0396899729;2515.8266204452;82.4541318458178;25202.6906433693
125.89;431.907965644963;3095.88333346162;3125.86597684434;82.0579034281498;25204.0626713659
100;572.58654098391;3829.40744542461;3871.97839999003;81.4959349261522;25205.4046933625
79.433;760.418609153894;4716.07069971666;4776.98223838791;80.8404706082331;25206.796721359
63.096;1003.09331300843;5784.33563640069;5870.66733422507;80.1618669938364;25208.2437463553
50.119;1300.88610498148;7056.13248436444;7175.04775559278;79.5541041469597;25209.8457763513
39.811;1653.3474952372;8590.25113799554;8747.91246834586;79.1056220000878;25211.3728043474
31.623;2055.11887020736;10446.4380397496;10646.6699624347;78.8703783605552;25213.6818483416
25.119;2489.76730281553;12701.0240490486;12942.7567819488;78.9090119261495;25215.2538793376
19.953;2966.08614549201;15456.0080739642;15738.0383976189;79.1367210555257;25217.1109113329
15.849;3494.4599352834;18859.8507009245;19180.8555257701;79.5029570309394;25219.0229483281
12.589;4006.48160800976;23079.7482148391;23424.9156356152;80.1519955288354;25220.9599813232
10;4574.05685874339;28353.9091893212;28720.4833257257;80.8359873568877;25223.2270233175
7.9433;5187.59458227162;34926.9330962873;35310.0806153504;81.5517885215961;25225.5040683117
6.3096;5821.93163824432;43148.4753888816;43539.4742318429;82.3156113549694;25227.7961113059
5.0119;6584.29629161745;53451.4358504586;53855.4449627101;82.9775238616636;25230.2081542998
3.9811;7370.28865945087;66326.5874895908;66734.8287098871;83.6592383919335;25232.5901992938
3.1623;8264.97812165973;82510.0453603564;82922.9609259075;84.2797997028685;25235.1072462875
2.5119;9397.25442553264;102799.44949264;103228.073733496;84.7769104618015;25237.6092932812
1.9953;10560.1541167174;128122.339002114;128556.799144741;85.2881933600685;25240.2763412744
1.5849;12114.7186608558;160112.759080125;160570.427004732;85.673035863674;25245.7924452605
1.2589;13622.0134606082;199918.114595877;200381.665314696;86.1020072507272;25248.5194932536
1;15986.5786183575;249804.648315125;250315.666740546;86.3382743198486;25253.5485892409
0.79433;18797.2910045502;312566.990365744;313131.700112603;86.5584661631517;25256.6406442331
0.63096;22437.7824473663;390896.6637363;391540.107525813;86.7147811775799;25260.0877062244
0.50119;27196.3434773348;489586.330580872;490341.1222712;86.8205078828589;25263.8497762149
0.39811;33463.5917697548;613246.547398475;614158.888130981;86.8765858809953;25268.0818562042
0.31623;42273.8663174532;767956.697905099;769119.346805637;86.8492076746364;25272.7589411924
0.25119;53905.1221045261;961897.072786182;963406.321768614;86.7924750536226;25278.1710441788
0.19953;70206.7078106266;1205317.02561022;1207359.97699422;86.6664304840721;25284.3431581632
0.15849;93007.5651263804;1510287.46960854;1513148.58755752;86.4760220833275;25291.6002911448
0.12589;127679.505756585;1890623.40739541;1894929.79415641;86.1365093480336;25300.0824491234
0.1;178619.091335996;2368786.2099844;2375511.07941048;85.6877539242176;25310.2996370976
