Frequency (Hz)	Z' (Ω)	-Z'' (Ω)	Z (Ω)	-Phase (°)	Time (s)
10000	119.03312227632	49.0929759475113	128.75948309244	22.4127796830259	12680.5267919847
7943.3	119.243703644782	59.1794219434201	133.121241131842	26.3947312916318	12681.6888099818
6309.6	118.978429673248	72.085706736813	139.112241888547	31.210501424174	12682.9608319786
5011.9	120.17129155966	89.6373722501956	149.919971381524	36.7197493547489	12684.2028549755
3981.1	119.63113846775	110.941203241775	163.155017905742	42.8416271963915	12685.4248789724
3162.3	122.177695106345	138.599227853954	184.762374803993	48.6032475284772	12686.6569029693
2511.9	121.248732279174	173.444570513651	211.62295272482	55.0440154326093	12687.8989249661
1995.3	122.111577062848	219.301061941697	251.006360520071	60.8899931776933	12689.130946963
1584.9	127.958753757996	273.225018910899	301.704082872872	64.9050212107323	12690.32296896
1258.9	129.695152937938	344.89734892699	368.476612544759	69.3917381752336	12691.5399909569
1000	133.069210088489	429.813927476298	449.941581681639	72.7976189001855	12695.4230649471
794.33	139.340040304653	539.256258478082	556.967646403166	75.5120619203548	12696.675088944
630.96	148.503780524093	675.949802650639	692.070450556434	77.6091710571272	12697.9171089408
501.19	161.94591185798	846.737581854418	862.08526892192	79.1724446958101	12699.1691329377
398.11	181.613321795747	1061.25527172461	1076.68293866717	80.2890036851428	12701.9201869307
316.23	210.297631196221	1326.4645359084	1343.03136922018	80.9913077840216	12703.0872049278
251.19	252.444662035632	1656.77266217093	1675.89497329255	81.3364031081742	12704.3592289246
199.53	312.899280354437	2063.16325365343	2086.75551296076	81.3762406243538	12705.6012519214
158.49	398.650238971302	2561.91654516324	2592.74726832621	81.1553492326573	12706.8982749182
125.89	519.207772960036	3171.19603921482	3213.41890058453	80.7016802905106	12708.2203029148
100	683.321015193031	3907.60020881113	3966.89639412289	80.0809964752758	12709.5473269115
79.433	899.984017938639	4791.74588389867	4875.53072479344	79.3626533527287	12710.8843499081
63.096	1173.33506864258	5844.73899962518	5961.34960869148	78.6487194178068	12712.2663749046
50.119	1501.61197038247	7093.80665535084	7250.99519880518	78.0480996506917	12713.9434059004
39.811	1887.69745641855	8587.92808238495	8792.94662983832	77.6030610773167	12715.4054358967
31.623	2313.13128602449	10399.3857839232	10653.5346730205	77.4598697179183	12716.9824618927
25.119	2771.02600168985	12579.1615670726	12880.756609476	77.5768966385999	12718.4794908889
19.953	3253.73885650864	15257.4462260484	15600.5282566685	77.9616740417263	12720.3065258843
15.849	3748.01229926617	18589.9031973659	18963.96838963	78.6010949325057	12722.1735608796
12.589	4281.72175990473	22699.4884112483	23099.781716753	79.3180138439929	12724.0655958748
10	4841.25094692552	27867.393156269	28284.7894115755	80.144674990632	12726.2826368692
7.9433	5436.5367818093	34290.8403026674	34719.1252891401	80.9911962716119	12728.5096768636
6.3096	6043.0244948967	42370.4036913376	42799.1735202076	81.8830048647782	12730.746719858
5.0119	6769.38316977046	52497.8081128265	52932.4513427285	82.6524811151941	12733.108764852
3.9811	7562.25490172646	65168.6440639454	65605.9438491048	83.3809265865989	12735.5108078459
3.1623	8416.62228441773	81012.9613078598	81448.9989536234	84.0686891116536	12737.9778508397
2.5119	9580.37963142858	100917.327401035	101371.054269204	84.576994826633	12740.4198958335
1.9953	10656.8663250108	125790.268735274	126240.882872236	85.1575037472726	12743.0369448269
1.5849	12092.822225222	157096.151587909	157560.899950153	85.5982117500391	12748.4680488132
1.2589	13661.2382340834	196373.505572513	196848.121964438	86.0204803127764	12751.1500988064
1	15732.8163103919	245087.746266747	245592.19221948	86.3270751881359	12756.1291917939
0.79433	18123.047062688	306442.166771851	306977.59920011	86.6154590891786	12759.1762437862
0.63096	21248.5807400582	383482.019306196	384070.255701512	86.8285075323664	12762.6083087775
0.50119	25231.4237747554	480373.258388784	481035.437489545	86.9933237879755	12766.3353777681
0.39811	30559.7723587994	601963.246425025	602738.458813752	87.0937692794344	12770.4774527576
0.31623	37920.2380951185	754402.392116682	755354.82634889	87.1224341646499	12775.2145447457
0.25119	48050.4101673998	945537.834767813	946757.962150126	87.0908414826349	12780.5916407321
0.19953	61574.4301968015	1185245.0906092	1186843.4333421	87.0261119115239	12786.7087557167
0.15849	82161.0294535037	1484119.9895879	1486392.47113784	86.8313343823792	12793.9258866984
0.12589	109968.804464767	1861282.17755606	1864527.95163903	86.6187650688285	12802.3680456771
0.1	148817.395320419	2329523.23327172	2334271.85895359	86.3447294026195	12812.5252336515
