Frequency (Hz)	Z' (Ω)	-Z'' (Ω)	Z (Ω)	-Phase (°)	Time (s)
10000	118.915201361212	47.8118712897838	128.167079045316	21.9034289197017	11714.9409104226
7943.3	119.101081698526	59.2374899419222	133.019351510893	26.4444454066605	11716.1079324197
6309.6	120.030013643923	72.0440619974593	139.991253456972	30.9729002651156	11717.3699534165
5011.9	120.160599170134	89.4989417818533	149.828669396071	36.679761391287	11718.6369774133
3981.1	119.981505884781	111.086739195498	163.510933516595	42.7955383246475	11719.8589994102
3162.3	121.176099590848	138.727183357342	184.197932980565	48.8632779004738	11721.0710254071
2511.9	121.989091095888	173.422353800003	212.029835504191	54.8766049515585	11722.313044404
1995.3	122.443222451848	217.307534428412	249.429162777226	60.6006564725993	11723.5400704009
1584.9	125.620134787648	274.210065508008	301.61495037543	65.3867065074151	11724.7370923979
1258.9	129.395574855253	345.328538758403	368.775018775859	69.4588845151825	11725.9341143949
1000	133.352124054449	429.750913858126	449.96515081918	72.7608328906718	11729.822188385
794.33	139.61351963032	538.821717893696	556.615467389722	75.4736158833104	11731.0692073819
630.96	148.905552396238	675.753791787596	691.965353648391	77.5731960265732	11732.2912303788
501.19	162.416007350897	846.753001594838	862.188845412462	79.1419536858519	11733.5532533756
398.11	182.264942225583	1061.09837490685	1076.63841209315	80.2534146960472	11736.3243093686
316.23	211.252252821206	1326.35707939298	1343.07505984509	80.9503680325219	11737.4913263657
251.19	253.439393906418	1655.32517238161	1674.6142698257	81.2952973039428	11738.7583523625
199.53	314.343969370142	2063.06650295568	2086.87697929158	81.336626419466	11740.0003763593
158.49	400.949344910512	2560.46907033164	2591.67170708582	81.1002055569764	11741.2673983561
125.89	521.89932746123	3167.34405633875	3210.05409288206	80.6431615282364	11742.5944213528
100	687.167024083992	3903.1073089064	3963.13577660759	80.0150363162948	11743.8564443496
79.433	904.027431113618	4782.63970758407	4867.33070263011	79.296087211071	11745.1984723462
63.096	1179.03996919748	5828.56451970109	5946.62085635898	78.5641545215255	11746.5904963427
50.119	1515.115984086	7078.93025671738	7239.25617896629	77.919154715383	11748.2525283385
39.811	1898.23658854145	8574.18359338179	8781.79517177979	77.5166514269748	11749.7245553348
31.623	2326.43831383869	10366.9965112102	10624.8262052393	77.3518981275147	11751.2765843309
25.119	2785.89433971999	12547.2220751049	12852.7813750209	77.4815372844112	11752.7586113271
19.953	3267.12751922847	15218.85598634	15565.5934599313	77.8838488386947	11754.5706423226
15.849	3775.07462444613	18524.1197383479	18904.8724010713	78.4812900293228	11756.4176773179
12.589	4313.69847182629	22619.2366168448	23026.8942681085	79.2028148632992	11758.3147113131
10	4857.80991081686	27770.3133288658	28191.9956638938	80.0777481648416	11760.5167543075
7.9433	5441.98343316174	34193.933778467	34624.273146638	80.957184301192	11762.7487973019
6.3096	6094.38805383978	42214.8356512254	42652.478413461	81.7851920277472	11764.9958382962
5.0119	6796.92418342739	52281.0325757182	52721.0066817637	82.5926676220467	11767.2678782905
3.9811	7566.16067264608	64927.754581348	65367.117898069	83.353187662144	11769.5899242846
3.1623	8439.7726613252	80743.2333642875	81183.1232257951	84.0327665907385	11771.9819682786
2.5119	9563.50285565948	100533.436671299	100987.288684331	84.5659429952759	11774.5290122722
1.9953	10670.7366068056	125292.525458828	125746.099564094	85.1320610223338	11777.1260602656
1.5849	12090.9489556755	156471.831817401	156938.284682042	85.5814000007901	11781.2301402553
1.2589	13697.415714098	195128.125861728	195608.29404592	85.984593036067	11783.9171882485
1	15681.2215786234	244212.732060216	244715.67013682	86.326006305872	11788.8912792359
0.79433	18102.5536962121	305402.230322079	305938.269485896	86.6077924266276	11791.9933352281
0.63096	21187.917881738	382328.617730835	382915.264517013	86.8280224790521	11795.4454022194
0.50119	25264.9895994344	479028.547385667	479694.349466285	86.9808954824162	11799.15746921
0.39811	30516.5366248341	599803.666875549	600579.468351133	87.0874428785448	11803.2945461995
0.31623	37722.1077530283	752149.908473577	753095.241141611	87.1288859024543	11807.9216301879
0.25119	47840.5485992897	942453.613320213	943667.065945721	87.0940630125757	11813.2987311743
0.19953	61806.5709613593	1181373.38541861	1182989.06503376	87.0051551471238	11819.5108451586
0.15849	81806.5971117835	1480698.20294764	1482956.33366036	86.8376996800673	11826.7679821403
0.12589	109172.214105598	1856671.84354138	1859878.73446956	86.6348856025044	11835.215136119
0.1	148740.393614598	2324838.78633162	2329592.04306773	86.3392741938851	11845.3123230935
