Frequency (Hz)	Z' (Ω)	-Z'' (Ω)	Z (Ω)	-Phase (°)	Time (s)
10000	110.699072852528	48.4606624852852	120.841716881721	23.6423303009606	77898.1323363261
7943.3	110.870174887172	59.444862631744	125.800983194962	28.1987141346184	77899.5293623226
6309.6	110.648719068972	73.6056549903176	132.894437348439	33.6326144394763	77900.9763883189
5011.9	111.15420046798	89.5540945189096	142.741697225364	38.8575038778739	77902.4434143152
3981.1	111.941256990699	110.839421916236	157.531655445448	44.7166272001063	77903.9004413116
3162.3	113.114532036353	139.797559863106	179.828404601391	51.0226066843327	77905.3524683079
2511.9	113.448945447352	173.426085784775	207.237232305743	56.8087691085014	77906.8244943042
1995.3	116.311346416461	218.400067876054	247.440738265701	61.9619784048417	77908.2815233005
1584.9	117.544762051456	276.83639142694	300.757641139878	66.9939174979529	77909.7035482969
1258.9	118.549069499085	343.150990594757	363.051627492925	70.9414004833087	77911.1305742933
1000	123.238722317665	432.933113614821	450.132051227986	74.1104689874702	77915.3336542827
794.33	128.683356948679	543.285246542805	558.317351930474	76.6744166765013	77916.805681279
630.96	136.553024967527	681.21891794046	694.770424520037	78.6650604878905	77918.2577062753
501.19	148.150692918715	854.026633297405	866.781470841178	80.158658803799	77919.6997332717
398.11	165.2581828364	1071.09511738882	1083.76889487038	81.2290534498039	77922.7757942639
316.23	190.331795140469	1340.83114456498	1354.27262782529	81.9208059465617	77924.1628162604
251.19	226.827093857498	1676.094349132	1691.37305101508	82.2929420457283	77925.7098472565
199.53	279.465675027755	2091.08095704382	2109.67311032539	82.3877270005895	77927.2318722527
158.49	355.464913813726	2603.30817623163	2627.46432238138	82.224714685733	77928.7339022489
125.89	461.728259476437	3229.7454174893	3262.58309432761	81.8640553034275	77930.270930245
100	608.45442144395	3994.04681228868	4040.12706752251	81.3381390852443	77931.7779582412
79.433	803.053638158407	4917.77700483072	4982.91338626323	80.7256815805989	77933.3449862372
63.096	1052.9265604181	6026.93657542192	6118.220233515	80.0902419793187	77934.9870162331
50.119	1361.50011970292	7351.02271361737	7476.04290464344	79.5070187139872	77936.8540532284
39.811	1713.62930180771	8946.8842570557	9109.5149867139	79.157247382147	77938.5510822241
31.623	2122.53464500614	10884.5825730848	11089.6028382243	78.9655828620337	77940.3281172196
25.119	2553.0876068355	13233.173996359	13477.2085517028	79.080045541569	77942.0501492152
19.953	3006.59472913975	16123.1124458242	16401.0477350071	79.4369606531938	77944.0871872101
15.849	3493.9578748663	19689.1224396765	19996.7318348752	79.937260676252	77946.1842242048
12.589	4008.50865332515	24168.2704232066	24498.437437376	80.5827469662986	77948.2812621995
10	4547.03391538046	29737.2024199418	30082.8310701006	81.306396413554	77950.7283091933
7.9433	5151.37965894591	36699.6536380007	37059.4291583103	82.0098295079471	77953.1753541872
6.3096	5792.49748889305	45420.8408574084	45788.7083389874	82.7323279180987	77955.6924021808
5.0119	6484.93202934973	56356.0910341897	56727.9766965045	83.4358085174021	77958.2994471742
3.9811	7334.83311851591	70025.6778334112	70408.7731245558	84.0203637993254	77960.8714981677
3.1623	8239.66718044773	87181.8792997718	87570.3842259729	84.6009424070781	77963.5635461609
2.5119	9580.49732372159	108595.649573844	109017.434547576	84.9583194412902	77966.3405961539
1.9953	10708.7648196747	135641.857072337	136063.92260256	85.4859287781677	77969.1526491468
1.5849	12324.3382964914	169066.281600129	169514.886923068	85.8307134713501	77973.5817331356
1.2589	14306.2368117005	211325.328742134	211809.024783373	86.1271172526025	77976.4687841283
1	16551.2624415456	263875.324349389	264393.893819249	86.410893037667	77981.742883115
0.79433	19552.3902380021	330167.898603389	330746.333664029	86.6109285130329	77984.9949441068
0.63096	23403.9052871379	413351.760538465	414013.792913881	86.7593828334579	77988.6270120976
0.50119	28627.4247973679	517816.36529553	518607.093683072	86.835629947167	77992.6190850876
0.39811	35782.2414161793	648278.61452163	649265.37782855	86.8407206919238	77996.9911660765
0.31623	45525.6736000974	811865.303678493	813140.737064448	86.7904773536322	78001.9282580641
0.25119	59113.0583277533	1017202.43394165	1018918.61563212	86.674090020573	78007.48536105
0.19953	77824.3150749038	1273694.67684175	1276070.04268257	86.5035041358409	78013.8074780341
0.15849	104795.886304959	1595256.15273649	1598694.58328665	86.2415145205509	78021.2896150152
0.12589	144876.60195622	1996533.99365312	2001783.50917547	85.8496603159767	78029.9617749933
0.1	201662.127875214	2497018.44396191	2505148.44336721	85.3827469547269	78040.2739659673
