Frequency (Hz)	Z' (Ω)	-Z'' (Ω)	Z (Ω)	-Phase (°)	Time (s)
10000	113.271785894916	48.2035148906235	123.101894086298	23.0524807755169	55329.5614633063
7943.3	114.183407251064	58.4911285402877	128.292878248868	27.1240637413352	55330.878488303
6309.6	113.453263258226	73.1013272296685	134.964613831476	32.7948930344946	55332.2755122994
5011.9	114.789370859162	90.166060124806	145.967523993086	38.1493287524186	55333.652539296
3981.1	116.361185798011	111.151487418019	160.917925401608	43.6882419733117	55335.0095662925
3162.3	115.940127695159	138.614271914219	180.709793836081	50.0901229537054	55336.3865882891
2511.9	116.197392468511	174.850972418445	209.939745098819	56.3939342410057	55337.7736172856
1995.3	117.751576208034	218.189915484824	247.936025858993	61.6453862770281	55339.1456392821
1584.9	120.062555164966	273.845397142793	299.008893996541	66.3258221730314	55340.4726672787
1258.9	122.88493774116	344.459964977252	365.723085675185	70.3663116005641	55341.8246912753
1000	126.682641409778	432.406969828638	450.582155872758	73.6709531573678	55345.902768265
794.33	132.269094507598	542.184167487211	558.084926185666	76.2901411516483	55347.3197922614
630.96	140.586545999328	680.116821464516	694.495117157074	78.3209135642512	55348.701816258
501.19	152.620637930164	852.497932104513	866.051836418976	79.8500026917744	55350.1438452543
398.11	170.318388552287	1068.948527018	1082.43212576725	80.94700955508	55353.0049002471
316.23	196.266889675129	1337.41131155601	1351.73581304214	81.6513597321495	55354.3019202438
251.19	234.088876151913	1671.27934556988	1687.59362788159	82.0266988551367	55355.7239462402
199.53	289.046870111135	2084.91501127953	2104.85598019906	82.1069831344947	55357.1159732367
158.49	367.349849274155	2593.37592338996	2619.26413173252	81.9377300525434	55358.5529982331
125.89	477.02177605121	3214.48204988695	3249.68377290353	81.5590397156873	55360.0350262294
100	627.962817911149	3971.34355199279	4020.68488054381	81.014584428967	55361.4720552257
79.433	829.032494696091	4885.93782906183	4955.77272952659	80.369928438571	55362.959081222
63.096	1084.98595220356	5981.48272472537	6079.08957843748	79.7188587533416	55364.5011092181
50.119	1395.51013953607	7289.33722073719	7421.71716432071	79.162123840025	55366.2431412137
39.811	1762.95356841425	8856.04613096777	9029.81496810504	78.7414338931319	55367.8501722096
31.623	2168.41521783831	10764.0652325276	10980.3062292024	78.6102355840501	55369.5422042053
25.119	2612.45104868882	13061.589828805	13320.2863834731	78.6895062005115	55371.1892342012
19.953	3076.92043621584	15896.2765926904	16191.3263472181	79.0451669853968	55373.1962701961
15.849	3570.65960060108	19417.2798134068	19742.8560582176	79.5802420253545	55375.218308191
12.589	4083.8581826224	23794.568594312	24142.4810706189	80.2612187788792	55377.2453451859
10	4632.66164642578	29257.1572963857	29621.661111351	81.0023246935871	55379.6423891798
7.9433	5211.0816372364	36060.2893071443	36434.8711641045	81.7770971294288	55382.0244361738
6.3096	5848.62237841314	44675.5551393145	45056.7598783047	82.5416377966182	55384.5664801674
5.0119	6570.02547276632	55357.8522790461	55746.3635016804	83.2316362263208	55387.088527161
3.9811	7394.05351689503	68773.4484858863	69169.7856296488	83.8635190007665	55389.6505751546
3.1623	8320.53498664483	85560.9660968305	85964.5870221393	84.4456307499353	55392.1726211482
2.5119	9587.25470518521	106544.299410435	106974.77828742	84.8581594973526	55394.8796721414
1.9953	10649.9560845334	133015.932075917	133441.596777869	85.4223630303532	55397.6517251344
1.5849	12290.6380654056	166012.574245583	166466.917409135	85.7658670793129	55401.9058031236
1.2589	14069.4612560196	207466.093977512	207942.612011874	86.1203859481394	55404.7378571165
1	16364.6628156582	258899.149611423	259415.828080301	86.3832233918926	55409.8769521035
0.79433	19188.8026905158	324036.317262221	324603.981881859	86.6110127612224	55413.0790100954
0.63096	22763.7639702594	405515.489444723	406153.913103995	86.7870519732019	55416.6710750864
0.50119	27713.6185909356	507801.687002582	508557.369406905	86.8761433123977	55420.5581490765
0.39811	34284.3598626993	636183.834901641	637106.968350962	86.9152771568936	55424.8202250658
0.31623	43334.0195458871	796817.798029124	797995.263460872	86.8871014151192	55429.7073170534
0.25119	56105.6707193832	998988.714084312	1000562.99009842	86.7855045787729	55435.1944180396
0.19953	74317.8327745202	1250505.51799013	1252711.93448137	86.5988989549388	55441.4515380238
0.15849	99669.7635277511	1566467.11476849	1569634.76115076	86.3593432316316	55448.8186710052
0.12589	134788.1915401	1960313.83900403	1964942.29023892	86.066620388508	55457.4158289835
0.1	189459.839891604	2452010.09777847	2459318.71674644	85.5816970078886	55467.6830209576
