Frequency (Hz)	Z' (Ω)	-Z'' (Ω)	Z (Ω)	-Phase (°)	Time (s)
10000	113.51324449105	47.8206995630251	123.174981151133	22.8446501582429	62208.9018389376
7943.3	112.650333623908	58.1741983933004	126.784600895696	27.3124592148193	62210.2188649343
6309.6	113.325999916468	72.1242531525748	134.330525756002	32.4739658908524	62211.6408889307
5011.9	113.729472411277	89.538476444476	144.746439192629	38.2131292223239	62213.0579139271
3981.1	114.017698641891	111.701489281161	159.615971353817	44.4120820459647	62214.4599409236
3162.3	115.295033253493	139.845936016228	181.245222042346	50.496355763816	62215.8469669201
2511.9	116.477344445282	175.09329385186	210.296536635577	56.3669501412514	62217.2389919166
1995.3	116.736461456322	222.148657837058	250.953038658929	62.2786111349471	62218.661020913
1584.9	119.7636415994	272.97196151445	298.088949178254	66.3110302531222	62220.0680479094
1258.9	122.762077160546	345.541942804046	366.701188743051	70.4411955541347	62221.4550719059
1000	125.541863939495	432.432619525714	450.287386045039	73.8111713460448	62225.5431488956
794.33	131.093436083746	542.490612972536	558.105325317329	76.4148532084606	62226.980171892
630.96	139.194973591599	680.080952409886	694.179618329366	78.4327931931606	62228.4221998883
501.19	151.113943503222	852.776399580875	866.061782786434	79.9513671933195	62229.8692248847
398.11	168.700108533953	1069.67396954842	1082.89525243619	81.0376053806401	62232.8652828771
316.23	194.257342863805	1338.70746453797	1352.72820287971	81.743544793166	62234.2023058737
251.19	231.783827045447	1673.22564348726	1689.20330230059	82.1132848096854	62235.6343318701
199.53	286.038577132021	2087.20816709378	2106.71687713149	82.1965881340089	62237.0463578666
158.49	363.130146311078	2596.49989598077	2621.76948128322	82.0386103835771	62238.4983848629
125.89	472.115706996428	3221.95213201004	3256.35820845262	81.6637208044802	62240.0004138591
100	621.544719153515	3980.24282068647	4028.47995521062	81.1245151648597	62241.4724418554
79.433	820.435265625906	4895.43917340999	4963.71219206349	80.4861141527401	62242.9944698515
63.096	1072.01020751057	5993.45114277255	6088.568180271	79.8591066600749	62244.5764978475
50.119	1387.27654912119	7305.57462796361	7436.1251245852	79.247957138804	62246.3035318432
39.811	1747.87587766652	8888.77832932447	9058.99830398465	78.8753797448784	62247.960559839
31.623	2151.15553348758	10798.9133958424	11011.0853534136	78.7340868134147	62249.6775928347
25.119	2587.86795806971	13126.5413919121	13379.20586141	78.8472903986872	62251.3746258304
19.953	3056.54229375966	15977.5937873745	16267.3278084598	79.1700618271161	62253.3366628254
15.849	3548.02409400721	19525.6857896052	19845.4246748727	79.7011203417278	62255.4287008201
12.589	4062.88026940754	23905.5230350344	24248.3200997946	80.3544207537787	62257.4957368149
10	4610.11427076007	29418.8360152688	29777.8620132934	81.093826712449	62259.9177848088
7.9433	5199.1140424818	36303.162623124	36673.5654561664	81.8498721317446	62262.3198258028
6.3096	5852.4572344887	44899.0285230521	45278.8473571861	82.573533048108	62264.7518707966
5.0119	6560.50398246097	55693.8885331146	56078.9571269196	83.2817596446368	62267.3489197901
3.9811	7372.33921493925	69190.6348875903	69582.2918683192	83.9180181332322	62269.9059697836
3.1623	8348.00103139437	86124.3655410347	86528.0039124093	84.4636379811085	62272.4580137772
2.5119	9627.8008441888	107292.058894931	107723.165804801	84.8723247617081	62275.1950657702
1.9953	10818.0547213025	133853.138265049	134289.586086768	85.3793792812556	62277.9771167632
1.5849	12374.3244888082	167107.937422954	167565.46976125	85.7649832516311	62282.2011967526
1.2589	14229.7188656053	208712.212762436	209196.731941937	86.0996864053195	62285.0482497454
1	16470.0879455506	260614.477981633	261134.390555081	86.3838799728389	62290.2323467323
0.79433	19345.0118990463	326082.172573804	326655.495523688	86.6048743643505	62293.4644047241
0.63096	23126.6481387656	408044.270763095	408699.117636337	86.7561283329731	62297.1014727149
0.50119	28046.1051577828	511051.300618738	511820.296469986	86.8588023210144	62300.9635447052
0.39811	34955.6730901325	640187.324802963	641140.943880173	86.8746246386239	62305.3206226942
0.31623	43977.4126865194	801844.261774082	803049.334080182	86.8607392197085	62310.2377156818
0.25119	57313.9220809337	1005018.64948042	1006651.56408151	86.7360875247657	62315.7848186678
0.19953	75889.776734796	1258087.83954223	1260374.65470268	86.5480140618951	62322.1519346517
0.15849	101758.880039778	1575871.94856475	1579153.97220797	86.3053654193299	62329.4690706332
0.12589	137891.699840769	1970346.40987742	1975165.58693235	85.9967689344791	62338.0862316115
0.1	191635.580116646	2469364.09502869	2476788.89479574	85.5624418273721	62348.4134205854
