Frequency (Hz)	Z' (Ω)	-Z'' (Ω)	Z (Ω)	-Phase (°)	Time (s)
10000	112.605219591089	48.3191846810556	122.534399608434	23.2242935904696	54712.8520448633
7943.3	113.53775535586	57.968725360423	127.480174973049	27.0473944454259	54714.1440678601
6309.6	113.472345623743	72.6842531932541	134.75523694319	32.64142934331	54715.5210948566
5011.9	114.732670251447	88.889319755937	145.137509933513	37.7667915108035	54716.928119853
3981.1	115.206597643579	111.729244149748	160.486710162815	44.1221215376933	54718.3351468495
3162.3	115.338360675395	139.047070115772	180.657203429777	50.3245824863808	54719.697171846
2511.9	116.043277812865	175.089933103126	210.053628865608	56.4650218686195	54721.0791958426
1995.3	117.523140672731	217.047024593208	246.821999583399	61.5660518926476	54722.4562208391
1584.9	119.984772906027	274.652478910359	299.717083098239	66.401391731134	54723.8082468357
1258.9	124.462092643851	345.362316214918	367.104810601305	70.1817897156926	54725.1552728323
1000	126.671299358635	432.108911995588	450.292937882903	73.6616753217182	54729.233350822
794.33	132.355158292017	542.176111158447	558.097503521922	76.2813613294331	54730.6053738185
630.96	140.569937450624	679.817036116341	694.198177690549	78.3172472844703	54731.982399815
501.19	152.678087601888	852.642609711871	866.204374457922	79.8479485570976	54733.3744268115
398.11	170.386653549985	1068.64024751132	1082.13843398569	80.9408718674892	54736.2604808042
316.23	196.330541804128	1336.8298614395	1351.16977470688	81.6451092155133	54737.5625028009
251.19	234.322367830139	1670.55373667866	1686.90745424773	82.015426391839	54739.0295277972
199.53	289.111979816485	2084.54301841681	2104.49645580687	82.1038365208995	54740.4365557937
158.49	367.753491294158	2593.63600948279	2619.5782828625	81.9297866247014	54741.87858279
125.89	478.097661125484	3217.01030484489	3252.34264416464	81.5468293965193	54743.3506087863
100	628.349306961525	3971.4430497455	4020.84353698709	81.0093661029973	54744.7976367827
79.433	829.971089012307	4883.18179996546	4953.2127452907	80.3538912404585	54746.3146637788
63.096	1084.14531691067	5975.61938304301	6073.17034827599	79.7167894298615	54747.8716947749
50.119	1402.79414799019	7286.47376868761	7420.27839123359	79.1027260755862	54749.6587267704
39.811	1765.2511764982	8852.83750326316	9027.11712427123	78.7231553618693	54751.2807557663
31.623	2171.24397184191	10758.3307836887	10975.2440353973	78.5898471053238	54752.992788762
25.119	2611.68705385518	13062.4180976488	13320.9487584427	78.6934271632716	54754.6148197579
19.953	3080.66140566615	15888.9010340106	16184.796902184	79.0272030585374	54756.561854753
15.849	3568.26173720241	19397.7420982734	19723.2068978732	79.5768279684394	54758.5988917478
12.589	4092.62456338958	23780.3659646319	24129.9685293761	80.2349986999244	54760.6659307426
10	4640.40682030667	29228.3954835015	29594.4670166219	80.9788056958494	54763.0229727367
7.9433	5204.69534134163	36020.2950054024	36394.3746459861	81.7780424538082	54765.4300187306
6.3096	5892.52842285792	44619.0351334279	45006.4460655611	82.4768758464208	54769.6470987199
5.0119	6586.32760437235	55330.0999203277	55720.7292531743	83.2116268820195	54772.2291427134
3.9811	7404.10486139485	68713.9329749017	69111.6875331359	83.8499595322202	54774.7261907071
3.1623	8311.63449763515	85505.7790439779	85908.7976748589	84.4479764550873	54777.2332347008
2.5119	9589.77157898885	106457.507935809	106888.562132906	84.8526463247494	54779.8402866942
1.9953	10652.2849188388	132965.292532662	133391.304785164	85.4196299462696	54782.5223336874
1.5849	12304.9560758903	165858.732319862	166314.554476694	85.7570349179772	54788.1384386732
1.2589	14104.0289972876	207283.811698925	207763.091588452	86.107473685328	54790.9754896661
1	16355.4964335516	258631.01817378	259147.652555824	86.3815063066203	54796.0245876533
0.79433	19176.5142331059	323764.506892677	324331.920448159	86.6103412905435	54799.2316436452
0.63096	22792.9986353244	405120.262676071	405760.94935013	86.7798024642016	54802.7887086363
0.50119	27686.3948418605	507473.378974898	508228.065761367	86.8771908912307	54806.7307836263
0.39811	34230.2123593332	635484.046829502	636405.280629385	86.9167547037318	54811.0178636155
0.31623	43374.3385107932	796479.866588356	797660.022266287	86.8828914426209	54815.8949536032
0.25119	55917.2560364721	996892.308752098	998459.320539268	86.7895538475354	54821.4120555892
0.19953	73714.2318925634	1249468.45721864	1251641.00826389	86.623664677338	54827.6741715734
0.15849	99725.8219571745	1564859.47663179	1568033.93495465	86.3535688983771	54834.966306555
0.12589	135885.292271686	1959286.97197491	1963993.4447972	86.0326350074455	54843.6084645332
0.1	186797.501514413	2449658.62190825	2456770.3739791	85.6393777002194	54853.9206545072
