Frequency (Hz)	Z' (Ω)	-Z'' (Ω)	Z (Ω)	-Phase (°)	Time (s)
10000	120.538270376601	50.7167366369925	130.773322969514	22.8190289447476	155.647885607027
7943.3	120.902124341882	59.0362251852662	134.545901292106	26.0261489711595	157.596918602106
6309.6	121.362902654399	72.4336782017273	141.335034151241	30.8302487272827	158.678937599374
5011.9	121.88991912136	89.5468003578162	151.247419276278	36.3029777306951	159.855958596403
3981.1	122.589216165701	111.355237161082	165.6143253566	42.2507767604634	161.022982593456
3162.3	123.404660053457	138.903822149906	185.803611188701	48.3815347788046	162.185004590522
2511.9	124.488824813432	173.705574520291	213.70796457515	54.3721298113188	163.357023587563
1995.3	126.073667516617	217.870828294746	251.718627564448	59.9436451759481	165.351064582529
1584.9	128.193597936702	272.923928748574	301.531208062306	64.840344535276	166.398081579885
1258.9	131.306816525859	342.330317890821	366.649051019345	69.0148049484228	167.545103576989
1000	135.694118033093	428.902153211138	449.855477567996	72.443906520899	168.722126574018
794.33	142.214538513031	537.668095889417	556.158211574571	75.1844121761128	169.999148570793
630.96	151.85667126146	674.206278057086	691.096631433116	77.3066542219766	171.151168567885
501.19	165.846839924387	844.252555290851	860.388023759069	78.8862069227556	172.333190564901
398.11	186.389129396926	1057.93697578613	1074.23067927371	80.0080734618818	175.044243558056
316.23	216.473144891022	1322.29788599725	1339.90011634144	80.7025926361415	176.126263555324
251.19	260.158418885238	1650.06281609283	1670.44595841023	81.0401737517909	177.328284552289
199.53	322.837194692408	2053.28754697993	2078.5123537905	81.0645702195842	178.50030354933
158.49	412.078974912452	2548.92380982657	2582.01891353756	80.8165731788089	179.707326546283
125.89	536.214004588497	3150.72127964939	3196.02409890043	80.3415027220797	180.959349543122
100	705.278706152243	3878.10479571037	3941.71471061308	79.6927402849267	182.181375540036
79.433	928.190275500051	4747.88799412836	4837.76576451579	78.9384488405062	183.458395536812
63.096	1210.67634543072	5780.23803000631	5905.66583010897	78.1703537503063	184.780423533474
50.119	1543.49049849154	7010.44155595607	7178.34616944665	77.5832788625336	186.302452529632
39.811	1938.74961312696	8470.75824122432	8689.79258922039	77.1084387813762	187.724477526041
31.623	2369.82974906283	10240.8300407228	10511.4553208637	76.9705349070921	189.918517520502
25.119	2835.31107904168	12374.7793730138	12695.4382927768	77.0951245765127	191.350542516886
19.953	3327.86477885675	14990.8510437187	15355.7904062708	77.4837054661361	193.027573512652
15.849	3830.38130621236	18239.7820336914	18637.6358368639	78.1401394094518	194.819609508128
12.589	4372.51580326641	22252.2430462132	22677.7691812391	78.8831428477917	196.641642503528
10	4941.64224634432	27273.806553589	27717.870625527	79.730198679888	198.788680498107
7.9433	5526.70294646978	33533.3316272336	33985.7142852779	80.6410888756055	200.960722492623
6.3096	6170.56027416275	41413.0363487256	41870.2208463001	81.5252534152911	203.222763486912
5.0119	6850.17608734117	51223.0968420522	51679.1114718301	82.3829050919281	205.444805481302
3.9811	7609.01885563006	63633.7343665184	64087.0448481904	83.1812194500733	207.711844475578
3.1623	8499.05280918765	79062.8693762856	79518.3702842617	83.8644139881359	210.093890469564
2.5119	9547.86183729062	98400.4443121566	98862.5768756501	84.4579010739905	212.485936463525
1.9953	10662.1684626857	122791.353574129	123253.390821078	85.0373636937662	215.032981457094
1.5849	11985.8400770342	153305.830655828	153773.658587632	85.5295638422331	219.067058446909
1.2589	13263.5231026523	191615.785638053	192074.283418637	86.0403384387243	221.779107440062
1	15466.6356295921	239073.504900186	239573.282239397	86.2984617037598	226.693197427655
0.79433	17766.9723096836	298945.676567453	299473.17549895	86.5987917241419	229.670252420138
0.63096	20706.922547664	374134.090373319	374706.677577096	86.8321248870462	233.062314411574
0.50119	24504.8429226021	468651.551331397	469291.768404248	87.0068452377823	236.714385402354
0.39811	29467.1517911471	587407.470892415	588146.112709168	87.1281786326989	240.77146039211
0.31623	36246.1817393705	735945.273121688	736837.316319443	87.1803929272148	245.438545380327
0.25119	45368.8895068347	922618.857253021	923733.669351699	87.1848031538605	250.745642366928
0.19953	58254.3222950141	1156881.05636033	1158346.81534998	87.1173267667025	256.877757351446
0.15849	76445.0090166975	1450393.93067942	1452407.10324457	86.9829387500915	264.024890333401
0.12589	102004.012240453	1817930.23367191	1820789.70587258	86.7885029453392	272.392044312276
0.1	139987.466721592	2280236.33168736	2284529.32114826	86.4869267471694	282.499232286758
