Frequency (Hz)	Z' (Ω)	-Z'' (Ω)	Z (Ω)	-Phase (°)	Time (s)
10000	119.145968735026	47.5879535866774	128.297993719214	21.7722045964639	10275.2382560575
7943.3	118.793687038314	58.044519516657	132.216134893123	26.0408838058503	10276.3752750546
6309.6	118.807104063964	72.0594234608954	138.952108604304	31.2378392295507	10277.6022980515
5011.9	119.912957048913	88.3795033685314	148.96326353797	36.3913460549408	10278.8193210485
3981.1	120.073819321365	111.507517768321	163.864726543793	42.8815682821932	10280.0163430455
3162.3	121.326409548406	139.328958956668	184.750254283604	48.9509436796927	10281.2333630424
2511.9	122.390769117322	173.550338153699	212.365769931016	54.8078324425423	10282.4953890392
1995.3	124.939541246663	217.03348282392	250.426479497691	60.072281333639	10283.7374090361
1584.9	127.041255070439	272.866681420008	300.991206381583	65.034257377256	10284.9194340331
1258.9	128.378674505295	344.712252866077	367.841842839749	69.5735261092573	10286.12145503
1000	133.617060686449	429.644252700274	449.941888230984	72.7245861026872	10290.0395290201
794.33	139.977475441626	538.908981416157	556.791328849517	75.439613165607	10291.276549017
630.96	149.222119599491	675.513979412208	691.799376524062	77.5433176877962	10292.493574014
501.19	162.847247377293	846.534151048197	862.055273674057	79.1110647472139	10293.7155940109
398.11	182.678615261431	1060.23667014486	1075.85931849554	80.2239332904572	10296.4766480039
316.23	211.915427117737	1325.62201756982	1342.4536795422	80.917481582442	10297.638669001
251.19	254.357144819217	1655.52780049546	1674.95368751913	81.2653140663992	10298.9056909978
199.53	315.551156191534	2061.42622619477	2085.43775217997	81.2970501747406	10300.1427149946
158.49	402.351173756977	2559.06566854926	2590.5025695743	81.0647716221628	10301.4097359914
125.89	523.916099273266	3166.86742317678	3209.91235940423	80.6062586303169	10302.7317609881
100	689.728200385244	3899.96282036198	3960.48418638586	79.9706576938874	10304.0137839849
79.433	907.902255160697	4779.13398657348	4864.6077094199	79.2435742062122	10305.3408089815
63.096	1185.59538912175	5825.89761873184	5945.31071439097	78.497137412371	10306.717834978
50.119	1521.29749213993	7072.63323834084	7234.39610359254	77.8608441857868	10308.3698649739
39.811	1905.34325776919	8559.88214318524	8769.3737082615	77.4511191637985	10309.8368929702
31.623	2332.60154109981	10354.5572535592	10614.0419193998	77.3047326825801	10312.0859369645
25.119	2790.69808060579	12519.9279747444	12827.1817742591	77.4341645265956	10313.5629639608
19.953	3278.52655490149	15190.0993254133	15539.87946823	77.82050232771	10315.3649969562
15.849	3782.27786335742	18478.5781714402	18861.6933776813	78.4322246245258	10317.2370329515
12.589	4320.73516829213	22569.2081068867	22979.0754158316	79.1622122210676	10319.1240639467
10	4872.59821285846	27690.0765551778	28115.5215668421	80.0198872399195	10321.3311059411
7.9433	5463.29043591782	34090.1396932182	34525.1381849562	80.8951909900508	10323.5531479355
6.3096	6110.46281120375	42107.2365240543	42548.2916632355	81.7430646813493	10325.8801919297
5.0119	6799.97743616234	52150.3649747861	52591.8269328583	82.5710162924859	10328.2322339237
3.9811	7587.13756219045	64685.0011418872	65128.4425509589	83.310138438803	10330.5692759178
3.1623	8467.56585960329	80471.1861641731	80915.4588089058	83.9931667331356	10333.0313239116
2.5119	9616.3341256055	100265.666293299	100725.754994711	84.5216017592964	10335.4633679055
1.9953	10619.3147336688	124985.174108883	125435.495743592	85.1435510771601	10338.0554168989
1.5849	12064.1227806978	155973.713882717	156439.580927703	85.5771405631828	10342.1994948885
1.2589	13410.8630722283	195088.281982808	195548.687071394	86.0675294230518	10344.8765418817
1	15630.7809955404	243414.984582412	243916.329985892	86.3258225620922	10349.7856338693
0.79433	18036.6291899186	304336.680892121	304870.686240851	86.6083110869856	10352.8326918616
0.63096	21128.4752907044	381121.591982688	381706.798922325	86.8269061473576	10356.2697558529
0.50119	25073.464137263	477225.317443587	477883.54461414	86.9924396107825	10359.9868228435
0.39811	30362.3049191068	597871.153336286	598641.616955973	87.0927871085741	10364.1138998331
0.31623	37514.1495864908	749338.69772613	750277.145679574	87.1339936674275	10368.8159868213
0.25119	47163.267545965	938954.464288332	940138.213143473	87.1244750303335	10374.1780848077
0.19953	61253.3110739913	1177795.28683249	1179387.00425363	87.0229145353959	10380.3652017921
0.15849	80404.2286896592	1476097.5990128	1478285.81871116	86.8821338085245	10387.5723327739
0.12589	107972.994636445	1848774.30303996	1851924.56410936	86.6575813925591	10396.0794917524
0.1	146087.840036903	2318333.75864719	2322931.99932539	86.39432234968	10406.2216787268
