Frequency (Hz)	Z' (Ω)	-Z'' (Ω)	Z (Ω)	-Phase (°)	Time (s)
10000	116.953216533465	48.2361883426506	126.51001827267	22.4132111200969	21699.5357822139
7943.3	117.786949729343	59.3811922948149	131.90864840827	26.7545311979505	21700.717803211
6309.6	118.977310049123	71.2119522681369	138.660529540185	30.9019504870865	21702.0198262077
5011.9	118.636174114404	89.8174989213645	148.800957392728	37.1287654570329	21703.2918772045
3981.1	119.305270333619	111.120578324607	163.038432452515	42.9657176360032	21704.5688752012
3162.3	119.399148135265	139.22564533743	183.411932259193	49.3837911187572	21705.8909001979
2511.9	120.008255355472	174.313737326367	211.630008208075	55.4540945831408	21707.1929221946
1995.3	120.329835156373	217.016635746874	248.144090035711	60.9928208465346	21708.4799481914
1584.9	122.612974473774	272.817345955132	299.104071793262	65.7993015061991	21709.8719721878
1258.9	128.532284791342	342.086619964343	365.436456572564	69.4072826796943	21711.1039951847
1000	131.718495809606	430.396523461771	450.101021489981	72.9838005529918	21715.0920711747
794.33	137.895105118671	540.03398879726	557.361434862485	75.6758769433625	21716.3790921714
630.96	146.828260063486	676.892000533948	692.633610460913	77.7612688309391	21717.6511161682
501.19	159.96714991343	848.12187086905	863.076008760436	79.318730596088	21718.9531401649
398.11	179.153863390805	1062.99709311575	1077.98837041055	80.433468627047	21721.7941971577
316.23	207.403755607698	1329.3149801592	1345.39757481416	81.1320355948786	21723.0062181547
251.19	248.511872557947	1659.80619284023	1678.30710794927	81.48473274353	21724.3082381514
199.53	307.692801998295	2068.72902002164	2091.48622244595	81.5401211753742	21725.5702621482
158.49	391.934468606563	2569.43193178808	2599.15237717494	81.3271043491008	21726.8822861449
125.89	510.420822491752	3181.86663188278	3222.54630364285	80.8865107381344	21728.2293141415
100	671.5648198317	3921.52615470649	3978.61366424068	80.2823118445182	21729.4713351384
79.433	885.021959507288	4811.75904551023	4892.47268575509	79.5781271140699	21730.8683611348
63.096	1155.00141906774	5877.15998059053	5989.57742378403	78.8817097589889	21732.2903891312
50.119	1481.64376726167	7140.20943825836	7292.31506966472	78.2770919973395	21733.9074191272
39.811	1863.06698390275	8642.63532547472	8841.16304315512	77.8350719989917	21735.4294481233
31.623	2285.85135227517	10479.9869506725	10726.3806985844	77.6955917077607	21737.0114741193
25.119	2737.58951239012	12683.9376233433	12976.0036209617	77.8206073784835	21738.5285031155
19.953	3218.30003223596	15398.5254376828	15731.2440942366	78.1950783699398	21740.3805381108
15.849	3727.05938920028	18770.5367270647	19136.9804491908	78.7694760535669	21742.3225751059
12.589	4252.73370939198	22943.9769937243	23334.7771425302	79.4992300267664	21744.2446101011
10	4802.73692997089	28158.2692765478	28564.915730124	80.3206495426128	21746.4916500954
7.9433	5373.84344143113	34676.8465429412	35090.7662996365	81.1909898872472	21748.7636930897
6.3096	6051.44247067096	42850.5512284666	43275.7402774266	81.9617291150703	21751.0657340838
5.0119	6737.25546073126	53117.5372385969	53543.0982801414	82.7713885574232	21753.4577790778
3.9811	7536.01217040448	65922.8065555333	66352.1507081025	83.4785020125911	21755.8348230718
3.1623	8438.61250452292	82010.6344931254	82443.6434843009	84.1251367058148	21758.3318710655
2.5119	9593.85008544264	102080.451518927	102530.290849924	84.6309288361093	21760.898917059
1.9953	10744.7708112276	127424.239058155	127876.451308815	85.1800606785375	21763.5459650523
1.5849	12170.3717335904	159053.014414582	159517.959310226	85.6243848009037	21767.6850460419
1.2589	13435.4190238728	198719.673475755	199173.339357098	86.1321238815397	21770.4470950349
1	15852.6804586249	248114.195869371	248620.115174996	86.3441884720541	21775.546189022
0.79433	18402.1607396862	310299.459848884	310844.646571882	86.6060763724882	21778.7032480141
0.63096	21598.7065170323	388467.731489974	389067.709444224	86.8176458513224	21782.1353120054
0.50119	25682.7916324609	486493.759047166	487171.205407174	86.9780684645644	21785.9823809957
0.39811	31377.2364794476	609552.826902348	610359.877247621	87.053253196443	21790.1494599852
0.31623	39089.7063384616	763392.012396981	764392.157032723	87.0687133598596	21794.9265489731
0.25119	49644.7633422073	957360.966751578	958647.288207097	87.0315377070934	21800.2886459596
0.19953	64054.6435539109	1199593.53894626	1201302.48315835	86.943482520182	21806.5057629439
0.15849	85522.4449890128	1501999.88205233	1504432.69516523	86.7411515481148	21813.7728979255
0.12589	114811.092847176	1882105.79258705	1885604.35975591	86.5092027600155	21822.2550549041
0.1	156716.487537885	2358290.38986401	2363491.82786638	86.1980887856073	21832.3972398785
