Frequency (Hz)	Z' (Ω)	-Z'' (Ω)	Z (Ω)	-Phase (°)	Time (s)
10000	113.146155554132	48.4726572917218	123.092042884991	23.190653212613	52869.2109105181
7943.3	113.677819827663	59.0176837817873	128.084869206857	27.4368147366774	52870.5229315148
6309.6	115.447530194941	73.1552540875159	136.674150550574	32.3610733486095	52871.8999585113
5011.9	114.628253717814	90.0837835924625	145.790001772169	38.1630137251682	52873.2819845078
3981.1	114.897115685209	110.354040428642	159.309012399508	43.8445619725344	52874.6390105044
3162.3	115.691588430467	139.647790406643	181.345110215363	50.3598589342028	52876.0010345009
2511.9	115.934393631598	173.513095164016	208.680564068922	56.2507647617321	52877.3730604975
1995.3	117.054413133789	217.315522888084	246.835516330647	61.6914038872547	52878.750085494
1584.9	120.40454933486	275.497271683316	300.659279260564	66.3925344769858	52880.1121084906
1258.9	121.025981617841	341.221754019585	362.04913153157	70.4712056929429	52881.4641364871
1000	127.149346040865	432.115835012921	450.434291620357	73.6035705211974	52885.5322104769
794.33	132.776533488892	542.057696118732	558.082568950934	76.2364516896274	52886.9492384733
630.96	141.044572183488	679.742443899556	694.221406599483	78.2776394338314	52888.3412624698
501.19	153.175749153171	852.110050410404	865.768068329537	79.809317190436	52889.7332874663
398.11	170.959313129593	1068.19512242923	1081.78921529443	80.9072078490153	52892.6893434588
316.23	197.104617399234	1336.88192674193	1351.33397657622	81.6129579417107	52893.9913674555
251.19	235.219188411177	1671.05434382059	1687.52798098238	81.9876332619733	52895.4133914519
199.53	290.00906298104	2083.80640644722	2103.89030041055	82.076881805721	52896.7804194485
158.49	369.335348060934	2593.39125780884	2619.5585153622	81.8947788822733	52898.1824464449
125.89	479.694656770635	3214.63716591265	3250.23061831022	81.5128333682709	52899.6194704413
100	631.520458217817	3970.32884198525	4020.23994341725	80.9622451159678	52901.0414964377
79.433	832.852644304933	4881.24274655147	4951.78495876861	80.3172614637342	52902.523525434
63.096	1091.704718845	5976.12962117132	6075.02629148136	79.6474981907788	52905.1225764274
50.119	1406.72591470631	7281.80855909183	7416.44211804888	79.0660853824503	52906.8246064231
39.811	1769.17019706225	8844.95542640226	9020.155191637	78.6889519064523	52908.4166334191
31.623	2174.5766287791	10737.2769475841	10955.2681283278	78.5509784864786	52910.1286664148
25.119	2615.1198343793	13046.4619137432	13305.9768606035	78.6654617033153	52911.7856964106
19.953	3090.31622022343	15884.5172774127	16182.3343024855	78.9906894564941	52913.7377314057
15.849	3574.86805974276	19375.6851554476	19702.7119170839	79.5463293420658	52915.7247684006
12.589	4097.96625893853	23761.0687556533	24111.8584076442	80.2147120546308	52917.7618083955
10	4643.70881117178	29188.1973216129	29555.2853887146	80.9602645478783	52920.1188493895
7.9433	5207.75131276126	36018.161824031	36392.7005719231	81.7728003764319	52922.4958933835
6.3096	5851.83740432169	44567.3807556567	44949.9213394896	82.5196761105763	52925.0029413772
5.0119	6601.37058687827	55249.1331834975	55642.1136474267	83.1863905196443	52927.474988371
3.9811	7398.24771377778	68636.379389708	69033.9528417891	83.8478970123999	52929.9620333647
3.1623	8370.24412911562	85422.7397097399	85831.8440108272	84.4036730087327	52932.5540793581
2.5119	9565.92528748698	106396.459795698	106825.622318166	84.8624470457208	52935.1261283517
1.9953	10738.4517444436	132600.756743957	133034.863982859	85.3701003742535	52937.8631793447
1.5849	12318.2096851475	165643.821144452	166101.215447638	85.746990909287	52943.5492863304
1.2589	14076.7093192096	206987.027682664	207465.137732009	86.1094371004568	52946.3763373233
1	16339.1896747967	258349.569340614	258865.735657908	86.3811767993539	52951.5104353103
0.79433	19140.3009392794	323320.864937824	323886.913635282	86.6120959807322	52954.7724943021
0.63096	22684.9546345259	404605.732320088	405241.169913726	86.7909678486392	52958.3795602929
0.50119	27558.0926656648	506872.319517794	507620.918367947	86.8879552081039	52962.2466312832
0.39811	34050.7797506751	634784.84371388	635697.454305493	86.9295140357728	52966.5187092724
0.31623	43208.2110198535	795521.883923054	796694.431573374	86.8910748289133	52971.3708022601
0.25119	55732.6556717358	995779.701583641	997338.128717753	86.7965626296877	52976.8079002464
0.19953	73791.6311569975	1248237.23062784	1250416.48611743	86.6168016983636	52983.1550182304
0.15849	98475.3047901535	1563612.43637551	1566710.32320645	86.3963082170808	52990.5271562118
0.12589	134179.895618199	1957464.19117818	1962057.6709498	86.0786336686405	52999.16431519
0.1	188413.887208603	2448714.32455065	2455952.28702689	85.6001026104443	53009.3965041641
