Frequency (Hz)	Z' (Ω)	-Z'' (Ω)	Z (Ω)	-Phase (°)	Time (s)
10000	112.166748534398	49.1589976546785	122.466266894977	23.6662587356768	65401.8589608762
7943.3	112.003424123373	58.031773641543	126.144574862907	27.3898029515511	65403.1859838728
6309.6	111.869855323511	71.6332257474287	132.838938422005	32.6325096923255	65404.6230108692
5011.9	113.426237305782	89.8184202501891	144.681926741343	38.3745177236067	65406.0850378655
3981.1	114.017905334996	112.510435161214	160.183272401164	44.618721421051	65407.492061862
3162.3	114.328672363266	139.30835791487	180.216158846216	50.6246909208551	65408.9090878584
2511.9	115.298551479308	174.700472744791	209.317966621311	56.5760479272857	65410.3411138548
1995.3	117.555887961836	216.459198986612	246.320871264336	61.4942492751824	65411.7431408512
1584.9	117.576850342522	274.811066808922	298.907072812146	66.8365270104402	65413.1351678477
1258.9	122.087998278498	343.269211022311	364.333954716727	70.4214327283234	65414.5271928442
1000	125.337560950911	432.509001110597	450.303831015026	73.8388452990102	65418.6652728338
794.33	130.861156423499	542.557253430105	558.115593322848	76.4396386759543	65420.1022968301
630.96	138.896470239493	680.483646194555	694.514378672773	78.4635803015055	65421.5393228265
501.19	150.800957826226	853.25244226446	866.476000309052	79.9772383815291	65422.9613478229
398.11	168.156530799497	1069.8756385481	1083.00992645923	81.0676739277019	65425.9974058152
316.23	193.824150943662	1339.53960155307	1353.4896178464	81.7667511502309	65427.3094308119
251.19	230.976175857122	1673.82641024797	1689.68779526195	82.1432077539836	65428.7714588082
199.53	285.05165743903	2088.43362196858	2107.79729594132	82.2276897474366	65430.1884838047
158.49	362.197082083042	2597.84282759991	2622.97046936898	82.0628586933863	65431.630510801
125.89	470.676228764146	3223.03278479872	3257.21912744768	81.6915302560909	65433.1275387972
100	620.305501072387	3984.87245336559	4032.86342246456	81.152058346251	65434.5895657935
79.433	817.927445303526	4899.40747812798	4967.21239152476	80.5222092343265	65436.1415937896
63.096	1068.88671192468	5999.20267151774	6093.68127627912	79.8975380965274	65437.7136217857
50.119	1386.47775628308	7318.7499809996	7448.92085157638	79.2728998024769	65439.560654781
39.811	1742.90816014161	8896.88409128826	9065.99555418523	78.9160690515205	65441.1776847769
31.623	2154.58739568161	10814.5311628141	11027.0726449546	78.7324521539287	65442.9197187725
25.119	2584.90365944385	13141.3473353962	13393.1600721462	78.8719835988126	65444.7967547678
19.953	3054.23932509196	16008.9870151969	16297.7312257775	79.1987508568123	65446.8287897626
15.849	3533.71314953164	19546.4572772637	19863.3109202637	79.7524470866277	65448.8558277575
12.589	4058.03191117186	23968.1029842693	24309.2077957433	80.3904003770401	65450.9428657523
10	4609.91975325351	29459.4073258711	29817.9147514212	81.1062652895225	65453.3649127461
7.9433	5164.52000942367	36390.1943220706	36754.8433505817	81.9224885072586	65455.77695674
6.3096	5869.5886507059	44973.7143434505	45355.1215716019	82.5642678521313	65458.2290007339
5.0119	6564.90472056513	55796.3761610254	56181.2563644918	83.2895299848735	65460.7110487276
3.9811	7416.34898568353	69380.1015821556	69775.3590304463	83.8985669850687	65463.2880967211
3.1623	8340.63976522999	86279.4455022176	86681.6531214275	84.4783705723623	65465.8801447145
2.5119	9569.85937315823	107436.641914302	107862.014788544	84.9098440102532	65468.5071937079
1.9953	10710.9936297057	134125.161212626	134552.161836399	85.4341518417732	65471.2992427009
1.5849	12344.6730239405	167496.821585796	167951.112510194	85.7848681854741	65475.5033246902
1.2589	14347.9116289709	209189.912974067	209681.382717233	86.0763437501586	65478.380376683
1	16504.7853291141	261182.657264873	261703.627018619	86.3841443375298	65483.53447267
0.79433	19369.7163895631	326764.93331257	327338.521344159	86.6076351865129	65486.8015316617
0.63096	23049.9590626795	408855.620371245	409504.846029869	86.7732647073679	65490.4635986525
0.50119	28057.3183020394	512047.539352854	512815.654663169	86.8636506808459	65494.3806716426
0.39811	35069.8443572039	641302.037189019	642260.225209397	86.8698763532228	65498.6927526317
0.31623	44387.5304722377	802606.449183354	803832.921154723	86.8345257508106	65503.5298416195
0.25119	56905.5472471678	1007072.83931965	1008679.3073137	86.7658901300218	65509.1169456054
0.19953	76616.4760071549	1259591.03799248	1261919.04153425	86.5191886183716	65515.5340635892
0.15849	104008.266451372	1577143.31930521	1580569.12823175	86.2269642086025	65522.8511975707
0.12589	142788.644584897	1978372.90265872	1983519.07956457	85.8718474613412	65531.5033595489
0.1	199430.553830942	2473515.88991628	2481542.54516614	85.3904216190925	65541.8055485229
