Frequency (Hz)	Z' (Ω)	-Z'' (Ω)	Z (Ω)	-Phase (°)	Time (s)
10000	111.883952108504	48.3181384306167	121.87149478372	23.357556164952	66043.0578312573
7943.3	112.188545684398	58.3014990570234	126.433122934919	27.4597384422876	66044.379854254
6309.6	112.516799562643	72.55134897517	133.87952951044	32.8141086729151	66045.8168812503
5011.9	112.732821384372	89.9931005570954	144.247867107837	38.5998980460139	66047.2739102467
3981.1	115.018004239759	111.287362808692	160.043801567604	44.0555652643742	66048.6659332431
3162.3	114.66187784423	139.64974089126	180.691439647154	50.611690888614	66050.0879622396
2511.9	116.185898280753	173.56186094846	208.860916724977	56.2008299001042	66051.489988236
1995.3	116.990455528954	220.290713397989	249.428877827462	62.0284342512218	66052.9270142324
1584.9	118.023882474058	275.888188762196	300.073206955795	66.8389513714532	66054.3040402289
1258.9	120.888488339971	345.892205436981	366.408848685702	70.7356028858377	66055.7060642254
1000	125.189703161745	432.468753590913	450.224038241189	73.8554925558728	66059.8441442149
794.33	130.708854647298	542.678025758257	558.197316657908	76.4577424200437	66061.2861692113
630.96	138.82545807366	680.734770447725	694.746238209231	78.4734602254204	66062.7281952076
501.19	150.680308739325	853.343380543807	866.544563516332	79.9861404028973	66064.1502202041
398.11	168.035343353795	1070.47040436487	1083.57868345455	81.0788872060168	66067.2012801964
316.23	193.5150124372	1339.55640154003	1353.46201015967	81.7798047999945	66068.5533031929
251.19	230.70715429507	1674.85317204532	1690.66819303884	82.1569957370459	66070.0253281892
199.53	284.410552708708	2088.14253349534	2107.42226492092	82.2438894658545	66071.4973591855
158.49	361.197083202927	2599.14896345417	2624.12626737724	82.0884217516454	66072.9543831818
125.89	469.532117072541	3224.61698676299	3258.62165957987	81.7154609181149	66074.476411178
100	618.780721320482	3984.70302953866	4032.46175613514	81.1730953027378	66075.9484401743
79.433	816.361201603561	4903.11236971518	4970.60927065663	80.5470489336295	66077.4654661704
63.096	1069.50446692344	6000.66850195362	6095.23274987161	79.8942381246488	66079.0324981665
50.119	1375.55808116959	7322.79399576414	7450.8705490748	79.3611909326733	66080.8645291619
39.811	1741.48979647369	8903.73684296515	9072.44820762274	78.9331794192795	66082.5215601577
31.623	2148.74486570913	10825.5019072539	11036.6931660652	78.7733265642821	66084.3985961529
25.119	2579.47587663331	13155.90143303	13406.3954258307	78.9067493883156	66086.0756261487
19.953	3045.63973431203	16017.4337916209	16304.4198504632	79.2339981793225	66088.0926651436
15.849	3551.72524806647	19565.903264989	19885.6562077458	79.7113450086499	66090.1347011384
12.589	4056.9473559814	23972.2703285773	24313.1356792083	80.3945597545754	66092.2217401332
10	4597.12754790631	29497.8866128041	29853.959474642	81.1419382485291	66094.6237861271
7.9433	5214.96071394519	36401.6190154101	36773.2740205582	81.8471786460593	66097.035831121
6.3096	5834.78547760768	45058.6804544309	45434.8919429133	82.621653699357	66099.5678761146
5.0119	6557.02210451478	55853.5983163965	56237.167280798	83.3043183700148	66102.1149251082
3.9811	7377.03378581588	69425.9807196141	69816.8133500613	83.9346504795005	66104.6419691018
3.1623	8330.78993872107	86367.0064147615	86767.8618962722	84.4904080449004	66107.334019095
2.5119	9563.79671326607	107607.043841566	108031.208879164	84.9210650900599	66110.0660720881
1.9953	10814.8529369359	134245.67327093	134680.591905489	85.3941894519779	66112.8081240812
1.5849	12432.7013025467	167659.493179677	168119.831414811	85.7590238664374	66118.4092290671
1.2589	14185.8399634907	209513.334365462	209993.036390266	86.1264990376182	66121.3612810596
1	16499.756754674	261401.119590987	261921.337993652	86.3882560550241	66126.5053780466
0.79433	19429.3885590704	327004.084012223	327580.787135711	86.5996916192861	66129.7574360384
0.63096	23186.4795201523	409286.665869045	409942.907842956	86.757605184149	66133.4295020291
0.50119	28178.4183547202	512456.56240038	513230.700180911	86.8526499153735	66137.3365770193
0.39811	35047.0005620134	641917.200608079	642873.225982313	86.8749029745654	66141.7086560082
0.31623	44377.5495457821	804383.329969625	805606.546917731	86.8422128803111	66146.6257489958
0.25119	57873.7820086368	1007524.31730058	1009185.12900061	86.7124528920705	66152.1778519818
0.19953	75998.399943608	1261951.89153518	1264238.24231954	86.5536445083427	66158.4999689658
0.15849	103478.557488723	1578916.73799461	1582303.97755282	86.2503292789809	66165.9121059471
0.12589	141248.511648568	1976983.04545006	1982022.47818735	85.9133614207174	66174.5742669253
0.1	195859.354246917	2473941.2357285	2481682.11592135	85.4733941521998	66185.0364598989
