Frequency (Hz)	Z' (Ω)	-Z'' (Ω)	Z (Ω)	-Phase (°)	Time (s)
10000	119.32646507523	48.0545560256562	128.639207173292	21.9353850117141	5116.28273508263
7943.3	119.433095698979	58.8315686921468	133.136838714986	26.2244038493361	5117.43475207972
6309.6	119.861938087972	71.618918065734	139.628627534296	30.8588139336436	5118.65677407663
5011.9	121.191815161007	89.1757501011609	150.465180251527	36.3464973829406	5119.86379707359
3981.1	121.340092288556	111.612756653304	164.866083365697	42.6089080177026	5121.07082207054
3162.3	122.512612176983	139.226427803175	185.454410411995	48.6537638002853	5122.25784106754
2511.9	123.413720175115	173.039466455964	212.54082732225	54.5031014253973	5123.46486506449
1995.3	124.466989478247	219.382811088736	252.231737239734	60.43156072551	5124.64188706152
1584.9	127.135491849736	272.274431948707	300.494258815149	64.9703049401548	5125.80390905859
1258.9	131.307082651767	341.545054445615	365.916075310687	68.9707315210866	5126.97592905563
1000	134.450491037051	429.763298630456	450.303705725186	72.6278239881137	5130.7489990461
794.33	140.836912333225	538.818356934299	556.920333301752	75.3516903596209	5131.96102404304
630.96	150.046790252248	675.141543018455	691.614157152919	77.4699520360058	5133.14804504005
501.19	163.692001574103	846.031465544116	861.721713820687	79.0495945164338	5134.355065037
398.11	183.719561428811	1060.40002352209	1076.19751306963	80.1707956932694	5137.12112003002
316.23	213.065281121075	1325.48078700395	1342.49623118123	80.8680712919543	5138.24313902718
251.19	255.817479628827	1654.8933238013	1674.54904259199	81.212630544252	5139.48016002406
199.53	316.748338629817	2059.59245394812	2083.80675360859	81.2568825063165	5140.692183021
158.49	404.090009167283	2558.54977502508	2590.26363268099	81.025003517981	5141.92920501788
125.89	526.022588916089	3165.33453378612	3208.74468832112	80.5646817395518	5143.20623101465
100	692.050100152412	3896.7170264006	3957.69338440477	79.9293737193796	5144.47325401145
79.433	910.605278927649	4775.09736717042	4861.14768752903	79.2033952817313	5145.78027700815
63.096	1187.2019921845	5820.87075979181	5940.70576383363	78.4722854299964	5147.13230200474
50.119	1522.38097610819	7060.05969762132	7222.33250206559	77.8314653391356	5148.75933400063
39.811	1911.34412440253	8547.55993839094	8758.65384989462	77.3952878240038	5150.21635899695
31.623	2340.76410487581	10336.9452375626	10598.6609266946	77.2407612725601	5152.44040199134
25.119	2804.69042946018	12506.5818680458	12817.2102435451	77.360134130785	5153.89742898766
19.953	3295.69707806166	15166.8563864762	15520.7973982762	77.7404410293715	5155.70946198309
15.849	3811.26094008235	18453.3377988917	18842.8072715666	78.3304948548533	5157.55649397842
12.589	4349.62929409343	22533.3212037567	22949.2884305311	79.074514377595	5159.41853197372
10	4916.30491210014	27644.5181502342	28078.2734110801	79.9159385577261	5161.58556896825
7.9433	5530.75670811715	33966.6014437226	34413.9402481186	80.7517346357608	5163.7826099627
6.3096	6160.82676793058	42001.0678784814	42450.5063503046	81.6552134892369	5165.99465095712
5.0119	6879.4976021107	51956.6031716618	52410.0763250253	82.4574245452104	5168.32669395123
3.9811	7712.43960643654	64494.2993866628	64953.8018753285	83.1807653294795	5170.61873794544
3.1623	8602.78001969716	80186.6524987853	80646.8044191972	83.8764765835369	5173.0507819393
2.5119	9737.30097503196	99800.0992776946	100273.998853721	84.4274007428552	5175.56282993296
1.9953	10840.2941378554	124394.691518252	124866.133338533	85.0195786241734	5178.14487792644
1.5849	12291.3336595841	155337.560550643	155823.08750938	85.4758058459988	5183.54097791282
1.2589	13814.8721352064	193972.813033244	194464.142936795	85.926235264648	5186.27302590592
1	15944.2069524226	242138.710182861	242663.084758192	86.2326599408583	5191.22212089342
0.79433	18363.5887971947	302838.731963823	303394.988374839	86.5299373137874	5194.29917788565
0.63096	21412.6287874026	379004.749256378	379609.141921631	86.7663982594929	5197.65123987719
0.50119	25382.3706473033	474609.023191091	475287.270641744	86.938704288533	5201.35330586784
0.39811	30681.3989012577	594214.492919746	595006.060334186	87.0442408115609	5205.44538285751
0.31623	37614.1580915364	744670.389495997	745619.751536301	87.1083817910867	5210.13746984567
0.25119	47374.2630910394	933620.124122799	934821.296810513	87.0951576370574	5215.45956683223
0.19953	60748.2612261763	1169903.35646184	1171479.4981999	87.0275358626257	5221.61668181668
0.15849	79905.8162865125	1466862.60485333	1469037.38583928	86.8819536827113	5228.8188137985
0.12589	106576.248855089	1839966.24540206	1843050.26546727	86.6849642522247	5237.2959727771
0.1	144807.278317738	2303029.15279642	2307577.17671241	86.4021567511496	5247.44816175147
