Frequency (Hz)	Z' (Ω)	-Z'' (Ω)	Z (Ω)	-Phase (°)	Time (s)
10000	109.915919712906	48.7901354694796	120.258000671324	23.9357636279291	79926.6518942046
7943.3	110.513990643814	58.2430075941105	124.922336119801	27.7900966427494	79928.0389222011
6309.6	111.116083207108	72.9480458162055	132.921786535136	33.285020433989	79929.5109461974
5011.9	111.540211025077	89.2199251043974	142.83351746405	38.6559730912145	79930.9679761937
3981.1	112.63261521081	112.20796015173	158.986579089678	44.8917859302569	79932.4150021901
3162.3	112.628458524435	138.722490071883	178.687153766951	50.9269370019494	79933.8520271864
2511.9	113.430819308206	175.16541723322	208.68510767043	57.0743592043576	79935.3040541828
1995.3	113.671288596547	220.026516487252	247.654658362637	62.6779746474942	79936.7410801791
1584.9	117.182676740703	273.899537726786	297.913974991209	66.8372660119079	79938.1581081756
1258.9	121.612903232719	343.859129264819	364.7311324955	70.5228044322601	79939.575135172
1000	123.403162146792	432.949518704933	450.19287663696	74.0909120878308	79943.7382121615
794.33	128.873306153884	543.379292254367	558.452669695373	76.6576769939974	79945.2102391578
630.96	136.789278590411	681.616288808181	695.206495874372	78.6524060357624	79946.6672661541
501.19	148.348339722595	854.385901057263	867.169244048636	80.1498492530409	79948.1792921502
398.11	165.371529336921	1071.44835075498	1084.13528263349	81.2259798238635	79951.2403521425
316.23	190.473338043873	1341.1666037212	1354.62465334226	81.9168727152693	79952.622377139
251.19	227.022117420641	1676.60776413947	1691.90798702852	82.2887289967194	79954.2394061349
199.53	279.809079636964	2092.57802205932	2111.20247713311	82.3838715360194	79955.6814311313
158.49	355.386562271658	2603.83134131192	2627.97208178502	82.2279503458073	79957.2034611275
125.89	462.181252654992	3233.60668295903	3266.46960652981	81.8657746546931	79958.7654881235
100	608.0267532154	3993.37554467089	4039.39906092493	81.3427020910174	79960.3075161196
79.433	803.287835562875	4918.3962007994	4983.56223346326	80.7241715080883	79961.8495481157
63.096	1056.08169653708	6030.92508412761	6122.6927017547	80.0675803117952	79963.5015781116
50.119	1359.07105610732	7359.8339767301	7484.2655151043	79.5375879361481	79965.313608107
39.811	1717.96339195292	8949.6970036425	9113.09358412926	79.1338112611313	79967.0006401027
31.623	2114.36472923627	10887.4208102067	11090.8281975134	79.0098151505323	79968.7776730982
25.119	2551.70962759099	13249.1981424863	13492.6822182398	79.0986814438427	79970.5097070939
19.953	3013.43931381103	16124.0334444793	16403.2091682302	79.4140476625255	79972.5817440886
15.849	3489.93984242858	19724.0492438	20030.4218296974	79.9660334211399	79974.7337860832
12.589	4007.19168288971	24171.3313577607	24501.2416989443	80.5869563813139	79976.8508240779
10	4564.29612754544	29729.3082943247	30077.6423743439	81.2716179600621	79979.2678670718
7.9433	5165.22589088409	36688.005103885	37049.8215516155	81.9861208550968	79981.7549150655
6.3096	5815.53593646982	45472.7973714296	45843.1648014343	82.7119800703794	79984.2319620592
5.0119	6498.30335566603	56353.6104331462	56727.0425401595	83.4221052516693	79986.8190090527
3.9811	7336.22456130872	70073.9537626241	70456.9314314804	84.023328145365	79989.3760570462
3.1623	8280.97895100974	87226.9548775116	87619.1546957086	84.5768211586202	79991.9831040397
2.5119	9519.58439445172	108647.477877758	109063.728783867	84.992588540639	79994.6701530329
1.9953	10689.873324925	135578.144125983	135998.921158768	85.4917504273426	79997.5372070256
1.5849	12360.9929057153	169296.921372397	169747.582403364	85.8240338965905	80001.9012910146
1.2589	14128.5766012601	211565.997412194	212037.232432878	86.1794066923848	80004.8283410072
1	16569.7975586033	264087.793590595	264607.106697235	86.4097675015801	80010.0124379941
0.79433	19567.7174817493	330347.649931346	330926.67674669	86.61011922315	80013.3244999858
0.63096	23376.2301899084	413376.672145934	414037.10125101	86.7634013541165	80017.0265689764
0.50119	28544.9268614035	517917.387295259	518703.415173132	86.8453447185177	80021.0336429663
0.39811	35579.1716235147	648444.971855102	649420.325349907	86.8594183853804	80025.4157239552
0.31623	45415.2213910581	812714.814311642	813982.746583492	86.8015876837905	80030.3878169427
0.25119	58837.1352365601	1017638.61655345	1019338.10013345	86.6909955896114	80035.9949169285
0.19953	78508.7079775079	1275592.21558651	1278005.91457676	86.4780666844323	80042.4170359123
0.15849	105816.444425936	1594774.82997938	1598281.5391059	86.2038768079549	80049.7741748938
0.12589	143711.30452225	1995561.51637311	2000729.54311092	85.8809283880559	80058.5013338717
0.1	203068.772791261	2497236.23916412	2505479.14792311	85.3510848521289	80068.8335268456
