Frequency (Hz)	Z' (Ω)	-Z'' (Ω)	Z (Ω)	-Phase (°)	Time (s)
10000	116.32387852657	47.3477083882882	125.590804619951	22.1479668105358	31874.340175525
7943.3	115.401264328517	59.1204347813698	129.663709716167	27.1262078074414	31875.552195522
6309.6	116.598332401622	72.6864719603624	137.399033202144	31.9390849077433	31876.8542195187
5011.9	116.865144889602	89.8540251219159	147.41508715419	37.5555791420148	31878.1512455154
3981.1	118.433475493495	111.147854902182	162.420238168846	43.1823641062229	31879.4382715122
3162.3	119.292700233424	139.248219188018	183.359796236842	49.4136322567349	31880.7252925089
2511.9	118.83363579373	173.755213547976	210.504886477867	55.6312262617059	31882.0323175056
1995.3	121.7795886214	221.145324761774	252.458952839443	61.1594451722229	31883.3443425023
1584.9	122.016452341855	274.079975853597	300.01307939155	66.0020613203032	31884.5963634991
1258.9	126.05516542307	343.166163541141	365.585722545866	69.8302107563798	31885.8683884959
1000	129.679406488198	430.990941777929	450.077704804134	73.2541621737259	31889.7514624861
794.33	135.591404080842	540.538671662463	557.285460444856	75.9182004992126	31891.0734834828
630.96	144.350337551352	677.932380753581	693.130098051879	77.9796759009652	31892.3655074795
501.19	157.047768066341	849.769529695489	864.159855034652	79.5291868086872	31893.7125314761
398.11	175.751934320468	1065.03315740971	1079.43706106447	80.6294908422492	31896.5735894689
316.23	203.159697524611	1331.95039723992	1347.35508438046	81.3276321059549	31897.7856094658
251.19	243.062458106176	1663.60257605366	1681.26526449367	81.6875535851479	31899.1276324624
199.53	300.79132305544	2073.92412225388	2095.62322111872	81.7476558124049	31900.4346584591
158.49	382.965903348464	2578.36686117018	2606.65274900745	81.55160019962	31901.8416834556
125.89	498.242639195039	3193.47246781074	3232.10645402921	81.1322566792508	31903.2287094521
100	655.8734561289	3941.33009932195	3995.52911918755	80.5520333244718	31904.5757374487
79.433	865.062764439193	4837.49613994262	4914.23468002689	79.861277852181	31905.9827584451
63.096	1132.38777801492	5910.50192381615	6018.00091984307	79.1541818784491	31907.4497894414
50.119	1455.24444281392	7187.33822036831	7333.18260254767	78.5538705616064	31909.0868164373
39.811	1825.25118669778	8717.50757700292	8906.5414302997	78.1743774794511	31910.6188474334
31.623	2241.62866434908	10575.4161288038	10810.3804450257	78.0323778609426	31912.2308764294
25.119	2689.4757728984	12815.6336109432	13094.7983864947	78.1479597839504	31913.7979034254
19.953	3165.684263752	15577.2724007172	15895.6903688991	78.5125306513161	31915.6949384206
15.849	3667.62476708853	18985.4168920358	19336.4300220221	79.0662198338991	31917.6169774158
12.589	4195.50625347683	23244.1350910269	23619.7393900286	79.7684234138739	31919.6290134107
10	4740.04995520182	28541.7146751155	28932.6381474886	80.5706946478311	31921.9010564049
7.9433	5344.87186816342	35186.2627471307	35589.8966196476	81.3626726607367	31924.1980963991
6.3096	5979.68426396254	43545.4585085716	43954.107664909	82.1810173252877	31926.5001403933
5.0119	6682.43638303194	53927.8177955159	54340.2658090631	82.9362318363851	31928.9171843872
3.9811	7458.37577146131	66976.9088620672	67390.9021297829	83.6458682737451	31931.3442293811
3.1623	8410.68147439928	83332.7505158069	83756.1154268362	84.2367175565505	31933.7862743749
2.5119	9618.67831596081	103786.560977584	104231.325483751	84.7050957268804	31936.3633223684
1.9953	10730.7947205832	129397.487215633	129841.67148129	85.2593700781471	31939.0453723617
1.5849	12158.3515747923	161653.579344281	162110.163863448	85.698746049538	31944.4064723481
1.2589	13806.7271645978	201901.981254554	202373.505552264	86.0880148111443	31947.1485223412
1	15854.1732448937	251979.356157959	252477.624234423	86.3997789726164	31952.1176183287
0.79433	18400.2776428844	315049.872089883	315586.742625838	86.6574752869075	31955.2696743207
0.63096	22003.529066852	394711.359470971	395324.186695954	86.8092991966333	31958.7867383118
0.50119	26620.6954007401	494349.706404109	495065.948784046	86.9176036380207	31962.5638073023
0.39811	32507.0305709414	619602.00540714	620454.149910442	86.9967663240824	31966.7458842917
0.31623	40255.9344879941	776344.362803351	777387.361563103	87.0316893039392	31971.5279742797
0.25119	52003.7638355253	972731.042576447	974120.153084271	86.9397888932324	31976.9850742659
0.19953	66895.2333078745	1219269.51264234	1221103.23752679	86.8596150214806	31983.25719025
0.15849	89858.964958908	1527792.32519226	1530432.62592636	86.6339568612548	31990.5743282316
0.12589	122557.313505049	1913657.63295203	1917578.11607485	86.3355828018958	31999.0564832101
0.1	171176.774109958	2396038.51358869	2402145.30089147	85.9136417402683	32009.3036741843
