Frequency (Hz)	Z' (Ω)	-Z'' (Ω)	Z (Ω)	-Phase (°)	Time (s)
10000	116.249472666538	48.0021556043791	125.770214430584	22.4368876655783	38659.9848163929
7943.3	115.436010568924	57.838093730837	129.115133204771	26.6127153163235	38661.2268373898
6309.6	115.605962437814	72.2215148025583	136.31098910781	31.9939016539002	38662.5488613865
5011.9	115.925580289607	90.1048359292376	146.825139616201	37.8566545413303	38663.8808883831
3981.1	116.951643811079	111.239187866566	161.405836038623	43.5659753798801	38665.1929103798
3162.3	117.685186526898	139.134507642885	182.23121122601	49.7742054324978	38666.5049363765
2511.9	117.47891389747	175.673012652442	211.334574986948	56.2279176442045	38667.8269593731
1995.3	118.981238189725	219.041290860851	249.270179008938	61.4895927994488	38669.1439863698
1584.9	122.844642633832	271.929973217055	298.390208548575	65.6888781671099	38670.4410093665
1258.9	126.222250041728	344.269535548508	366.679109729995	69.8651508571224	38671.7280333633
1000	128.927193743188	431.358605820765	450.213802656169	73.3593133036952	38675.7461073531
794.33	134.804219510012	541.29374834955	557.827123399364	76.0154943348848	38677.0831333498
630.96	143.206242495452	678.296772887483	693.249262530614	78.0784320108437	38678.4001573464
501.19	155.83378674242	850.539695040533	864.697601436551	79.6175612963003	38679.7321793431
398.11	174.198120085643	1066.31022227797	1080.44549847546	80.7218162268273	38682.6532373357
316.23	201.050398465725	1333.757425992	1348.8254646588	81.4277812337344	38683.9002563325
251.19	240.18142064928	1666.38894632018	1683.60899119813	81.7982785932298	38685.2572833291
199.53	297.11467219964	2077.45426704355	2098.59318594476	81.8608301255096	38686.5943093257
158.49	378.017292090617	2582.89588452118	2610.41150460919	81.6736432277016	38687.9363343224
125.89	491.503339893727	3202.00693679818	3239.50983274173	81.2732959289374	38689.3283573188
100	646.540939194365	3951.31809374986	4003.86436634027	80.7072334881996	38690.7003843154
79.433	853.136369078107	4852.60167336909	4927.02594519537	80.0287248032677	38692.1324113118
63.096	1113.53436347038	5934.94326991631	6038.50233052487	79.3735135036573	38693.5894383081
50.119	1437.78509486367	7224.97861934175	7366.65066559814	78.7450607403386	38695.3264703037
39.811	1805.27843000956	8767.43024156375	8951.36097197204	78.3649913781682	38696.8884992997
31.623	2225.99911357797	10646.2244770812	10876.4501410181	78.190269881351	38698.5355272956
25.119	2663.03355068333	12908.4488386448	13180.2806916991	78.3433240326697	38700.1125592916
19.953	3138.09251797693	15691.2692128783	16001.9859443259	78.6906339382745	38701.9995942868
15.849	3630.6922806234	19141.2854911799	19482.5752068723	79.259807073637	38703.9566282819
12.589	4153.73969388155	23435.9500268609	23801.2039003503	79.9493871719759	38705.9236642769
10	4705.21917526587	28794.6303090541	29176.5286167218	80.7195391354498	38708.2307072711
7.9433	5304.40373103111	35518.0379265276	35911.9439336279	81.5060002309665	38711.5097712628
6.3096	5940.19675796562	43889.494397309	44289.6563090612	82.2921743164683	38713.7418092572
5.0119	6652.97877316825	54391.8790381727	54797.2502216985	83.0264683268134	38716.1738572511
3.9811	7447.1989686968	67607.83476536	68016.7633318404	83.714045942903	38718.6609032448
3.1623	8364.79742692086	84042.603669642	84457.8537944574	84.3160454601129	38721.1429502385
2.5119	9583.99098664903	104733.643236285	105171.236128409	84.7715258074377	38723.7799952319
1.9953	10764.7805584825	130588.69562991	131031.629489958	85.2876079459291	38726.3770432253
1.5849	12235.083613811	163020.636252057	163479.127459937	85.7078634094968	38731.9831492111
1.2589	13987.3730356008	203788.38374033	204267.84365615	86.0735618071282	38734.810201204
1	16110.8563430925	254383.522812458	254893.186198816	86.3761298605471	38739.8742961912
0.79433	18787.0415667457	318364.280191162	318918.120890719	86.6228267854225	38743.0713541832
0.63096	22217.0889893204	398559.419497137	399178.168131793	86.8094358502987	38746.5934201743
0.50119	26856.1652767783	498957.297169777	499679.535314728	86.9190518861725	38750.3704891647
0.39811	32956.948333887	624675.486392176	625544.262017313	86.9799599805696	38754.597568154
0.31623	41381.3479152359	783181.794665131	784274.275652451	86.9754482789834	38759.384657142
0.25119	52934.0228135008	981561.636323884	982987.922954316	86.9131219601216	38764.8517561282
0.19953	69350.607549482	1229710.31383735	1231664.3060207	86.7721726566293	38771.1238711123
0.15849	92408.7610803683	1540998.0433419	1543766.28694501	86.5682635701216	38778.4460070938
0.12589	125704.540862708	1928915.89889253	1933007.5469573	86.2713928514478	38786.9731660723
0.1	171601.126731467	2418811.62759705	2424891.05662382	85.9419846339291	38797.1403560466
