Frequency (Hz)	Z' (Ω)	-Z'' (Ω)	Z (Ω)	-Phase (°)	Time (s)
10000	112.825339317868	48.266315448065	122.715909315476	23.161082485068	57809.2523790457
7943.3	113.277504859957	59.0567749059687	127.747781857815	27.5351039011654	57810.5794020423
6309.6	113.682610384656	72.0850362784523	134.610506124653	32.3783860975018	57811.9564260388
5011.9	114.575741352654	88.6589340146965	144.872382071714	37.7327747740673	57813.3584510353
3981.1	113.974991305516	111.442825641326	159.404523242019	44.3564115489853	57814.7404770318
3162.3	116.060016966768	139.940712849306	181.805749774583	50.3293397804512	57816.1425050283
2511.9	116.494359332408	174.369821271899	209.704006463067	56.2535962718156	57817.5545290247
1995.3	117.109296290479	217.026213725093	246.606903231642	61.6483018068672	57818.9515550212
1584.9	120.722091842444	273.720411471713	299.159969105258	66.2005246771634	57820.3235800177
1258.9	122.950686117324	345.810665063229	367.017557193377	70.4274944541053	57821.7106060142
1000	126.162513917578	432.358732228998	450.389890264723	73.7327262360819	57825.8786850037
794.33	131.705867805945	542.177578203901	557.945303700608	76.3461710153015	57827.3207130001
630.96	140.014799464247	680.135002319896	694.397411753311	78.367416221811	57828.7477379964
501.19	151.865199541319	852.330932956262	865.754617721336	79.8972676451003	57830.1597649929
398.11	169.716134379114	1068.93121708358	1082.3204299672	80.9783502993406	57833.1358199854
316.23	195.720590403685	1337.84810162451	1352.08878870002	81.6769517349601	57834.4428409821
251.19	233.591793003052	1672.12683979352	1688.36408813864	82.0473940218012	57835.8698699785
199.53	288.33242387515	2084.78067748855	2104.62492142598	82.1257465723592	57837.2668969749
158.49	367.043215843807	2595.65917452331	2621.48188484758	81.9513645756126	57838.7039199713
125.89	476.289146781609	3217.97386424081	3253.03045517236	81.5808315884652	57840.1859499676
100	627.722518707661	3974.3655749103	4023.63234944804	81.0246852854652	57841.6629759638
79.433	828.725029142164	4889.00362453583	4958.74395534304	80.3793568853435	57843.1500029601
63.096	1087.44283106902	5981.89582231731	6079.93499471012	79.69677229566	57844.6970319562
50.119	1395.15919550241	7289.55974508507	7421.86974137647	79.1651077634597	57846.4940669516
39.811	1760.97306966768	8859.5304858793	9032.84598464512	78.7580695595404	57848.1060959476
31.623	2167.88279814829	10765.207121173	10981.3205120451	78.6141353878266	57849.8531279432
25.119	2612.18630415514	13069.4228619259	13327.9154871062	78.6972264873491	57851.5251599389
19.953	3078.0823179917	15913.1273938911	16208.0910106817	79.0524545330634	57853.487197934
15.849	3584.13346253291	19433.0179482428	19760.7742574519	79.5500721817876	57855.4992309289
12.589	4084.62124446618	23798.184802885	24146.174244029	80.2608857220055	57857.5362699238
10	4637.61150608811	29260.596894757	29625.8328341815	80.9939099135881	57859.9433139177
7.9433	5247.64073186541	36082.7793430183	36462.3737346828	81.7252944745642	57862.4153599114
6.3096	5846.75359343377	44649.094996385	45030.2810515162	82.5396252650447	57864.9374059051
5.0119	6588.68518175781	55345.3314531488	55736.132679647	83.2110711084376	57867.4344528988
3.9811	7387.65597077706	68808.5264831913	69203.9794920104	83.871889852529	57869.9414988924
3.1623	8322.47973423101	85622.9255891802	86026.4439307878	84.4483357839469	57872.5935488858
2.5119	9650.02664228529	106656.470530735	107092.136594011	84.8300892567385	57875.255597879
1.9953	10763.6025856214	133023.387386969	133458.145995382	85.3739837929089	57877.9576498722
1.5849	12360.1405103406	166031.173974454	166490.611761657	85.7424865052667	57883.4937518582
1.2589	14069.3406637345	207605.949886273	208082.13949038	86.1230246465939	57886.4058068509
1	16434.3171382605	259004.656746442	259525.526675399	86.3693457292364	57891.5599008379
0.79433	19288.4894348528	324073.962180587	324647.468476351	86.5938429443283	57894.8419598296
0.63096	23001.2036730013	405635.928514538	406287.535954843	86.754572149348	57898.3940268206
0.50119	27926.0724573968	508256.681426605	509023.299798428	86.8550558906648	57902.3561008106
0.39811	34631.444792346	636555.836630818	637497.192242575	86.8859268785877	57906.6331807998
0.31623	43740.8943427749	797763.532743105	798961.776315154	86.861649279686	57911.5152707875
0.25119	56952.77864063	999143.67895428	1000765.56205196	86.7375797920923	57917.0673727735
0.19953	74930.9720304673	1251245.84593708	1253487.46206104	86.5729298354833	57923.3294897576
0.15849	100094.849590221	1567740.426695	1570932.53337255	86.346819515565	57930.711626739
0.12589	137045.868592298	1960400.00583852	1965184.40686616	86.0011242269543	57939.3637867172
0.1	190841.369417062	2454627.80827794	2462035.35828638	85.5543350128805	57949.6059736913
