Frequency (Hz)	Z' (Ω)	-Z'' (Ω)	Z (Ω)	-Phase (°)	Time (s)
10000	118.462399303753	49.3693519045972	128.338119653834	22.6239937421057	12195.7328132087
7943.3	118.87525009054	59.1117743098431	132.761165052685	26.4392700084795	12196.8798352058
6309.6	120.034399485995	73.0470265113087	140.51378986458	31.3226356071368	12198.1268582027
5011.9	119.778512531455	88.9055816185967	149.168007653078	36.5846458578078	12199.3638801996
3981.1	120.116319217653	110.873917938908	163.465457579027	42.7086985760824	12200.5859031965
3162.3	120.530429371519	138.746906180978	183.788705799012	49.0189202385457	12201.8029251934
2511.9	121.539199265174	174.110102973954	212.334888597283	55.0826696389765	12203.0499481903
1995.3	126.832855480279	217.074425823099	251.411772945718	59.7029902618761	12204.2869691871
1584.9	128.094022014144	272.90540125035	301.472115638204	64.8559768022365	12205.4839941841
1258.9	129.205452728718	345.728316357269	369.082806082951	69.5082981114005	12206.6860131811
1000	133.151299184967	429.733161610573	449.888718087555	72.78459002355	12210.5940891712
794.33	139.482665842343	539.20426991088	556.95301306359	75.4965180852899	12211.856111168
630.96	148.562469788003	675.61304562728	691.754143356786	77.5984380976902	12213.0831341649
501.19	162.009021178681	846.577580214256	861.939976021938	79.1663263375799	12214.3351561618
398.11	181.672508867803	1061.00317308677	1076.4444406371	80.2836350824641	12217.021208155
316.23	210.545870979829	1326.96338393191	1343.56294459273	80.9841833172171	12218.1732291521
251.19	252.525011678153	1656.16387027233	1675.30523986481	81.3305501937514	12219.4402501489
199.53	312.650374813649	2061.96037179294	2085.52890934544	81.3780462872213	12220.6922731457
158.49	399.078602183415	2562.14475059591	2593.03865257092	81.146771973506	12221.9642991425
125.89	519.426133914812	3170.46897569325	3212.73668924596	80.6957421744237	12223.2813211392
100	683.225590148984	3905.05294670137	3964.37078532968	80.0760134503766	12224.5733471359
79.433	899.529104690343	4789.17861584706	4872.92360135799	79.3623382210141	12225.9203701325
63.096	1171.13526866186	5839.38612075836	5955.66856740778	78.6593325784895	12227.307398129
50.119	1503.10067803562	7095.63515132074	7253.09243350515	78.039585801719	12228.909426125
39.811	1888.44135287501	8585.92925961327	8791.15419011245	77.5955291043783	12230.3664521213
31.623	2316.68603169926	10394.0472316677	10649.0963007951	77.4349637446466	12231.9084821174
25.119	2773.74605409186	12582.4836857206	12884.5862515649	77.5682622873935	12233.3905101137
19.953	3253.48943145459	15261.6072178531	15604.5457592528	77.9657562083588	12235.1975451091
15.849	3771.58672652742	18573.8599896825	18952.9190720597	78.5216483972436	12237.0445761044
12.589	4295.65816986676	22715.1241724661	23117.73226947	79.2912549336216	12238.9416110996
10	4840.50502105604	27868.6347329029	28285.8850088667	80.1465940965644	12241.1486540941
7.9433	5448.48806013917	34299.4634798778	34729.5150721825	80.9739502482445	12243.3906960884
6.3096	6045.87689913725	42404.1889011538	42833.0230528299	81.8856085695887	12245.7227370825
5.0119	6777.17062428617	52503.1012236575	52938.697375099	82.6448545622877	12248.0897830765
3.9811	7545.8148439179	65189.6296424365	65624.8972157422	83.3972963444138	12250.4718260705
3.1623	8433.43265146493	81007.8572034296	81445.6611181838	84.0565555398236	12252.9338700643
2.5119	9618.55746831938	100839.658139928	101297.350910816	84.5513454836761	12255.445918058
1.9953	10666.6691943293	125903.848024177	126354.88427044	85.1574221874426	12257.9879660516
1.5849	12115.2624697186	157095.056289107	157561.531774694	85.5900450650945	12262.1020410412
1.2589	13378.9172907123	196081.739898717	196537.640541398	86.0966827533497	12264.7890890344
1	15729.0870476544	245112.216983741	245616.373831301	86.3283090215687	12269.7631830218
0.79433	18142.4251759873	306607.243445703	307143.532122425	86.6136685137613	12272.8102380141
0.63096	21246.893015572	383870.408697135	384457.957566391	86.8319609567763	12276.2123030055
0.50119	25312.7064289628	480545.757571567	481211.968083494	86.9847364475877	12279.9343699961
0.39811	30732.9802435641	602107.302556514	602891.134340631	87.0780237565037	12284.0664469857
0.31623	37907.5066357975	754750.299900887	755701.656912185	87.1247224299067	12288.7935359738
0.25119	48188.2764303068	945873.005166025	947099.705356902	87.0835409523007	12294.1706339602
0.19953	62125.4248193502	1185576.08429648	1187202.68701884	87.0003848338498	12300.3377499446
0.15849	81593.4329058228	1486385.10569092	1488622.91085189	86.8579663154273	12307.5248809265
0.12589	109047.612557152	1862486.00996503	1865675.62001541	86.6491865462907	12315.9670389052
0.1	149836.41270839	2334713.78337404	2339516.91612821	86.3279282313311	12326.1442278795
