Frequency (Hz)	Z' (Ω)	-Z'' (Ω)	Z (Ω)	-Phase (°)	Time (s)
10000	117.771058824529	48.5020784125137	127.367475860144	22.3835097653654	16620.9077480362
7943.3	118.942674936673	59.0010860457114	132.772316676574	26.3835451974381	16622.0847680333
6309.6	118.82392686815	72.7573427727793	139.329668497858	31.4796449838495	16623.3367910301
5011.9	119.991535648646	89.0792936112682	149.442594923947	36.5894471048858	16624.5888170269
3981.1	120.627366625854	111.221661187273	164.076870692809	42.6768853401764	16625.8358400238
3162.3	120.558969298921	138.382296714084	183.532354429084	48.937546453603	16627.1278630205
2511.9	120.52839383112	173.778126618738	211.485060963246	55.2557391550804	16628.4448860172
1995.3	120.201957407783	217.824175642768	248.78883025392	61.1087598652762	16629.701912014
1584.9	124.320187313826	272.38472626103	299.414341797518	65.4673827211773	16630.908933011
1258.9	126.721904542399	343.030626359057	365.689009557492	69.7248307703774	16632.1309570079
1000	132.362864596947	430.035167170609	449.944633180309	72.8918730599578	16636.049029998
794.33	138.568629196609	539.391182543128	556.905838362915	75.592375535757	16637.246051995
630.96	147.652963724729	676.226141131018	692.15835734725	77.6828682838434	16638.5130739918
501.19	160.971183950715	847.35962841525	862.513803907234	79.2438044589315	16639.7800979886
398.11	180.532860382825	1061.98369160989	1077.21932535736	80.3521836831649	16642.6011529815
316.23	209.144469060143	1327.96231338614	1344.33080553572	81.0498453183818	16643.7931719785
251.19	250.720396196375	1657.63471981236	1676.48846742119	81.3990972574672	16645.1051959751
199.53	311.061697839908	2064.9847906934	2088.28196507515	81.4335818590143	16646.3872179719
158.49	396.18642584246	2563.88412428561	2594.31406864813	81.2157972005783	16647.7142429686
125.89	516.108206492377	3175.10130568355	3216.77415778015	80.7674019941245	16649.0712689651
100	678.75627459655	3910.43737504148	3968.90797883063	80.1529640061626	16650.3882939618
79.433	894.435463779755	4794.90556932599	4877.61562831885	79.4335616778723	16651.7453189584
63.096	1169.86351167666	5853.84867660554	5969.60006738716	78.6985964867535	16653.1423439549
50.119	1502.13797590605	7112.36138193371	7269.25738475954	78.0743299610597	16654.8143739506
39.811	1880.31681995203	8608.88915810236	8811.84225232652	77.679191579386	16656.3014019469
31.623	2302.68871948259	10415.6925580147	10667.1939516405	77.5336381613369	16657.8684319429
25.119	2760.77919704178	12611.875871178	12910.5117932954	77.6525395436233	16659.3654579391
19.953	3244.33006630299	15310.2766676479	15650.2475769248	78.0357016221529	16661.1974919345
15.849	3742.38263751217	18640.5448100439	19012.5047960759	78.6478879232806	16663.0795289298
12.589	4292.79690638371	22799.9564173416	23200.5628792091	79.3371266824203	16665.0365649248
10	4832.39231621614	27955.3772045899	28369.9688076799	80.1927157252968	16667.2886069191
7.9433	5419.66660646843	34403.7082066119	34827.9761756402	81.0476820957819	16669.5306499135
6.3096	6077.26975639111	42547.2888681253	42979.1228123567	81.8711043448758	16671.7726879078
5.0119	6758.97760104805	52670.2792965389	53102.1854483117	82.6874149805285	16674.1797329017
3.9811	7525.58545442175	65351.8040297114	65783.6813075219	83.4310401553574	16676.5867778957
3.1623	8432.27978561021	81323.268868084	81759.2649292635	84.0802466880873	16679.1038258893
2.5119	9566.63618860928	101260.656482542	101711.55823819	84.6029802071996	16681.585869883
1.9953	10634.2763769969	126169.063703092	126616.430489006	85.1821594648296	16684.1979188764
1.5849	12126.2342631294	157578.230576229	158044.121399499	85.5995480906173	16688.3619968659
1.2589	13330.2066489697	196957.910466493	197408.492483558	86.1280986632515	16691.0690448591
1	15730.5825565065	245917.826568383	246420.430670195	86.3399574667367	16696.0081408466
0.79433	18234.891089619	307637.009529999	308176.96358685	86.6078161727827	16699.1501948387
0.63096	21362.6457430767	385021.54502982	385613.735194033	86.8242407434874	16702.6322588299
0.50119	25514.279866315	482407.529874629	483081.777090419	86.9724772921116	16706.3593298205
0.39811	31033.2767574513	604246.26234178	605042.651240651	87.059948877627	16710.4964078101
0.31623	38412.9414820067	757538.807969873	758512.095917868	87.0971573356594	16715.2434947981
0.25119	48673.96032675	949438.916785933	950685.758345803	87.0652423189841	16720.6305957845
0.19953	63336.3016895594	1189739.03958873	1191423.71532265	86.9527094990862	16726.8777097687
0.15849	83509.0580422634	1492117.6128361	1494452.6534189	86.7966799617978	16734.1398437504
0.12589	111170.574059891	1868289.53490191	1871594.15546234	86.5946911046899	16742.617000729
0.1	152164.38522344	2342260.39754125	2347197.85489432	86.283016624295	16752.7591877033
