Frequency (Hz)	Z' (Ω)	-Z'' (Ω)	Z (Ω)	-Phase (°)	Time (s)
10000	112.615283201822	48.5800035588004	122.646723382239	23.3344109418	57187.5868666152
7943.3	113.778513222498	59.1819936109178	128.249984167192	27.4812359157174	57188.8988886119
6309.6	113.915653036886	71.9660775054274	134.743802522926	32.28260074374	57190.2909146084
5011.9	113.825482562123	89.2898510143797	144.668303282613	38.1122397541978	57191.6929426049
3981.1	114.695827904036	110.629678148216	159.355133666192	43.966171473664	57193.0699686014
3162.3	115.778219879329	138.473104875823	180.497637027128	50.1007956358638	57194.4619935979
2511.9	116.689108869639	174.750408525094	210.12865917927	56.2670901570986	57195.8690195943
1995.3	116.175960213987	217.699656789209	246.758980176571	61.9132789474623	57197.3360475906
1584.9	119.035320132868	274.5835416566	299.27500528413	66.5626787592613	57198.6830715872
1258.9	122.924500455525	339.934198593339	361.477097733088	70.1193694709602	57200.0550955837
1000	126.218571602739	432.122935844368	450.179252631873	73.717470708913	57204.1781775733
794.33	131.900142622314	542.241803566853	558.05360061487	76.3283449283781	57205.5851975698
630.96	140.047687837099	679.941336528473	694.214358817681	78.3615346811504	57206.9722255663
501.19	152.03488409196	852.362135319369	865.815116353977	79.8865749860785	57208.3792515627
398.11	169.675599152389	1068.65937238685	1082.04559198676	80.9782129668815	57211.3403065552
316.23	195.628694728057	1338.06784601682	1352.29292194594	81.682152011135	57212.6573295519
251.19	233.238194583771	1671.36519211916	1687.56086137366	82.0557061383248	57214.1043575483
199.53	287.961486001638	2085.56776224848	2105.35382022842	82.1386807378854	57215.4263825449
158.49	366.000626616103	2594.57965322119	2620.26716874306	81.9706326158658	57216.8634065413
125.89	475.814243093947	3217.99076488353	3252.97767542397	81.5891496670798	57218.3254355376
100	626.661088286529	3975.08946750916	4024.1819534254	81.0412206864879	57219.742462534
79.433	826.169492349087	4888.07211654864	4957.3990203199	80.4066781753266	57221.2394885303
63.096	1083.08421044475	5983.69790852561	6080.93019754449	79.7402148391392	57222.7715165264
50.119	1391.08756979368	7296.12776014432	7427.55712998447	79.2054801931051	57224.5835495218
39.811	1756.88091236901	8867.19865654813	9039.57092759029	78.7929846726329	57226.2155825177
31.623	2167.46349331569	10767.4267061174	10983.4136709161	78.6185654755165	57227.9576115133
25.119	2602.88926937454	13086.2065114496	13342.5572289921	78.7505013938544	57229.6396455091
19.953	3071.5089092678	15929.3271775831	16222.7504237167	79.0861137607949	57231.6116815041
15.849	3551.08646152468	19455.3825847175	19776.8077953687	79.655977288884	57233.633719499
12.589	4095.78706094368	23821.0064839495	24170.5569144974	80.243950242507	57235.6757554938
10	4622.27697812855	29303.797123948	29666.1081091545	81.0362220753288	57238.0478004878
7.9433	5197.22545116113	36172.9660468259	36544.4198888834	81.823864644712	57240.5198464816
6.3096	5841.93709904745	44750.3109686208	45130.0184008105	82.5623730054039	57243.0368904752
5.0119	6578.57219517728	55482.9097122585	55871.5570059201	83.238047155755	57245.5589404689
3.9811	7394.81313363662	68921.3804818808	69316.9528240357	83.8759657962698	57248.0759844625
3.1623	8322.69575015858	85774.2996005037	86177.1300085276	84.4579293334312	57250.6930344559
2.5119	9492.96673960709	106779.652008434	107200.795242207	84.9196243967062	57253.3900854491
1.9953	10766.1141825063	133330.609261883	133764.571470684	85.3835246948647	57256.1671354421
1.5849	12352.134690045	166471.054934834	166928.689453064	85.7564356356575	57261.6482374282
1.2589	14032.4067203737	207912.745864141	208385.744068861	86.1388599396482	57264.4752904211
1	16353.0490766325	259519.289583503	260034.005237832	86.394396974415	57269.6093874081
0.79433	19215.2624557356	324731.436116087	325299.449604913	86.6135980526506	57272.8764463999
0.63096	22896.1650548692	406354.414829582	406998.949415981	86.7750615543489	57276.4835103908
0.50119	27790.5122660669	509015.154627239	509773.224299004	86.8749460833507	57280.350584381
0.39811	34318.0606956404	637380.700206871	638303.91373241	86.9180377489372	57284.6426623702
0.31623	43560.1669044988	798610.277755049	799797.389266022	86.8778976998731	57289.5347523578
0.25119	56671.5232206569	1000594.51702281	1002198.10867925	86.7583534482713	57295.0818573438
0.19953	74793.3350285115	1254123.94983287	1256352.22947591	86.5870417223819	57301.348973328
0.15849	99994.6424958	1569490.60093012	1572672.78063043	86.3545255993778	57308.7161093094
0.12589	137775.288877194	1964708.81103321	1969533.63575663	85.9886976482374	57317.2982682877
0.1	189458.773276071	2459157.49487409	2466444.85269116	85.5945126231931	57327.5904592617
