Frequency (Hz)	Z' (Ω)	-Z'' (Ω)	Z (Ω)	-Phase (°)	Time (s)
10000	112.877838316595	48.1233763655376	122.708050819197	23.0900780171165	61580.3602035245
7943.3	112.551326464071	59.1564982685818	127.150668013277	27.7262246332125	61581.6972265212
6309.6	113.927339792024	72.0209085046992	134.782973753845	32.2996528981886	61583.1292515175
5011.9	114.672889301986	90.2745812941758	145.94304220724	38.2110806661731	61584.526277514
3981.1	115.489818332432	111.451982360128	160.49748443655	43.9806789641061	61585.8933045106
3162.3	114.676236594097	139.431673907276	180.532077282599	50.5642511932167	61587.2653295071
2511.9	116.131864655553	175.066291933779	210.082880215926	56.4413211594249	61588.6723555035
1995.3	115.354872342573	218.466485068495	247.051313842599	62.165009178328	61590.0793815
1584.9	116.931542129024	274.444690852783	298.316734163458	66.9227965090296	61591.4564074965
1258.9	120.919964315991	345.736414071891	366.272174462476	70.7229143514941	61592.843430493
1000	125.710904472539	432.426501545253	450.328669686898	73.7902999268835	61596.9465104827
794.33	131.231066147958	542.435628342918	558.084226276022	76.3997927715524	61598.383535479
630.96	139.298867479797	680.171918096333	694.289574059699	78.425898810995	61599.7955594755
501.19	151.351828353362	853.037981929132	866.360880095375	79.9388947621659	61601.2075864719
398.11	168.706054879575	1069.64864497523	1082.87116345869	81.0370858495928	61604.2286434643
316.23	194.353334428084	1338.40223955687	1352.43993339969	81.7376633713128	61605.5606684609
251.19	231.841629201182	1673.05701229856	1689.04419937195	82.1105576789182	61607.0076954573
199.53	286.321698526351	2086.89193665837	2106.4420405833	82.1877905983044	61608.4197194537
158.49	363.484965294589	2597.14669012412	2622.45919892339	82.0328902335259	61609.89174845
125.89	472.419993200091	3221.86320089099	3256.31434834395	81.6581965069502	61611.3887774462
100	621.863231339895	3978.30480094392	4026.61433063882	81.1157825081688	61612.8508014425
79.433	820.681131236146	4895.3206288707	4963.63592325364	80.4830889618947	61614.3678294387
63.096	1071.91860267182	5992.4271357008	6087.54404234066	79.8582584299642	61615.9498614347
50.119	1387.4722382908	7313.66663283763	7444.11168832858	79.2580967638393	61617.7768944301
39.811	1746.33063558675	8885.62105324189	9055.6022544392	78.8811186253195	61619.4439254259
31.623	2154.31170728958	10798.8484066711	11011.6386538257	78.7179149799205	61621.1609574215
25.119	2593.33052175147	13122.3605944187	13376.1620341935	78.8208699225013	61622.9179884171
19.953	3055.21510187751	15977.5775001053	16267.0624911387	79.1746424190176	61624.9100244121
15.849	3558.40758613484	19523.1538741732	19844.792811811	79.6703172583747	61626.9370624069
12.589	4061.37231059628	23917.3440657552	24259.721601968	80.3626096823928	61629.0341014016
10	4603.56007785926	29412.6158141109	29770.7026188323	81.1044352817048	61631.4161473956
7.9433	5173.24812372623	36287.2689589375	36654.1728135816	81.8863738638413	61633.8231923896
6.3096	5845.16900359508	44920.5015111104	45299.1992941405	82.5861845803224	61636.2402343835
5.0119	6550.25525382102	55714.8139243162	56098.5412868408	83.2946554647472	61638.7172803772
3.9811	7386.26608211367	69192.3799172305	69585.503987872	83.9067677155794	61641.2293293709
3.1623	8318.6252443224	86107.763108809	86508.649241323	84.48194231415	61643.8713763642
2.5119	9589.89609508915	107249.239972891	107677.135836153	84.8903770823072	61646.4984263576
1.9953	10702.5122299039	133797.235889339	134224.603183093	85.4266177029291	61649.2504773506
1.5849	12411.4878272849	167043.038779882	167503.497978114	85.7506666245286	61653.6445593395
1.2589	14265.5750255293	208773.612853771	209260.431173276	86.0910352057806	61656.4766113324
1	16522.0940899564	260370.780181774	260894.4667209	86.3691059698905	61661.7157073191
0.79433	19411.5470605163	325965.792779169	326543.268528743	86.5920111810159	61664.927767311
0.63096	23163.2295476019	407877.838607034	408535.024728383	86.7496853157002	61668.5898343018
0.50119	28148.1260837003	510682.35111618	511457.506293116	86.8451258204469	61672.4919062919
0.39811	34844.9147958564	639745.49576402	640693.73919017	86.8823605454232	61676.813985281
0.31623	44286.1042282003	801700.029051966	802922.284912827	86.8381806983189	61681.7360762686
0.25119	57228.536624816	1003624.1152806	1005254.4305682	86.7364208874026	61687.2431782547
0.19953	75833.6619617416	1256957.40201874	1259242.88950791	86.5474656466976	61693.5402982388
0.15849	102523.170573929	1574198.72607517	1577533.71744671	86.2737481712688	61700.97243522
0.12589	140739.832955652	1971111.04350964	1976129.157324	85.9159395063747	61709.5995931982
0.1	197274.109984538	2460272.63822312	2468169.06407555	85.415612565551	61719.9117861722
