Frequency (Hz)	Z' (Ω)	-Z'' (Ω)	Z (Ω)	-Phase (°)	Time (s)
10000	114.810475290699	48.8890697702894	124.786162612208	23.0654747866187	30766.0306553232
7943.3	116.907284905004	59.1193331422025	131.005377046282	26.8254580741477	30767.2326743202
6309.6	116.210269279879	71.9329267595088	136.671769719612	31.7570691495372	30768.5297003169
5011.9	117.624392501793	89.0151527672682	147.509983165872	37.1175107974952	30769.8217253137
3981.1	117.614070814871	112.216069595581	162.559268973276	43.654546198655	30771.1287483104
3162.3	119.911303189388	139.608259468748	184.035830056189	49.3403006442354	30772.4357713071
2511.9	119.957685745274	172.896712746695	210.435547491328	55.246651418819	30773.7277983038
1995.3	121.216459618994	217.992519096785	249.427681833283	60.9234071887421	30775.0498193005
1584.9	120.676627595826	273.450523574061	298.894692644132	66.1876215667589	30776.3068452973
1258.9	126.744351482143	345.354173416125	367.877201969032	69.8469553278862	30777.5888682941
1000	129.915935859131	430.997905798473	450.152579902441	73.2255886284362	30781.4819412842
794.33	135.873472261792	540.411299581899	557.230628358019	75.8868826147423	30782.7989632809
630.96	144.570681764229	677.524418518009	692.777034632313	77.9548253011569	30784.0859892777
501.19	157.516750593546	849.555739949466	864.035000447687	79.4960291561585	30785.3930132744
398.11	176.160630504616	1064.23788087331	1078.71907131815	80.6011951815051	30788.1690642673
316.23	203.822252911044	1331.86786035293	1347.37355927108	81.2992504719489	30789.4010872642
251.19	243.934601804953	1663.53555614549	1681.32526196391	81.6578149393912	30790.7681122608
199.53	301.939599027934	2072.55766131947	2094.43614869376	81.7112031878453	30792.1251382574
158.49	384.38837886537	2576.82135716772	2605.33351656989	81.5156634527207	30793.457162254
125.89	500.137493781715	3192.30855951774	3231.24920918466	81.0958777032068	30794.8341872505
100	658.206007812456	3936.42566869476	3991.0753179913	80.507443916657	30796.2012132471
79.433	867.41912048899	4832.88446228048	4910.11080896776	79.8247381654009	30797.5932382436
63.096	1130.98488018013	5904.13250987605	6011.48130608183	79.1558910447458	30799.0802642398
50.119	1456.82138754817	7177.78671285764	7324.13480559263	78.526951698946	30800.8022982354
39.811	1833.09804545091	8708.02685114053	8898.87521456619	78.1124178559098	30802.3343262316
31.623	2252.4802012182	10560.8861436999	10798.4250331737	77.9600653286968	30803.9913572274
25.119	2700.72874881758	12801.9109179223	13083.6867482032	78.0873891321018	30805.5433862235
19.953	3175.35373139885	15558.2345856741	15878.965165979	78.4646587735808	30807.4304222187
15.849	3661.53377493456	18953.6796358425	19304.1135855324	79.0661031277449	30809.3474562139
12.589	4198.74506858725	23190.7283464015	23567.7606358257	79.7376120382683	30811.284490209
10	4747.46050578341	28508.8170205583	28901.401854679	80.5455173199532	30813.5465342033
7.9433	5337.18826471557	35120.0059546252	35523.2374203975	81.3588759543393	30815.8885771974
6.3096	5974.43939000525	43393.4324750788	43802.7842493382	82.1607609056331	30818.2006191915
5.0119	6675.3949606344	53793.1078817577	54205.7132916714	82.9261080087438	30820.5976641855
3.9811	7472.42442576261	66825.0464792356	67241.5345136526	83.6196499447748	30822.9947061794
3.1623	8396.2370911144	83111.6478441247	83534.6802511148	84.2313460092358	30825.5167541731
2.5119	9520.6857790316	103556.842207838	103993.572040593	84.7471751837128	30828.0888011666
1.9953	10663.9538312268	129072.025305413	129511.804974511	85.2769396343629	30830.6608511601
1.5849	12131.3454493623	161200.248351327	161656.084361032	85.6962402247052	30836.1069511463
1.2589	13634.7698342337	201289.653027749	201750.914160169	86.1248717231146	30838.9240031392
1	15986.5377324231	251527.390032529	252034.912909395	86.3632956639644	30843.9330981266
0.79433	18557.1398093371	314697.041005932	315243.707400787	86.6252750280702	30847.1151531185
0.63096	21846.2374240437	393665.805299679	394271.510956387	86.8236645518157	30850.6322201096
0.50119	26191.3816661255	492974.706063538	493669.980140592	86.9587769491118	30854.4092891001
0.39811	32081.0377642483	617617.86178954	618450.496147844	87.0265471235233	30858.7113700892
0.31623	40156.9944236962	774172.49903946	775213.288373043	87.0306797228714	30863.5084600771
0.25119	50871.388850378	970102.688891005	971435.600128555	86.9982058418104	30868.9405610634
0.19953	66905.0611728112	1216200.46544503	1218039.35049704	86.8512446725178	30875.1376730478
0.15849	88290.437527094	1523691.86904709	1526247.72339189	86.6837001581789	30882.4098090294
0.12589	120605.149116062	1906429.31539489	1910240.38712156	86.3801597009641	30890.9219670079
0.1	166396.473838015	2388790.89827524	2394579.24115874	86.0153730219025	30901.1391559821
