Frequency (Hz)	Z' (Ω)	-Z'' (Ω)	Z (Ω)	-Phase (°)	Time (s)
10000	114.155921513192	49.1050671854607	124.269393012981	23.2753378040746	54094.4755964246
7943.3	113.858937288637	59.1097598964794	128.288040422782	27.4360402242786	54095.7626194213
6309.6	115.154285885253	72.0656912212679	135.8454026051	32.0390973295937	54097.1446424178
5011.9	115.411614498415	89.8210907108131	146.245236153561	37.8924568702835	54098.5266704144
3981.1	115.177664080355	110.848125988971	159.853687283947	43.9026299748234	54099.8836934109
3162.3	115.743053987122	140.120418510686	181.74208711764	50.4424213307561	54101.2557214075
2511.9	116.0217347477	174.809557886076	209.808065770101	56.4276267578502	54102.637747404
1995.3	116.849596716832	218.482164238289	247.766592467856	61.8610406999	54104.0097704005
1584.9	118.840852972745	274.853545845907	299.445520920513	66.6173666366746	54105.3617953971
1258.9	121.076373060919	344.094741181709	364.774833318438	70.6145951425089	54106.7388223936
1000	126.870358137206	432.230875723287	450.466000606463	73.6417429231639	54110.7418983835
794.33	132.481820701756	542.066823814163	558.02139232867	76.2660658997546	54112.14392338
630.96	140.789853102881	679.765750480802	694.192522477345	78.298615242458	54113.5059453765
501.19	152.7963225971	851.900123861506	865.494388909857	79.8315802496998	54114.922972373
398.11	170.687553446982	1068.69386275999	1082.2387967554	80.9255872932685	54117.9240303654
316.23	196.694546918485	1336.76623734024	1351.15976778479	81.6294454097844	54119.2110513621
251.19	234.820440452117	1670.55729488627	1686.98023543605	81.9986908760614	54120.6230793586
199.53	290.190442751336	2084.08286153567	2104.18912334679	82.0730277426122	54122.0151043551
158.49	368.59836341817	2592.64823568085	2618.71908143917	81.9084504567793	54123.4621313514
125.89	479.037784597309	3215.24507275491	3250.7350056482	81.5258656236889	54124.9341593477
100	631.022528816138	3971.01523790235	4020.83964508984	80.9707888162206	54126.3511853441
79.433	832.902730873467	4884.00587890843	4954.51716964515	80.322064888927	54127.8532123403
63.096	1086.36601404951	5974.60058821396	6072.56480452605	79.6944573250182	54129.3852423364
50.119	1405.75619249164	7276.8838856418	7411.42291047015	79.0662247127573	54131.1672723319
39.811	1768.45259941223	8847.70755951429	9022.71320917684	78.6968480270669	54132.7893053278
31.623	2177.79130795945	10744.7082562925	10963.1897955779	78.5422213276822	54134.5113353235
25.119	2619.45510825795	13045.127044641	13305.5208344131	78.6460276674888	54136.1433683194
19.953	3088.43703582322	15879.6683815861	16177.2158059843	78.993942964054	54138.1054043144
15.849	3585.46824071352	19379.9365183513	19708.8183806258	79.5182673499165	54140.1324413093
12.589	4100.38002991605	23743.2021797204	24094.6626068267	80.2018350204569	54142.1594763042
10	4652.31565362755	29201.0138291103	29569.2957235859	80.9476963404695	54144.5265212982
7.9433	5224.31763633826	35997.2603422152	36374.3899867829	81.7422628954796	54146.8935642922
6.3096	5895.40585504755	44566.8316197161	44955.069689812	82.4645290391219	54149.2806092862
5.0119	6591.37876729489	55221.2073621033	55613.2000210594	83.1931985854496	54151.75765428
3.9811	7417.36350311896	68625.8108409017	69025.4967016437	83.8311808657428	54154.2947042735
3.1623	8351.09176395142	85446.4709089217	85853.5970384418	84.4179381750027	54156.8367492671
2.5119	9579.75944702549	106358.399137518	106788.954757309	84.8532257612949	54159.5087992604
1.9953	10796.7013804911	132593.606787229	133032.45213686	85.3448461190988	54162.2808512534
1.5849	12317.8589329394	165735.64159655	166192.757195107	85.7494591033676	54167.9069552392
1.2589	13970.3892419101	207135.100029782	207605.687397813	86.1414848531723	54170.7290072321
1	16362.6061927408	258462.279718533	258979.699819734	86.3775804378253	54175.9481042189
0.79433	19158.2611550848	323321.881567784	323888.990351662	86.608935009154	54179.1351622108
0.63096	22763.9902710992	404780.470224665	405420.064042671	86.781198077527	54182.7422302017
0.50119	27653.3816722586	506867.291813398	507621.080165274	86.8771848807107	54186.6293031919
0.39811	34193.7083395043	634872.354300705	635792.510136229	86.917074636207	54190.8813791812
0.31623	43174.8150844651	795075.656333549	796247.049571803	86.8917329443509	54195.7884701688
0.25119	56001.3625340788	996568.426975817	998140.662557501	86.7836923036155	54201.2155721551
0.19953	73476.3096809665	1248253.74229155	1250414.40060053	86.6312696482251	54207.5276861391
0.15849	98922.948218079	1562080.59698125	1565209.74350068	86.3764297288708	54214.9248231205
0.12589	136300.098563686	1957552.33944748	1962291.74144538	86.0170480700238	54223.5419850987
0.1	185872.554896385	2450161.99808385	2457202.15357181	85.6617751430062	54233.8141740728
