Frequency (Hz)	Z' (Ω)	-Z'' (Ω)	Z (Ω)	-Phase (°)	Time (s)
10000	117.697618857382	48.5499808414484	127.317831132967	22.416028108473	20672.6057678067
7943.3	118.077520367788	58.5536842600435	131.798462648964	26.3764398437158	20673.7977898037
6309.6	117.953239432386	71.6491012493552	138.009276508625	31.2760225137525	20675.0998128004
5011.9	118.686506240587	89.9561256495339	148.924784053802	37.1595990633523	20676.3768347972
3981.1	119.974593263231	111.353223217438	163.687028654046	42.8656280478183	20677.628858794
3162.3	119.709568902066	138.570429022821	183.117843713515	49.1766025874599	20678.9108847908
2511.9	121.543456355786	174.497844527555	212.655377377751	55.1415267246835	20680.1679087876
1995.3	123.501523162115	217.15337742521	249.816363656463	60.3718347994037	20681.4449327844
1584.9	123.250178228699	272.598058349043	299.166020545573	65.6707740808179	20682.6669537813
1258.9	126.620894013523	344.303379632329	366.848290205948	69.8085137894207	20683.9439757781
1000	132.079883829161	430.530478303366	450.334973614586	72.9448217872199	20687.9070507681
794.33	138.106678211507	539.785636643477	557.173211930742	75.6484781561391	20689.2190767647
630.96	147.033858607307	676.499704271236	692.293872178588	77.7377571608167	20690.4860967615
501.19	160.283026540127	847.752412192006	862.771580995936	79.2935694930417	20691.7631227583
398.11	179.400515777238	1062.64720334425	1077.68438043635	80.4174460230804	20694.5441757513
316.23	207.70697152329	1328.99622904531	1345.12942233677	81.1171814697022	20695.7311947483
251.19	248.748843806299	1659.7073589399	1678.24447105129	81.4762320255488	20697.043218745
199.53	307.874243015351	2067.63836886768	2090.43415919422	81.5308044618227	20698.3252427418
158.49	392.626170973731	2569.323095235	2599.14918345243	81.3116689981641	20699.6322687385
125.89	511.109269829	3180.0676861453	3220.87925482634	80.8693499512536	20700.999293735
100	672.202511138558	3922.54737038581	3979.72789131388	80.2757444557568	20702.3313157316
79.433	885.218041379626	4808.27692210294	4889.08354811121	79.5684852700879	20703.7083417282
63.096	1159.04192401618	5872.5853688993	5985.86978614113	78.8353168177447	20705.1403687245
50.119	1488.54327723248	7136.4298211697	7290.02000550576	78.2179608954623	20706.7474007205
39.811	1864.45099772653	8646.50874964627	8845.24115446453	77.8315954614952	20708.2394277167
31.623	2289.98800199541	10467.8034964446	10715.3607073892	77.6600979146337	20709.8314587127
25.119	2748.35341096795	12678.3937411201	12972.8606839992	77.7689720098172	20711.3584837088
19.953	3225.11395656681	15399.7269777694	15733.8155265238	78.1716849377279	20713.2005207042
15.849	3726.04179712709	18750.1235231241	19116.7601754677	78.7605520242777	20715.0975526994
12.589	4250.6131576154	22938.5751185593	23329.0792935658	79.5019329637492	20717.0195906946
10	4808.46737989477	28149.3044690879	28557.0429252912	80.3062916875544	20719.2916326888
7.9433	5394.75190168226	34657.6914140569	35075.0470025729	81.1524465452606	20721.5586716831
6.3096	6047.38645555756	42867.8644062761	43292.3166589377	81.9702484373829	20723.9257176771
5.0119	6738.44386002598	53070.2569049988	53496.3437406454	82.7637541235993	20726.2527606712
3.9811	7525.02943476863	65891.7733101706	66320.0713053977	83.4848838827955	20728.6898066651
3.1623	8404.51003717023	81963.2155547486	82392.9881302959	84.1453516931386	20731.096848659
2.5119	9568.61144424907	102000.366459087	102448.197069343	84.6407910868632	20733.6788966525
1.9953	10720.3299727983	127301.332436589	127751.926462408	85.1863517836231	20736.3359466458
1.5849	12180.7558362621	158991.64167305	159457.558411742	85.6189820236834	20741.7720506321
1.2589	13792.7135292035	198681.241917323	199159.42065669	86.0288227916701	20744.5190986251
1	15883.7562505259	248045.893838229	248553.936123796	86.3360356399641	20749.5381916125
0.79433	18364.4753871244	310138.215960649	310681.455763775	86.6112536855896	20752.6802486045
0.63096	21566.9479124677	388287.925489928	388886.418281136	86.8208470836015	20756.1673155957
0.50119	25847.9616330884	486251.716781174	486938.239608706	86.9571592820653	20759.9393845862
0.39811	31404.3174657684	609248.752125179	610057.598200021	87.04924503229	20764.1814615755
0.31623	38952.9915065295	763268.489083862	764261.815071033	87.0784757336572	20768.9335525635
0.25119	49631.3009188888	956673.432500347	957959.979583123	87.0302122847827	20774.3606495498
0.19953	64122.8165955422	1199241.46455075	1200954.54781019	86.9393390809808	20780.5327645342
0.15849	85488.9886019179	1502806.14044538	1505235.74995165	86.7441675988711	20787.754898516
0.12589	114722.19592614	1882278.63154088	1885771.46785965	86.5122184703805	20796.2920574944
0.1	156214.315077736	2360567.28753901	2365730.50689094	86.2138806325344	20806.5142454686
