Frequency (Hz)	Z' (Ω)	-Z'' (Ω)	Z (Ω)	-Phase (°)	Time (s)
10000	114.707517969622	48.340229503978	124.477276911284	22.8516102461371	44474.5244787126
7943.3	115.619587777898	58.7573260710962	129.693147255189	26.9394613642474	44475.7864967094
6309.6	115.684990614593	72.9879493350348	136.785444407042	32.248638299759	44477.1135247061
5011.9	115.762016733706	89.649872490347	146.417021400486	37.7553659436643	44478.4505477027
3981.1	115.823993028688	111.376768494651	160.685973007667	43.8786364105351	44479.7875746993
3162.3	118.406050818791	138.931018570011	182.542654717748	49.5602050462764	44481.114595696
2511.9	117.88566231364	174.664330079466	210.724126718405	55.9835257591141	44482.4416216926
1995.3	118.571502634881	218.809583363437	248.871121283235	61.5470215952183	44483.7836466892
1584.9	122.400130633797	275.62116212546	301.577215635664	66.054553451798	44485.085669686
1258.9	124.170839215467	344.2825903954	365.990299544728	70.1673771654443	44486.3726956827
1000	128.114244231365	431.642089492088	450.253431964787	73.4687609804287	44490.4107726725
794.33	133.892889435313	541.590816664766	557.895974655621	76.1136865057488	44491.792795669
630.96	142.226647701516	678.928974918507	693.666326341639	78.1683868868094	44493.1698206655
501.19	154.59299291056	851.017777043636	864.945229654073	79.7041156836192	44494.5368476621
398.11	172.688323309461	1067.1217351736	1081.0041880989	80.8077268936423	44497.4279016548
316.23	199.278719824163	1334.98471921025	1349.77635506761	81.5099112686213	44498.6999246516
251.19	237.993274995348	1668.17908834217	1685.07040497574	81.88060239796	44500.0669486481
199.53	293.816494203252	2079.93876208332	2100.58881894639	81.9594796428882	44501.3889716448
158.49	373.951380045528	2588.19818820585	2615.07351637961	81.7786107677224	44502.7609996413
125.89	486.14546112214	3206.62453436116	3243.26661157183	81.3792295443132	44504.2230246376
100	640.059164563458	3958.1992808437	4009.61560264987	80.8145180707228	44505.5350486343
79.433	844.115441112994	4865.6065528128	4938.28492542707	80.1579348316051	44506.9970776306
63.096	1103.40032017404	5948.99007588019	6050.45247807808	79.4923632123593	44508.4741046269
50.119	1422.26080348116	7255.65767642041	7393.74019766162	78.9094493434459	44510.2411356224
39.811	1789.57291274234	8805.52449505196	8985.53464424801	78.5120675658516	44511.8381646184
31.623	2203.74563904344	10680.4199581197	10905.4053259567	78.3414819618107	44513.5051976142
25.119	2651.77344838146	12974.8464657624	13243.0564157844	78.4490774716062	44515.0872266102
19.953	3116.93597571647	15770.1065282711	16075.184284783	78.8196817069777	44516.9992606054
15.849	3599.54039787619	19250.3821892564	19584.0216888254	79.4088304733718	44518.9712986004
12.589	4125.97849900893	23560.6247653046	23919.1709284784	80.0669846018045	44520.9583335954
10	4682.47656332666	28968.2678213616	29344.2690714258	80.8180387867217	44523.2803795895
7.9433	5269.73689688369	35727.5106033583	36114.0573859467	81.60948429407	44525.6174205836
6.3096	5927.47598194399	44147.0860608314	44543.2394329261	82.3528288733749	44527.9544655777
5.0119	6631.90162023747	54777.1414265368	55177.1451052274	83.0967639261613	44530.4165095715
3.9811	7442.17157420631	67979.4533017323	68385.6124410854	83.7523231553828	44532.8435555654
3.1623	8391.46579060875	84631.3970029409	85046.3994345695	84.3374539602659	44535.4306025588
2.5119	9571.37782390778	105469.484816681	105902.896565411	84.8145998493123	44538.0526495522
1.9953	10783.3363262463	131534.899858529	131976.172937081	85.3133268820924	44540.7547005454
1.5849	12301.659885861	164185.521777794	164645.72997012	85.7150991364646	44546.455809531
1.2589	14001.3383634615	205181.981976805	205659.143253827	86.0962659732866	44549.2628595239
1	16309.9328616701	255899.548196519	256418.783783744	86.3531470647024	44554.2819545113
0.79433	19057.2668676728	320318.708864577	320885.111323563	86.5952179663907	44557.4790095032
0.63096	22605.905470787	400724.540033693	401361.662279009	86.7712193782959	44560.9810774943
0.50119	27326.3239254999	501839.678983008	502583.118877912	86.8831911885461	44564.8181484847
0.39811	33707.4240590158	628588.778438471	629491.892573259	86.9305128780103	44569.0602244739
0.31623	42388.951036985	787843.227426255	788982.746434567	86.9202394712897	44573.8173134619
0.25119	54468.8410243462	986729.75785315	988231.991829586	86.8404007922205	44579.2844164481
0.19953	71767.082423616	1236230.0581555	1238311.45953139	86.6775270544147	44585.5165314324
0.15849	95325.5797816949	1548562.58151528	1551493.80760285	86.4774621767965	44592.8836674138
0.12589	130330.643273202	1936559.41879353	1940940.09672992	86.1497942000877	44601.500825392
0.1	179810.051866085	2425766.53532924	2432421.62025322	85.7607007702323	44611.7180173662
