Frequency (Hz)	Z' (Ω)	-Z'' (Ω)	Z (Ω)	-Phase (°)	Time (s)
10000	115.238587898981	48.7339134468532	125.119648580056	22.9232972166931	40962.9384565785
7943.3	114.590661289351	59.5976142872967	129.162282743331	27.4785524178614	40964.1754795754
6309.6	115.257586950119	71.8979503324893	135.844126157804	31.9560105497924	40965.527503572
5011.9	115.619954041126	89.5137843585609	146.22137792629	37.7472893175845	40966.8795315686
3981.1	115.849729256563	111.453714392595	160.757862080599	43.8920462501668	40968.1815515653
3162.3	116.604109597643	140.007416187331	182.204815969588	50.2110339932107	40969.493578562
2511.9	118.742270874737	174.605572757294	211.155944577442	55.7819460397777	40970.8206025586
1995.3	117.649100208946	218.202598781336	247.898537500533	61.6676217683347	40972.1526245553
1584.9	120.93238635331	273.779523591008	299.298963591299	66.1682570948357	40973.454651552
1258.9	120.807310420372	346.014321958183	366.49736322542	70.7538817154545	40974.7666735487
1000	128.435399137853	431.452867691819	450.163557822258	73.4227220000108	40978.7697495386
794.33	134.21501900715	541.055776158883	557.454055722964	76.0683474018787	40980.1167725351
630.96	142.731540062856	678.81343472705	693.656955342227	78.1256122283063	40981.4288005318
501.19	155.148577973725	850.83261784412	864.862546786914	79.6657093002315	40982.7658245285
398.11	173.369817507682	1066.48990906108	1080.48962038132	80.7667007388179	40985.6818785211
316.23	200.156916640999	1334.07234813412	1349.00401086702	81.4672995576629	40986.913903518
251.19	239.038561586241	1667.42661785967	1684.47349634008	81.8417894718133	40988.2659265146
199.53	295.254051804689	2077.9099956608	2098.78176692436	81.9128739702263	40989.5979485112
158.49	375.642814151805	2585.03073635406	2612.18135505924	81.731957168784	40991.0149765076
125.89	488.181618853955	3202.84236369464	3239.83340615902	81.3336014100658	40992.4020005041
100	643.198928693142	3954.55042432959	4006.5164320688	80.7618634658186	40993.7840255006
79.433	847.864378835248	4859.12467789341	4932.54160045411	80.1021585442202	40995.211052497
63.096	1109.24264805687	5940.37387906429	6043.05064312203	79.4230014477962	40996.6980814933
50.119	1427.60261638657	7231.21661987045	7370.78985142057	78.8321546659379	40998.3551124891
39.811	1796.4869297038	8782.57421871633	8964.42832510012	78.439548012234	40999.9121394852
31.623	2204.60688520393	10654.2186033993	10879.9202923233	78.3091569873688	41001.584172481
25.119	2658.81219982502	12946.9509226458	13217.14116242	78.3949686390629	41003.161199477
19.953	3124.2782489287	15728.3264060832	16035.6280236548	78.765000097732	41005.133239472
15.849	3617.49713150615	19196.7873842117	19534.6597454648	79.3281675692415	41007.0802714671
12.589	4144.64776289489	23514.6582130604	23877.128302112	80.0038304885674	41009.097309462
10	4685.96195034911	28884.127458229	29261.7678622351	80.785012410752	41011.4093544561
7.9433	5280.88655770177	35628.1827216155	36017.4286544741	81.5688809658007	41013.7263954503
6.3096	5932.66038320009	44044.0647660813	44441.8282740613	82.3285299840907	41016.1634434441
5.0119	6636.89730207238	54593.0296888083	54994.975192297	83.0685422466804	41018.6404874379
3.9811	7455.02560960161	67829.6644740279	68238.118302742	83.7279073792324	41021.1275354316
3.1623	8339.76233616103	84337.3218092471	84748.6606724859	84.352621506935	41023.5995794254
2.5119	9536.33147760252	105135.270704616	105566.882895081	84.8171491411113	41026.1866254188
1.9953	10696.2358944596	131203.349415174	131638.627917759	85.3393197450652	41028.883679412
1.5849	12245.9131311392	163761.971053161	164219.199704638	85.7234534843891	41034.3497783982
1.2589	14120.9572622515	204671.2934001	205157.841127441	86.0532268791064	41037.1168293912
1	16129.836068623	255301.967027516	255810.996596549	86.3848895314933	41042.1209243786
0.79433	18858.9514926657	319534.970833381	320091.014614425	86.6223217916313	41045.2529823707
0.63096	22314.5792719616	399943.659545051	400565.689067814	86.8065327085568	41048.7400433619
0.50119	26887.4453987166	500789.61346424	501510.888888499	86.9267345165553	41052.5571163523
0.39811	33074.566949553	627557.221654453	628428.192739279	86.983093569457	41056.8641963414
0.31623	41757.1708947008	786101.465098505	787209.740000177	86.9593452236407	41061.5912813294
0.25119	53313.7060918255	985409.977244162	986851.141008402	86.9031416588627	41067.0683833156
0.19953	69879.8282401868	1234011.6398714	1235988.63980742	86.7589060198832	41073.3555002997
0.15849	94038.212431902	1545643.02006668	1548501.05937265	86.5183685598329	41080.6776372813
0.12589	127116.568578751	1934628.363873	1938800.02277418	86.2407308576286	41089.2147952597
0.1	172750.797159843	2423344.23281234	2429493.79678652	85.9225039868937	41099.4569842338
