Frequency (Hz)	Z' (Ω)	-Z'' (Ω)	Z (Ω)	-Phase (°)	Time (s)
10000	119.956617019313	48.1072350776711	129.243553160444	21.852691132995	1489.41857823958
7943.3	119.636696432299	58.8191474697414	133.314032428328	26.1809481200207	1490.51559723681
6309.6	119.424907059554	71.2160816924571	139.0468939524	30.8086889796681	1491.7076192338
5011.9	120.543392870675	89.3415880671535	150.042090505081	36.5442549298742	1492.88964323082
3981.1	121.425585636819	110.993559612619	164.51061705168	42.4300303033818	1494.05666422787
3162.3	122.851768114837	138.476379438935	185.116894397722	48.4215978670447	1495.2336842249
2511.9	123.36009346188	174.112413171779	213.384266241502	54.6821108151795	1496.4207062219
1995.3	124.811802194135	218.585053153671	251.708981621914	60.273685083328	1497.6077282189
1584.9	127.212994118832	270.577011623145	298.990075239278	64.8192263080256	1498.74975021602
1258.9	129.154933338306	340.321056818049	364.004695738085	69.2177911826117	1499.90177321311
1000	135.338087183031	429.2276263887	450.058610736023	72.4996191898132	1503.72484520346
794.33	141.835908750924	538.187857289389	556.564097606865	75.2357767811008	1504.91686620045
630.96	151.360631485483	674.533657018092	691.307236483088	77.3527234741068	1506.07888619752
501.19	165.291185224197	845.132165108205	861.144327283936	78.9337648416716	1507.27090719451
398.11	185.61028898224	1058.27713644489	1074.43086185108	80.0521238350013	1509.98696018765
316.23	215.572762243121	1323.03667298759	1340.4841117638	80.7456734288152	1511.07898018489
251.19	258.951944082211	1650.63806443	1670.82678009696	81.0841134211631	1512.29100018183
199.53	321.627529297457	2056.23617861794	2081.23797050201	81.1100759349402	1513.48802417881
158.49	410.532632064018	2551.54509230725	2584.3605398757	80.8596912835551	1514.70504517574
125.89	534.160677325795	3154.51694133637	3199.42256702351	80.3891570695063	1515.97207017254
100	702.869030700478	3882.91594559301	3946.01838754691	79.7396632681959	1517.21909416939
79.433	925.018569023304	4755.67261444305	4844.7994147128	78.9929248473264	1518.50611516614
63.096	1207.15711475048	5794.02542468005	5918.44227153831	78.2310620119306	1519.83314016279
50.119	1546.69144175125	7021.6926667471	7190.02241458513	77.5776460909827	1521.42017115878
39.811	1934.11138606865	8489.44985980358	8706.98258731688	77.165632942645	1522.82219715524
31.623	2367.67908947508	10260.7135374055	10530.3440858993	77.0063262744142	1525.02624014968
25.119	2828.87359071581	12402.6876246182	12721.2100881208	77.1514588452413	1526.46326614605
19.953	3321.22954293005	15023.8364524001	15386.5599607351	77.5344455555107	1528.21529814163
15.849	3834.7141394606	18279.4595062561	18677.3572105969	78.1521465938439	1530.01732813708
12.589	4372.73312701977	22304.208177263	22728.8032552271	78.907862718196	1531.84936513245
10	4935.49328350632	27342.4210052545	27784.2955710617	79.7679018159072	1534.00640312701
7.9433	5515.85654108465	33643.3227782839	34092.4895093571	80.6891348599625	1536.1884451215
6.3096	6188.84409190158	41503.0958631334	41961.9918190057	81.5186832955752	1538.37048311599
5.0119	6869.77760530614	51386.9022724665	51844.0697621858	82.3854294925187	1540.67252811018
3.9811	7630.23566195486	63762.7614070556	64217.6785512375	83.1760915295618	1542.95456810441
3.1623	8516.08324014922	79300.3184573452	79756.2798855959	83.8704815233291	1545.35661409835
2.5119	9646.0324812295	98671.5870288925	99141.9589751445	84.4165652615162	1547.8336590921
1.9953	10721.8979956387	123104.322996062	123570.358245607	85.0223260333452	1550.38570508565
1.5849	12063.978292925	153733.32186367	154205.946135326	85.5130000459402	1555.61180607246
1.2589	13429.2449471099	191705.32529838	192175.119012861	85.992890918004	1558.31885506562
1	15549.1046830142	239682.819070899	240186.653280769	86.2882136723125	1563.17794605336
0.79433	17941.656936517	299819.349843058	300355.698454253	86.5754152318701	1566.1700000458
0.63096	20920.8326090856	375432.298613032	376014.749815645	86.8105115093802	1569.51206003736
0.50119	24733.483947298	470042.608852708	470692.892834841	86.9878933104454	1573.18412802809
0.39811	29722.8841824647	588859.249632321	589608.909126774	87.1104270666137	1577.25620301781
0.31623	36542.4675512795	737649.335377672	738553.920792421	87.1639384371693	1581.92829100602
0.25119	45922.1121072754	925386.214974455	926524.952305734	87.159038554197	1587.2403879926
0.19953	58401.5716550646	1159698.79769712	1161168.39646622	87.117062472625	1593.3825009771
0.15849	76875.8735916746	1453309.2165225	1455341.05238934	86.9720402930523	1600.55963795898
0.12589	103046.291369369	1822325.68658087	1825236.8191929	86.7635660070347	1608.95179193779
0.1	140886.246848286	2283802.65766678	2288144.11996204	86.4699354121562	1619.04397691231
