Frequency (Hz)	Z' (Ω)	-Z'' (Ω)	Z (Ω)	-Phase (°)	Time (s)
10000	110.587943974887	48.6366498508203	120.810666173579	23.739924582577	84002.7883669133
7943.3	110.566823617812	58.9028279858348	125.277953486083	28.0457947095732	84004.1953929098
6309.6	110.600874192196	71.4598986511493	131.677904324569	32.8667486942434	84005.692418906
5011.9	111.581124454513	89.1963423376687	142.850743158557	38.638336305893	84007.1544469023
3981.1	112.21865797034	111.259216184629	158.024176576504	44.754017584618	84008.6464748986
3162.3	111.963131682205	140.067784790488	179.317392330475	51.3629206412463	84010.0935008949
2511.9	111.920970354216	175.041917505291	207.764232939547	57.4053449103449	84011.5705298912
1995.3	113.266371211635	221.947125562227	249.178244220451	62.9633961864585	84013.0375568875
1584.9	114.529571312687	273.156122437857	296.194682481562	67.2525504692187	84014.4845838838
1258.9	114.982218471389	346.494872276891	365.074796553777	71.6418885847145	84015.9216078802
1000	122.987442809484	433.478751276683	450.588214334561	74.1601959407036	84020.1396898695
794.33	128.33239149145	543.53651677161	558.48110780055	76.7153950549596	84021.7367168655
630.96	136.217968142839	681.783100130136	695.257887742399	78.7012718539647	84023.1737448619
501.19	147.729266963389	854.487913043299	867.164073203355	80.1913030771821	84024.6857708581
398.11	164.700079924702	1071.93243033051	1084.51152668908	81.2649390779623	84027.7918298502
316.23	189.424302590714	1341.48308846496	1354.79092226419	81.962678956651	84029.2388548466
251.19	225.985156759664	1678.0551866833	1693.2036205461	82.3300731033831	84030.7408828428
199.53	278.314786873777	2093.23551652549	2111.65670700432	82.4264230635308	84032.3479148387
158.49	353.800600623902	2606.59580812529	2630.497400101	82.2703202543776	84033.9049418348
125.89	459.689494232345	3234.33326624218	3266.83732503294	81.9108400387426	84035.4919728308
100	605.104340874279	3999.67054032261	4045.18425964374	81.397044404297	84037.0440018269
79.433	798.833745255822	4923.29721400484	4987.68391239734	80.7837434887699	84038.6610298228
63.096	1049.33098681264	6033.49255673815	6124.06139356063	80.1339355804603	84040.2780618187
50.119	1352.57246766702	7361.18697840766	7484.41888267681	79.5883905983283	84042.2300958138
39.811	1707.400226649	8965.4562989109	9126.58874835731	79.2175876065474	84043.9771278094
31.623	2106.8539316569	10916.2732388029	11117.7270569817	79.0761594086618	84045.8041638047
25.119	2536.68258359511	13263.6599110554	13504.052457172	79.17289267224	84047.5911948002
19.953	3000.01089715882	16166.1280509904	16442.1337284456	79.4869930478356	84049.653233795
15.849	3471.39961241835	19762.5517959287	20065.1207012533	80.0373208562732	84051.7952737896
12.589	4004.68326154598	24255.0652132243	24583.4431380771	80.6246417604384	84054.037314784
10	4538.88044330581	29829.908863188	30173.2480595763	81.348309582681	84056.5343617777
7.9433	5135.24218784252	36799.618575276	37156.1924800375	82.0558994460159	84059.0614077713
6.3096	5776.05489536677	45575.1151764927	45939.6771158099	82.7770111570115	84061.5834557649
5.0119	6488.03538313777	56578.2185403062	56949.0071584	83.4582541498183	84064.2105027583
3.9811	7313.116668394	70297.3875828647	70676.7598039203	84.0608193720434	84066.8925547515
3.1623	8241.95205717097	87539.4316485784	87926.5708820083	84.6213828394012	84069.6046027447
2.5119	9522.06840798167	109029.108606905	109444.124147359	85.0087316644576	84072.4216547375
1.9953	10714.9703426534	136078.905330875	136500.106466966	85.4977703752501	84075.2987117303
1.5849	12457.3408090535	169832.470409964	170288.735228095	85.8048240685999	84079.8027937189
1.2589	14360.8907023738	212219.450333988	212704.796095024	86.1286964626216	84083.1198547105
1	16655.2726225371	264904.939752903	265428.00381953	86.402398558948	84088.4589566971
0.79433	19628.0735963295	331348.40157766	331929.246227525	86.609933491049	84091.8060136886
0.63096	23567.2504302517	414754.227059098	415423.259045798	86.7478245315674	84095.4780836793
0.50119	28850.5902580637	519224.2374706	520025.15836752	86.8196419142438	84099.4101546694
0.39811	35841.9144945803	650393.62252504	651380.462599149	86.8457326573018	84103.8722376581
0.31623	45958.7349193594	814346.287339608	815642.128031155	86.7698616241376	84108.8793316455
0.25119	59993.8756488106	1020567.28282452	1022329.12698758	86.6357489289464	84114.5164346313
0.19953	79362.9786083654	1278183.89582358	1280645.36617923	86.4470419487748	84120.948552615
0.15849	107552.332131361	1599297.73749681	1602910.09021383	86.1526675247756	84128.4306915961
0.12589	146560.806643439	2000807.35558689	2006168.02492079	85.8105188429989	84137.197856574
0.1	206498.998445048	2504872.6157631	2513369.98023743	85.2872546313673	84147.5950485478
