Frequency (Hz)	Z' (Ω)	-Z'' (Ω)	Z (Ω)	-Phase (°)	Time (s)
10000	113.69215602022	49.2866425412998	123.915614324911	23.4371955972087	53482.0092569709
7943.3	113.965657291092	58.4495823429664	128.080149585554	27.151932901581	53483.3112779676
6309.6	114.284277034673	71.7363451573079	134.933313877138	32.1165297494187	53484.7133029641
5011.9	114.186923297269	90.130387577853	145.472128660546	38.2848511942489	53486.0903289606
3981.1	114.585872752421	112.054031729983	160.268612839127	44.3599636775625	53487.4623539571
3162.3	115.378379531895	139.268433283736	180.853164121373	50.3595977633959	53488.8343819537
2511.9	116.996772243113	173.350310251298	209.137693349449	55.9839850719302	53490.2314059502
1995.3	116.940556052919	218.584740393579	247.899944297884	61.8536834440261	53491.6284329466
1584.9	119.895594117181	272.950039746214	298.121917487077	66.286114525587	53492.9554579433
1258.9	120.996789342233	345.521809715185	366.094993164322	70.7004767442579	53494.3124839398
1000	127.03775271972	432.287068969683	450.567087806551	73.6233306425287	53498.3805599296
794.33	132.660721247241	542.140559141696	558.135514752743	76.2500228928926	53499.782584926
630.96	140.81685653759	679.645777414235	694.080521151637	78.2944238820234	53501.1546089226
501.19	153.024800773	852.311567151598	865.939719121389	79.82150631777	53502.561634919
398.11	170.6875282998	1068.13912777017	1081.69100421086	80.9209543130376	53505.5126909116
316.23	196.73109318896	1337.04354876726	1351.43944530544	81.6296240054345	53506.8347149082
251.19	234.845913518489	1671.70337487476	1688.11870929269	82.0032492478299	53508.2417419047
199.53	289.65304185859	2083.15863447059	2103.19965315405	82.0840555183531	53509.6087669012
158.49	368.231098758268	2592.25322604579	2618.27632805201	81.9151906149484	53511.0407928976
125.89	478.089664575926	3215.86824337974	3251.21181809992	81.5440101817208	53512.4928178939
100	629.773020269519	3970.31247503901	4019.94965223568	80.9868052541814	53513.9198468903
79.433	830.297661559627	4882.10722740118	4952.20811220957	80.3480830784003	53515.4168718866
63.096	1084.86089192927	5974.183772698	6071.88561361342	79.7077272652389	53516.9288998827
50.119	1404.1184442827	7279.86069354706	7414.03536024926	79.0830149248985	53518.7359328782
39.811	1766.11732233664	8850.79582160027	9025.28432083524	78.7152283242163	53520.3229638742
31.623	2172.94989319735	10757.2373636464	10974.5098722529	78.5799875195079	53522.0549968698
25.119	2607.71709142992	13054.1427862368	13312.0559010393	78.7031993746121	53523.6720258657
19.953	3081.67420456928	15884.7944977913	16180.9583195857	79.0209145901113	53525.6040618608
15.849	3578.75498244138	19401.9474206124	19729.2435469928	79.5490668341681	53527.5960988558
12.589	4086.88818351995	23770.8647159851	24119.6323431818	80.244599894394	53529.6181378507
10	4639.61556577247	29219.4023681626	29585.4610805839	80.9775882366516	53531.9751788448
7.9433	5223.38222589364	36041.157119332	36417.6980104201	81.7536385134025	53534.3472248388
6.3096	5855.683813304	44550.3337330583	44933.5205458939	82.511983351111	53536.7342698327
5.0119	6579.85358190139	55296.1847559192	55686.2866576684	83.2141166009559	53539.2313128264
3.9811	7391.81488076542	68691.5474404644	69088.1148751149	83.8581042566612	53541.6933608202
3.1623	8316.88567735376	85507.4546613474	85910.973629872	84.4445988834747	53544.3054108136
2.5119	9509.29413774406	106413.567867888	106837.606213223	84.8935172525798	53546.922456807
1.9953	10704.6933477716	132817.603736031	133248.288251111	85.3920953263174	53549.6895098
1.5849	12314.0232924979	165839.830969277	166296.376104733	85.7534376423993	53554.0285897891
1.2589	14062.0768661818	207223.324639892	207699.899568104	86.1178871170596	53556.9156437818
1	16351.153142386	258525.325278767	259041.896263091	86.3809896382753	53561.969735769
0.79433	19125.146311664	323657.430203188	324221.997013118	86.6182842258294	53565.151794761
0.63096	22779.200868878	404926.777732235	405566.994856381	86.7802131824016	53568.728858752
0.50119	27598.1605560831	507031.138774437	507781.679615346	86.8844136746322	53572.5709297423
0.39811	34107.5762956632	635226.756894404	636141.776206647	86.9265378254325	53576.8530097315
0.31623	43348.2830696957	795970.711398435	797150.20356845	86.8827714512685	53581.7351017191
0.25119	55872.030362953	996700.21107782	998264.992143594	86.7915280496677	53587.1872027054
0.19953	73303.9993255349	1249044.42852006	1251193.61440751	86.641274231753	53593.5443206893
0.15849	99016.3062216709	1563292.61830444	1566425.24218136	86.3758236300054	53600.9364556706
0.12589	134496.391407214	1958065.02206311	1962678.75871947	86.070615453911	53609.528616649
0.1	184814.342455711	2448086.38433213	2455052.6035769	85.6827366144704	53619.825806623
