Frequency (Hz)	Z' (Ω)	-Z'' (Ω)	Z (Ω)	-Phase (°)	Time (s)
10000	115.678886480376	48.3967996385579	125.39479651323	22.7030658682238	25872.1300396792
7943.3	116.500782226551	59.5287036514725	130.828509193612	27.0657860179764	25873.367062676
6309.6	116.92493573556	72.5477236024416	137.603098790184	31.8181159092973	25874.6690846727
5011.9	118.512616499104	89.5606106411445	148.54744443402	37.0785341674681	25875.9461116695
3981.1	118.778383952826	112.010960624957	163.262854913696	43.3204002737868	25877.2131346663
3162.3	118.332468962031	138.976604891893	182.529641203634	49.587065898018	25878.5001586631
2511.9	119.290695628784	174.409251399562	211.302761546921	55.6290431181706	25879.7921826598
1995.3	120.940864870981	218.298120455462	249.561139182622	61.0128028860602	25881.0742056566
1584.9	122.874170690022	275.830885339184	301.961486169609	65.9884991306455	25882.3262266534
1258.9	124.272087368702	343.841732274912	365.61002250046	70.1290116047527	25883.5682506503
1000	130.879140853727	430.587455760029	450.038783404835	73.093096846513	25887.5663276402
794.33	136.939857437485	540.167666183027	557.25544604303	75.7744405343122	25888.8633476369
630.96	145.844922699378	677.503669394526	693.023782795536	77.8514387302136	25890.1753736336
501.19	158.870687069073	849.257029985903	863.989234996754	79.4041356542248	25891.4723976303
398.11	177.661927564824	1063.71809896769	1078.45257409749	80.5179956745452	25894.2984506232
316.23	205.498120274248	1330.20273806962	1345.98246712361	81.2180106703448	25895.4954706202
251.19	245.872124696113	1661.28170303633	1679.37786056203	81.581255021246	25896.8074956168
199.53	304.678963039446	2071.2417610115	2093.53091763097	81.6318235469957	25898.0795186136
158.49	388.079625726367	2574.09480496382	2603.1845614258	81.426454653376	25899.4115456103
125.89	504.355967484486	3187.19037615243	3226.84945973249	81.0078110713915	25900.8035686068
100	664.655511609993	3931.16180861554	3986.95373871217	80.4035528609225	25902.1455936034
79.433	875.91382941905	4824.41898266459	4903.28905499788	79.7095618537832	25903.5576225998
63.096	1145.55596937361	5892.6689427383	6002.98640242339	78.998714935244	25904.9946485962
50.119	1471.59967336926	7165.73580817506	7315.28367674302	78.3947417001721	25906.6266795921
39.811	1847.23528552912	8685.53338767383	8879.79551726844	77.9932583623788	25908.1237055883
31.623	2269.99495227909	10523.3280456801	10765.3755271412	77.8272019650827	25909.7257375842
25.119	2720.85829159046	12751.1927815514	13038.2509254579	77.954829753186	25911.2827635803
19.953	3192.94137133809	15486.0966997818	15811.8330877794	78.3499428047991	25913.1498005756
15.849	3692.75845204496	18885.5205510101	19243.1637593139	78.9363273447887	25915.0868365707
12.589	4218.27755584444	23088.9421223344	23471.112327	79.6464267616569	25917.0238695658
10	4778.01361331523	28360.2377362783	28759.9113097946	80.4368535266831	25919.2909115601
7.9433	5370.18149701522	34938.5589041905	35348.857797848	81.2618180509475	25921.5729565543
6.3096	6007.01092325278	43146.8678937813	43563.0163013938	82.0740904547582	25923.8699985485
5.0119	6712.18505026252	53487.0315941205	53906.5485530229	82.8472395336132	25926.2820445424
3.9811	7508.35379674009	66406.8234435832	66829.9452087479	83.5491912680254	25928.6640885364
3.1623	8384.62777660602	82647.2750395438	83071.4996518916	84.2071200546956	25931.1111325302
2.5119	9555.58621883969	102848.582569955	103291.529975281	84.6919295556656	25933.7081785237
1.9953	10640.1561146388	128410.399833455	128850.470342687	85.263261139295	25936.3802305169
1.5849	12179.9291042409	160223.930869027	160686.211904155	85.6528408849281	25941.911332503
1.2589	13596.3269204158	200215.509113786	200676.63091506	86.115096335257	25944.6133834961
1	15936.5560891632	249972.809177602	250480.296925976	86.3521499366455	25949.6524784834
0.79433	18448.5202967925	312636.191642749	313180.038038861	86.6229181355413	25952.7495314756
0.63096	21761.8893713164	391345.411099989	391950.01035595	86.8171810395234	25956.2665974667
0.50119	26042.4043596493	490016.415716859	490707.952347248	86.9578214980287	25960.0536694572
0.39811	31729.2798560091	613985.35023683	614804.649873131	87.0417240668059	25964.2657444465
0.31623	39621.0818984544	769236.729528809	770256.43534279	87.0514714744931	25969.0328334345
0.25119	50522.8807891198	964397.782356159	965720.272178599	87.0011295878428	25974.359931421
0.19953	65118.3467749442	1208582.0700404	1210335.08546594	86.9158881509863	25980.5470474054
0.15849	86772.4783707252	1513823.08955922	1516307.95338058	86.7193904353244	25987.839184387
0.12589	116784.377861655	1897036.04194512	1900627.35309985	86.4772317919128	25996.4113403654
0.1	160401.823586983	2372617.92457319	2378033.75943573	86.1323800925222	26006.5935283397
