Frequency (Hz)	Z' (Ω)	-Z'' (Ω)	Z (Ω)	-Phase (°)	Time (s)
10000	117.500578454115	47.8066625397072	126.853706765853	22.1395991242072	14636.1189980474
7943.3	118.801480880348	58.5708728279707	132.455045216081	26.2439734284068	14637.2660200445
6309.6	119.179687829772	71.5425346250399	139.004072788451	30.9760289314027	14638.5230430413
5011.9	118.802751852297	89.514531496815	148.751286370144	36.9969966340125	14639.7650660381
3981.1	120.147057946413	111.073857693097	163.623706705371	42.7528438562677	14641.007087035
3162.3	120.763563490815	137.973171328271	183.358758376524	48.805364675923	14642.2791130318
2511.9	120.237149677937	173.610213784234	211.181150893924	55.2947049979504	14643.5161360287
1995.3	125.810475899902	216.056727199137	250.017569810928	59.7876293910335	14644.7631590255
1584.9	125.089289333204	273.20386034992	300.479083491655	65.3988217257623	14645.8851790227
1258.9	128.470670703729	344.528658605753	367.701930688085	69.5501082163183	14647.1072020196
1000	132.71213897552	429.969426934976	449.984688550899	72.8469059715767	14651.0302740097
794.33	138.975148411436	539.255516278871	556.875752491677	75.5483919270906	14652.2922960065
630.96	148.073497085936	675.881546490614	691.911573415131	77.6427591523406	14653.5243210034
501.19	161.498149162196	847.301658248616	862.555361848542	79.2086968172425	14654.7763420002
398.11	181.118465098068	1061.58003120179	1076.91970965614	80.3178689681997	14657.5623969932
316.23	209.76683280753	1326.87579247878	1343.35456704933	81.0164143317395	14658.7294149903
251.19	251.71641164922	1657.04571747819	1676.05538742202	81.3624202753404	14660.031440987
199.53	311.81823391618	2063.46041832843	2086.88751709591	81.4068087041018	14661.2934629838
158.49	397.659947582083	2563.23108162043	2593.8941789703	81.1814279050458	14662.6004869805
125.89	517.975352168284	3172.87778910721	3214.87976914592	80.7281987301482	14663.9325109771
100	681.305329455501	3910.51530869395	3969.4214857425	80.116904641316	14665.2595389738
79.433	897.948843137027	4794.22168605588	4877.58892281213	79.3915176144751	14666.6065609704
63.096	1172.5208280917	5848.84462230998	5965.21487527761	78.6641488324526	14668.0135899668
50.119	1501.53546863968	7109.4278670861	7266.26268179753	78.0741983891711	14669.6656209627
39.811	1884.19972005	8594.60725414028	8798.72050004756	77.6346440307832	14671.132643959
31.623	2313.14088358854	10412.6812972175	10666.5154827972	77.4753258208666	14672.699673955
25.119	2766.83122576179	12593.9473004093	12894.2957790388	77.6092337529383	14674.1817029513
19.953	3249.19218835579	15281.1302526554	15622.745971035	77.9960981356765	14675.9937369467
15.849	3754.65269439904	18610.7931650432	18985.7588494002	78.5939102386718	14677.8707699419
12.589	4288.81881771145	22767.4019457684	23167.8345602548	79.3318982303245	14679.7828069371
10	4842.50398484297	27908.0092376088	28325.0211729785	80.1562400101245	14682.0048479315
7.9433	5437.99896807891	34364.3225539426	34791.9314980965	81.0077667590283	14684.2968899257
6.3096	6041.7314539311	42454.2157351789	42881.9653543367	81.9005267350137	14686.54893092
5.0119	6750.35926710838	52557.352308064	52989.0803078238	82.6811161308627	14688.9159759141
3.9811	7559.5773464179	65271.0216667814	65707.332003985	83.3935359650917	14691.2630169081
3.1623	8424.55254499847	81222.1159889515	81657.8545597796	84.0783196472956	14693.6500619021
2.5119	9574.13664524653	100975.928075292	101428.803321189	84.5836340968095	14696.1021068959
1.9953	10666.4737707541	126090.070206136	126540.426217436	85.1646284150664	14698.6991578894
1.5849	12075.5635493889	157322.289506044	157785.050022044	85.6107627799657	14702.7582328791
1.2589	13580.2598608345	196658.467290609	197126.802375981	86.049708361393	14705.4502818723
1	15715.7800697951	245496.480357495	245998.999207558	86.3371334459991	14710.5593798594
0.79433	18117.5063016396	306965.659915266	307499.854311843	86.622248237858	14713.7064348515
0.63096	21267.1109252718	384525.781977793	385113.446938355	86.8343461235275	14717.1184978428
0.50119	25361.4753707508	481623.144377423	482290.428717985	86.9856834284578	14720.8655678334
0.39811	30745.2326592585	603530.955522179	604313.563975513	87.0837442605753	14725.0326438229
0.31623	38115.6654227425	755929.408392319	756889.737295321	87.1134621845858	14729.7797308109
0.25119	48248.406523597	947799.661970613	949026.926890736	87.0858336704172	14735.1618327973
0.19953	62875.6085304325	1187470.79330298	1189134.23426276	86.9690656870599	14741.2889437818
0.15849	81631.9968219549	1489129.03618594	1491364.83441081	86.8622650444991	14748.5110767636
0.12589	109944.424306724	1863468.75507582	1866709.29112703	86.6234704025414	14756.9932367422
0.1	152574.852366858	2335412.28344691	2340390.91163196	86.2621205253191	14767.1054227166
