Frequency (Hz)	Z' (Ω)	-Z'' (Ω)	Z (Ω)	-Phase (°)	Time (s)
10000	108.942219554054	48.7628340416818	119.357535099969	24.1134192917902	84688.7640701814
7943.3	110.498985959482	59.024891684413	125.275551231797	28.1096536705143	84690.3710961774
6309.6	110.280751992043	72.3062380050136	131.871286921635	33.2510932283558	84691.8681271736
5011.9	111.138618919326	89.7916554219689	142.878738791721	38.935607136254	84693.3501531698
3981.1	111.674483362027	111.436861277633	157.763634230408	44.9389778344573	84694.8071801662
3162.3	112.40222292516	138.218010653588	178.152962892995	50.8811582262798	84696.2542051625
2511.9	113.211535980718	174.639351168114	208.124373525864	57.0463115190064	84697.7362331588
1995.3	115.150416044282	220.767775754888	248.994034319965	62.4538741365332	84699.223262155
1584.9	117.52504946273	275.186272644565	299.23171941361	66.8739059489342	84700.6352871515
1258.9	120.163730134827	343.55964153122	363.967786114342	70.7221589690379	84702.1073171477
1000	122.826134949176	433.192153372184	450.268476766677	74.1699884744842	84706.2903931372
794.33	128.249622717597	543.500659171116	558.427195117362	76.7228146489761	84707.8474201332
630.96	136.09558734769	681.641399034602	695.094961694704	78.7088755919521	84709.2994471296
501.19	147.717015563447	854.882601745012	867.550908853937	80.1965410313678	84710.7814751258
398.11	164.585557340997	1071.98622130113	1084.54730848623	81.2713506030681	84713.8575361181
316.23	189.522223011917	1342.11677882609	1355.4320790884	81.9623256882977	84715.2845601145
251.19	225.727546010536	1676.98291334763	1692.10656185946	82.333872060111	84716.8165881106
199.53	278.540073017361	2093.13281738207	2111.58460959496	82.4199961940626	84718.2886141069
158.49	353.563701516749	2604.6865660932	2628.57364336946	82.2698397211843	84719.825642103
125.89	459.769476781256	3234.50500904518	3267.01861416767	81.909875115567	84721.3476720992
100	605.784141799439	3997.62315057018	4043.2617130765	81.3831796122821	84722.9097010952
79.433	800.231535958337	4923.39187037269	4988.00140541221	80.7680688684953	84724.5117290912
63.096	1048.79244325618	6036.11347306262	6126.55135036991	80.1430974183514	84726.1237590871
50.119	1357.57560735228	7363.4521472892	7487.55227394746	79.5538687080778	84728.0157930823
39.811	1709.63155153613	8962.43288595086	9124.03656706731	79.2002711524983	84729.737825078
31.623	2115.53390113437	10910.5633018181	11113.7696237518	79.0266432337845	84731.5398610734
25.119	2546.70669707894	13258.0449139851	13500.4248059901	79.1266312866427	84733.271893069
19.953	3005.65704506161	16165.2981961119	16442.3489818744	79.4671208620181	84735.3239290639
15.849	3492.02515944702	19750.591431084	20056.9215382576	79.9733781084407	84737.4509700585
12.589	4012.73111738254	24213.1601825048	24543.4133128228	80.5901692651577	84739.623011053
10	4546.34368777623	29814.8738683484	30159.5083632493	81.3299959217228	84742.0550560469
7.9433	5114.70059549943	36804.9912037779	37158.6805429333	82.0884139477713	84744.5671010405
6.3096	5792.04995522294	45602.3167058768	45968.6755478869	82.7614957991689	84747.1891500339
5.0119	6507.23649730165	56529.6009371031	56902.8989502287	83.4334692369047	84749.7811990274
3.9811	7310.8956228017	70239.8411414338	70619.2925366812	84.0577806343549	84752.3632470209
3.1623	8292.90706992024	87446.0318038061	87838.3787754681	84.5825811511646	84755.1102970139
2.5119	9522.57594918081	108858.489235407	109274.197006078	85.0006831033399	84757.857349007
1.9953	10724.8851676852	135845.732306984	136268.434158028	85.4859184507706	84760.639398
1.5849	12395.8338894898	169734.673547348	170186.70953409	85.8230671858892	84766.4155059854
1.2589	14371.201403651	211952.387114702	212439.04027604	86.1210589399391	84769.327560978
1	16623.4507091808	264722.879288948	265244.306126468	86.4067911797155	84774.471655965
0.79433	19657.1366712672	331222.895052932	331805.679923293	86.603642143451	84777.8587189565
0.63096	23582.0118104321	414777.994671123	415447.826019617	86.7459779753908	84781.5807879471
0.50119	28821.9804238533	519143.418433457	519942.877110869	86.8222956607316	84785.5228599371
0.39811	35934.7957475447	650270.459860919	651262.604878515	86.8369774590713	84789.8899409261
0.31623	45889.5367117374	814473.581339146	815765.324268587	86.7752178529616	84794.7820299138
0.25119	59456.2775917419	1020092.81990515	1021824.06028	86.6642799878206	84800.4141368995
0.19953	79554.9505315071	1277372.79643005	1279847.74532504	86.4362141017561	84806.8662538832
0.15849	107300.489699389	1599484.98807176	1603080.04234244	86.1620974118852	84814.3283918644
0.12589	146109.625122382	2000625.07009449	2005953.31292729	85.8229910774851	84823.0455538424
0.1	206526.173801689	2500076.78735721	2508592.63395783	85.2776365648947	84833.4377468162
