Frequency (Hz)	Z' (Ω)	-Z'' (Ω)	Z (Ω)	-Phase (°)	Time (s)
10000	115.694396121189	48.0988751072121	125.294433557225	22.5746468134387	28013.9206992716
7943.3	116.730523236398	59.3994965645993	130.974483191082	26.9697237321671	28015.1277192686
6309.6	116.391191196529	72.8847159684121	137.328406420315	32.0549935028389	28016.4197412653
5011.9	118.473067286329	89.5280818158097	148.496279771075	37.0777211118001	28017.7117672621
3981.1	118.48891614512	111.049837852725	162.393625910507	43.1437615678966	28018.9887912589
3162.3	119.473275762851	139.589482969576	183.736461752206	49.4401041534684	28020.2758122556
2511.9	119.551743881718	173.668291398856	210.839500337479	55.4568134785817	28021.5828382523
1995.3	122.996938170135	216.615638484342	249.099541619826	60.4115738886028	28022.8648612491
1584.9	121.287141198807	274.291091297164	299.910275557821	66.1457508858978	28024.1268842459
1258.9	123.696653413828	342.337047228455	363.999335124225	70.1336905486432	28025.4039092427
1000	130.476979537455	430.76372961009	450.090694123765	73.1486043664435	28029.3619832327
794.33	136.529291538376	540.527642148477	557.503703462643	75.8244326173937	28030.6740072294
630.96	145.230743410391	677.270074319017	692.666386076025	77.897038152304	28031.9760302261
501.19	158.099357477955	848.597535133191	863.199388014768	79.446411183965	28033.2880542228
398.11	176.994271997152	1064.24275916216	1078.86033514486	80.5575590489909	28036.0441092158
316.23	204.63859979206	1331.11255619856	1346.75075414656	81.2600587746066	28037.2361282128
251.19	244.94197318411	1662.60173617873	1680.54785810219	81.619214410637	28038.5631532094
199.53	303.259939316754	2071.52977756077	2093.60985145642	81.6713916031478	28039.8501772062
158.49	386.332875730779	2576.41253005397	2605.21680784719	81.4720401436578	28041.1822002028
125.89	502.218738100111	3188.867976289	3228.17326534689	81.0499316968315	28042.5592261993
100	662.445821012323	3934.32230285196	3989.70255138088	80.442408437093	28043.896250196
79.433	871.448165579017	4827.62571274101	4905.64898128771	79.7675704222489	28045.3032761924
63.096	1137.28120781901	5893.06390256239	6001.80062192524	79.0769772368944	28046.7553041888
50.119	1461.29550086761	7167.9848396821	7315.4214644659	78.4773396639691	28048.4723371844
39.811	1839.98837769782	8692.60294589866	8885.20698718432	78.0484507874192	28049.9843651806
31.623	2257.06796782507	10537.365808667	10776.3831593464	77.9101245233686	28051.6213931765
25.119	2704.79606817402	12768.9605230084	13052.2900139614	78.0400622069535	28053.1834251725
19.953	3182.15735933312	15516.7258249201	15839.6624264945	78.4105203020987	28055.0404581678
15.849	3693.50726820392	18921.5371584285	19278.6556683308	78.9546843121635	28056.952492163
12.589	4214.30874965688	23152.5427224353	23532.9690594201	79.6837619954682	28058.9895311579
10	4756.30898346381	28437.9274360334	28832.9358894179	80.5050330341938	28061.2465711522
7.9433	5370.34906804041	35030.359638515	35439.6211254622	81.2840975166367	28063.5536141463
6.3096	6012.30571059768	43302.0360215404	43717.4352354809	82.0952595592877	28066.5856701387
5.0119	6680.96224689632	53632.2353984326	54046.7568904679	82.8992486781753	28069.0127151326
3.9811	7483.5186174549	66617.5688280478	67036.5835007833	83.5905201924828	28071.4097611265
3.1623	8400.33208750425	82889.8232177821	83314.3947481798	84.2132110091081	28073.9368071201
2.5119	9619.07110180031	103224.317885969	103671.530961422	84.6762045088925	28076.5338551136
1.9953	10657.8005602148	128723.56174456	129164.019993909	85.2669322666569	28079.1809031069
1.5849	12164.3386765079	160637.035287882	161096.952924371	85.6695066505053	28083.2299810967
1.2589	13689.0700429566	200760.93625267	201227.095997755	86.0992720713494	28086.0620310895
1	15961.6237689556	250669.57189629	251177.243610983	86.3565556179218	28091.0461260769
0.79433	18492.713863492	313550.034206942	314094.897152455	86.6246902967256	28094.1631810691
0.63096	21774.3821817866	392617.348808963	393220.68397425	86.8256535960885	28097.6602450602
0.50119	25987.6939358959	491395.711798406	492082.417700499	86.9727058998962	28101.4523160507
0.39811	31772.5182004115	615787.978505242	616607.109417632	87.0463562377842	28105.7243950399
0.31623	39552.2445571331	771699.26296592	772712.192547556	87.0659613630567	28110.5014850278
0.25119	50847.1077538835	967613.464004873	968948.524995237	86.9919315895963	28115.9235840141
0.19953	65368.0825536125	1212459.33392308	1214220.17057613	86.9139643319463	28122.1957009983
0.15849	88006.6825974542	1519355.88149481	1521902.5825639	86.6849218703897	28129.4778369799
0.12589	117863.569826469	1905039.00963153	1908681.59977251	86.459658683689	28137.9899939584
0.1	162060.095424991	2384905.27405627	2390405.12063344	86.1125889371854	28148.1921829326
