Frequency (Hz)	Z' (Ω)	-Z'' (Ω)	Z (Ω)	-Phase (°)	Time (s)
10000	110.286362638557	48.4525506255024	120.460497451074	23.7175177589367	77229.5609560141
7943.3	111.035011037639	58.104465992328	125.319203015269	27.6229995462506	77230.9379820106
6309.6	110.990148157406	72.4281276275365	132.531681720386	33.1270028014106	77232.380007007
5011.9	111.926018149281	89.2596526316831	143.159767835387	38.5719391205871	77233.8270340033
3981.1	111.271138172455	111.03599893818	157.194972090055	44.9393969942993	77235.2590609997
3162.3	113.341055374327	138.684742915976	179.107936035891	50.7423533129252	77236.6910899961
2511.9	112.783349297324	174.626936545463	207.881338378353	57.1434786287075	77238.1281149925
1995.3	117.123092760994	220.097478489523	249.320514389303	61.9806856648874	77239.6251409887
1584.9	115.117592723268	274.633118541084	297.784166728188	67.2580967787103	77241.0121699852
1258.9	119.960288120988	344.381874930797	364.677044118383	70.7949803628683	77242.4091949817
1000	123.405971254918	432.945314062192	450.189603067174	74.0904215809455	77246.5972719711
794.33	128.889962055213	543.185594829376	558.268047400831	76.6514261718081	77248.0842979673
630.96	136.804884437349	681.173109780682	694.775058485983	78.643953123091	77249.5463259636
501.19	148.579330347007	854.407731394168	867.230297483024	80.1350599710051	77251.0433549599
398.11	165.471322495509	1071.06529905409	1083.77194713936	81.2176767865341	77254.0844119522
316.23	190.639648089473	1341.17939256025	1354.66070971737	81.9099845223981	77255.4514339487
251.19	227.325362980889	1676.18408022296	1691.52886213842	82.2766246477639	77256.938461945
199.53	280.195199112193	2091.84403549256	2110.52619468021	82.3708408797519	77258.3854919413
158.49	355.955428845892	2602.5577710927	2626.78724285007	82.2118994948953	77259.9025169375
125.89	462.706994628998	3230.13027006558	3263.10271436137	81.8479993112277	77261.4145449337
100	609.848463534349	3993.2425376366	4039.54219099957	81.3168738687221	77262.8415729301
79.433	805.34838555926	4916.45057510617	4981.97473694766	80.6971770727105	77264.4336029261
63.096	1055.198284498	6024.76292838784	6116.47053151439	80.0657750417609	77266.1406319217
50.119	1364.73581903402	7349.30219142258	7474.94124101342	79.4802299662238	77268.0776699169
39.811	1720.41883123461	8941.89954148633	9105.89964610308	79.1093891247158	77269.6796999128
31.623	2116.94134642761	10872.6640282769	11076.834553969	78.9821801041392	77271.4467299083
25.119	2556.16803789267	13219.557304128	13464.4231348791	79.056197883431	77273.1937649039
19.953	3016.57272885481	16118.6628498768	16398.5061239269	79.3998386936137	77275.2208018988
15.849	3493.46650667361	19693.0492882162	20000.5124559688	79.9406122037485	77277.2878388936
12.589	4008.46546645832	24156.2015544319	24486.5242313834	80.5782259705262	77279.3848768883
10	4554.40621331233	29705.2198651497	30052.3327412823	81.2832858447042	77281.866925882
7.9433	5139.17114674285	36693.0300972195	37051.1745804498	82.0271016628518	77284.3289708758
6.3096	5771.38282495709	45384.5112070348	45750.0023739199	82.7528030474095	77286.8760168694
5.0119	6513.97352586622	56308.6989441098	56684.2255647378	83.4011699962664	77289.398062863
3.9811	7315.42470759752	69972.8611794278	70354.2233294349	84.0316028993371	77291.9651118566
3.1623	8283.25569073193	87162.5109735662	87555.2148307289	84.5713522340194	77294.6371608498
2.5119	9486.86711929264	108495.77866352	108909.754547252	85.0027690209708	77297.2942088431
1.9953	10704.6538186059	135234.481950475	135657.490474317	85.4741181060144	77300.121261836
1.5849	12380.9372501023	169018.201272669	169471.059383717	85.8104469841665	77304.470343825
1.2589	14130.7640641798	211230.350600965	211702.478747992	86.1727630588428	77307.3473958177
1	16608.9647705081	263630.12664519	264152.799314538	86.3950723425555	77312.5414958046
0.79433	19536.857521755	329804.419734595	330382.572298084	86.60989112475	77315.7935507964
0.63096	23411.1671157207	412710.722563386	413374.192789671	86.7533552242623	77319.4256207872
0.50119	28582.7055574563	516900.733632508	517690.38960252	86.8349778051636	77323.4026917772
0.39811	35537.3182800473	647745.968627908	648720.078974163	86.859727056011	77327.7897757661
0.31623	45165.7877505956	810985.758812282	812242.481885468	86.8123503227301	77332.7318667536
0.25119	58949.6167949442	1015930.25362641	1017639.099855	86.6791212303904	77338.3139697395
0.19953	78420.1642146265	1272821.89348319	1275235.38795219	86.4743911715991	77344.7760917232
0.15849	105185.097270711	1593193.54634506	1596662.01207501	86.2227260098988	77352.2032277045
0.12589	144290.881260211	1994322.99701166	1999535.96487396	85.8618146125705	77360.9503896824
0.1	203664.611562053	2491498.70191522	2499809.00383368	85.3268146783771	77371.5075836557
