Frequency (Hz)	Z' (Ω)	-Z'' (Ω)	Z (Ω)	-Phase (°)	Time (s)
10000	116.321590191329	48.8582776113899	126.165936907674	22.7837496450087	26398.9357943491
7943.3	116.417996670325	59.0365512734923	130.531468753705	26.8899517773052	26400.1178153461
6309.6	118.824293115168	72.1924764544466	139.035845345527	31.2810468872772	26401.4248413428
5011.9	118.077368051066	88.6175830150263	147.632451938224	36.8883887752479	26402.7018633396
3981.1	118.352798430689	112.1620320054	163.057371253052	43.4616193831966	26403.9938873363
3162.3	120.194863906288	140.00291870721	184.51997874482	49.3533542892031	26405.2709103331
2511.9	118.869991048196	173.769317732132	210.537052693555	55.6252265454839	26406.5829343298
1995.3	121.024372475121	218.73836921527	249.986745448538	61.044959980448	26407.8699593265
1584.9	123.7941772491	271.680878129304	298.5556863667	65.5031314819065	26409.1269823234
1258.9	123.566873884493	341.22611351062	362.910502552831	70.0933575182117	26410.3840053202
1000	130.796910962519	430.756882984271	450.176992032758	73.1093813117186	26414.3270813102
794.33	136.787704777361	540.29813862337	557.344556605819	75.7928984471122	26415.6291013069
630.96	145.570145485583	677.232863212864	692.701247488546	77.8689436665935	26416.9211273037
501.19	158.458019398669	848.802859962177	863.466987783389	79.4255099642444	26418.2581503003
398.11	177.436517632558	1064.25975081608	1078.94973701126	80.5345405773996	26421.1092082931
316.23	205.085640236629	1330.57601668743	1346.28847429333	81.2377847433475	26422.3162292901
251.19	245.654111002281	1662.23749037671	1680.29146777165	81.593380460507	26423.6382502867
199.53	303.581536922922	2071.41822197978	2093.5460825858	81.662240770583	26424.9352752835
158.49	386.854848287206	2574.43379696781	2603.33748265826	81.4542212922566	26426.2722992801
125.89	502.97108763748	3188.97652695411	3228.39762180304	81.0370417070234	26427.6493262766
100	662.108823204054	3932.6381828655	3987.9858539238	80.443165447782	26429.0163512731
79.433	872.406359839319	4825.64296467567	4903.86815475415	79.7524378859728	26430.4133752696
63.096	1137.91946110695	5898.44000917146	6007.20028314027	79.0807163473354	26431.860405266
50.119	1460.68670924908	7171.64044656279	7318.88190623078	78.487726105781	26433.4824322619
39.811	1841.12507594155	8692.14765423837	8884.99703929846	78.0406715724212	26435.004463258
31.623	2263.4278542461	10538.7040186647	10779.0253754408	77.8785582660206	26436.606491254
25.119	2707.04635518091	12767.7685081463	13051.5904259485	78.0293136083309	26438.1435182501
19.953	3184.32635242405	15506.7046333439	15830.2818327569	78.3955432785077	26439.9955542454
15.849	3689.13404121061	18901.8396567577	19258.4852048077	78.9562267941239	26441.9125892406
12.589	4203.57662336176	23123.2528014807	23502.2313100194	79.6967153767654	26443.8446262357
10	4757.61442825444	28393.9976930649	28789.8245920622	80.4880486758767	26446.0866682301
7.9433	5371.36633095848	35009.2932048004	35418.9523696148	81.2773068744705	26448.3987102242
6.3096	5963.69510465452	43242.9445053596	43652.2383022324	82.1477905567953	26450.6807512184
5.0119	6685.70764756897	53615.5359700565	54030.772566244	82.8920660807066	26453.0327942125
3.9811	7482.33963507738	66581.6161768787	67000.7240195197	83.5880899353824	26455.4798422063
3.1623	8385.7113086015	82779.0318895409	83202.6939150461	84.2155354932278	26457.9918862
2.5119	9551.36083591461	103173.423475779	103614.592628308	84.7108735225138	26460.5939361934
1.9953	10663.9513386632	128665.78972982	129106.952969047	85.2620964321006	26463.1859881869
1.5849	12200.5953701523	160566.871967097	161029.732970915	85.654757961355	26467.3050621765
1.2589	13553.836146722	200562.994000905	201020.449300312	86.1338897419717	26471.6441421655
1	15940.5014537921	250549.649590786	251056.221784413	86.3596271913258	26476.608233153
0.79433	18480.5697056988	313462.970435135	314007.269486974	86.6259670337675	26479.780290145
0.63096	21738.1981860012	392370.086249481	392971.797771543	86.8289248581151	26483.2673541362
0.50119	26017.8781182508	491476.340241871	492164.528383873	86.9696925978773	26487.0544271266
0.39811	31699.5981543881	615458.295759227	616274.109745008	87.0515473149539	26491.241504116
0.31623	39513.7329603467	771540.024765499	772551.192418734	87.0682093080442	26496.0385931039
0.25119	50599.5243879471	966455.975379951	967779.656851651	87.0029730811667	26501.4756920902
0.19953	65900.2116408666	1211265.34975393	1213056.71153859	86.8858309114984	26507.6528060746
0.15849	86684.1554826754	1516965.39636125	1519440.07995353	86.729496319721	26514.8349400565
0.12589	117826.695942011	1901720.10501001	1905366.75946546	86.4546024951802	26523.327098035
0.1	161900.402199902	2380932.94835618	2386431.11042421	86.1099483740761	26533.5292850093
