Frequency (Hz)	Z' (Ω)	-Z'' (Ω)	Z (Ω)	-Phase (°)	Time (s)
10000	113.419953702906	48.6622304748888	123.418388308877	23.2214955152441	45655.3463417313
7943.3	114.672446260422	59.4495401358042	129.16662786381	27.4035403400331	45656.6033627282
6309.6	114.151964078693	73.0354489508696	135.516964644572	32.611477059397	45657.9653867247
5011.9	114.808706358474	90.4669873177214	146.16878890533	38.2374100297021	45659.3074117213
3981.1	115.773100616835	111.494640368176	160.731035140276	43.9214977856456	45660.634437718
3162.3	116.463609365079	139.964373860479	182.081844939296	50.2363384996666	45662.0014607145
2511.9	117.507142837693	175.048153426329	210.831175673442	56.1271433325597	45663.3634877111
1995.3	117.683521853077	218.366856846839	248.059459575545	61.6786292242434	45664.6905127077
1584.9	123.446557247667	274.140970724591	300.653162840711	65.7578095320806	45666.0025347044
1258.9	124.044055776993	345.700732308234	367.281804738616	70.2610395765166	45667.3145617011
1000	127.680683950161	431.748864219465	450.232649647689	73.5255207298571	45671.312637691
794.33	133.419681375238	541.569582925928	557.761978382207	76.1603523678356	45672.6146596877
630.96	141.801958145285	679.349981770966	693.991493511303	78.2098309370003	45673.9416836844
501.19	154.09932514893	851.358007506626	865.191920302663	79.7403085585945	45675.293708681
398.11	172.08733641125	1067.12272201058	1080.90931866849	80.8391826674697	45678.2047656736
316.23	198.610770464288	1335.38343983742	1350.07228307837	81.5404459949399	45679.4867866704
251.19	237.28052786458	1668.71502902135	1685.50048857466	81.9071612816925	45680.8738106669
199.53	292.771235074156	2080.7441564561	2101.24040526377	81.9907729451112	45682.2258346635
158.49	372.81553112499	2588.95172884859	2615.65717833131	81.8055961235529	45683.59786566
125.89	484.372288918195	3208.6970121408	3245.05054351903	81.4156685759349	45685.0298876564
100	637.222361439669	3962.04676268078	4012.96235810753	80.8632706839624	45686.4369156528
79.433	840.48266530311	4869.07796001862	4941.08604371691	80.2063204464047	45687.8989426491
63.096	1102.06275030231	5955.8240315436	6056.92844602907	79.5165931225715	45689.4009716454
50.119	1414.31021470505	7257.84578662648	7394.36263959719	78.9731659879554	45691.1530006409
39.811	1782.0605568502	8811.74643434754	8990.13987941889	78.5668834827521	45692.7300326369
31.623	2198.34738389968	10699.6946377972	10923.1953457953	78.3896439710372	45694.3970616327
25.119	2632.18385650713	12981.8008364702	13245.9633402873	78.5381201405225	45695.9990916287
19.953	3106.55861095272	15804.2302574891	16106.6570223315	78.8794329607493	45697.9411266238
15.849	3599.00251595957	19271.2061511104	19604.3925085293	79.4215617815642	45699.9381646187
12.589	4102.64891768983	23624.5455815845	23978.133415222	80.1482420180199	45701.9602036136
10	4663.67946551562	29017.6037132631	29389.9852231513	80.8695617225056	45704.3072446077
7.9433	5256.56442178765	35757.8199208108	36142.1243842907	81.6371542741536	45706.6442876018
6.3096	5867.05066289368	44293.7875303471	44680.665810443	82.4546592867363	45709.0013335959
5.0119	6593.47881530394	54875.7148981957	55270.4084341334	83.1485879749961	45711.4383755897
3.9811	7432.21753798241	68182.7293603824	68586.6054019518	83.7790692651062	45713.8704235836
3.1623	8360.45182157205	84862.6782002381	85273.508817088	84.373523874316	45716.4374705771
2.5119	9576.56534891284	105746.505735178	106179.254466595	84.8253222574068	45719.0795205704
1.9953	10781.5340612383	131757.219147619	132197.603133443	85.3219782736379	45721.8015705635
1.5849	12267.7131751436	164521.768256279	164978.510772526	85.7355806338823	45726.1056495527
1.2589	13946.1871456305	205711.755480059	206183.953009415	86.1215787861645	45728.9777015454
1	16250.6616013367	256729.626378887	257243.435413081	86.3780816019889	45734.0717975326
0.79433	19006.4094300742	321167.927575179	321729.826566265	86.6132407790043	45737.2238575246
0.63096	22496.0530376103	401847.907954997	402477.096901275	86.7958401059892	45740.7909205156
0.50119	27233.964509323	503539.071375765	504275.00951848	86.9041679297836	45744.6279925059
0.39811	33525.6849082241	630510.10834403	631400.798441502	86.9563168121197	45748.8700714952
0.31623	42410.7116646552	790409.739598093	791546.729457856	86.9286476240357	45753.7321624829
0.25119	54373.3235663335	989472.295342475	990965.126311695	86.8546549327418	45759.2242624691
0.19953	71701.2592574571	1240302.11187064	1242372.89059681	86.6914413615355	45765.5413794531
0.15849	95398.9497061914	1552906.22601503	1555833.76567077	86.4845935107886	45772.8735154346
0.12589	130604.216233841	1943822.03669444	1948204.70475692	86.1561089033747	45781.420671413
0.1	180655.446000349	2434134.82654731	2440829.51964698	85.7554313893437	45791.6828623871
