Frequency (Hz)	Z' (Ω)	-Z'' (Ω)	Z (Ω)	-Phase (°)	Time (s)
10000	111.181605506645	48.1008228508964	121.14057355803	23.3948978743658	79254.729455901
7943.3	111.300580278004	58.8359860444664	125.894767262365	27.8619358239369	79256.1114788976
6309.6	111.385502142526	72.7859612358378	133.058356522872	33.1630067221871	79257.5785068939
5011.9	111.953051768365	89.622964219957	143.407675930621	38.6786902269115	79259.0705348901
3981.1	112.632879208002	111.457678874334	158.458132195034	44.6995259305127	79260.5275618864
3162.3	113.061957267878	139.374200663567	179.466358941869	50.9506375238827	79262.0345878826
2511.9	112.73898979542	174.533134426656	207.778475383965	57.1397207221726	79263.5316158788
1995.3	116.674041276133	217.397278830499	246.727397648924	61.7781745309822	79264.9886428751
1584.9	116.845490214177	276.253635328533	299.948228225508	67.0733615597403	79266.4256708715
1258.9	118.199427763849	344.991274576696	364.678055629557	71.0877349381064	79267.8726968679
1000	123.1271347546	432.964817638369	450.132007999324	74.1252347429669	79272.1107778572
794.33	128.517362169481	543.144749412378	558.142393295149	76.6876737927743	79273.6128038534
630.96	136.443543204669	681.260901682534	694.790080991046	78.6745932609814	79275.1048288496
501.19	147.998670927637	854.172279013111	866.89900728447	80.1702038139011	79276.6118568458
398.11	164.979562617447	1071.07594281271	1083.70749344718	81.2434572966382	79279.707915838
316.23	190.047481732292	1341.35858663726	1354.75492368852	81.9358459185792	79281.1199438344
251.19	226.489446452659	1676.73931446222	1691.96696126658	82.3072016762361	79282.6419718306
199.53	279.46972257091	2091.42702439927	2110.01666444165	82.3888628932958	79284.0889978269
158.49	355.329688394128	2604.61800112466	2628.7438291391	82.2314972588071	79285.5960238231
125.89	461.262099916891	3232.20839885561	3264.95541446625	81.8782703696551	79287.1980558191
100	607.704205753176	3994.34647813707	4040.31040751774	81.3492965741664	79288.7000808153
79.433	802.913682746521	4917.73202344944	4982.84643917527	80.7271864794866	79290.3121128112
63.096	1054.90255686904	6025.99756940101	6117.63566346638	80.0704980650349	79291.9091428072
50.119	1355.95009190456	7351.12144626875	7475.13124764565	79.548985293116	79293.7861768024
39.811	1713.96263407473	8948.80695717879	9111.46606577975	79.1574631084567	79295.4932077981
31.623	2113.25779964048	10883.6462667276	11086.911859801	79.011711999748	79297.2802397936
25.119	2551.03533059928	13235.9173162616	13479.5136581732	79.0908199286056	79299.0022727893
19.953	3007.73069746849	16125.9939157402	16404.0886281129	79.4349051733421	79301.0343097841
15.849	3504.30487397426	19713.5140368301	20022.5569878089	79.9203031356502	79303.1263507789
12.589	3998.9411499832	24178.9747344057	24507.4345766353	80.6089080768884	79305.3583887732
10	4549.52960713836	29756.0932983299	30101.8821342644	81.307135591171	79307.820436767
7.9433	5124.95786238282	36704.1801592698	37060.2487074133	82.051254256712	79310.2874807608
6.3096	5820.40080482753	45438.3306454901	45809.5945995783	82.7004758893894	79312.8595277543
5.0119	6501.21735569293	56377.6754001305	56751.2828985252	83.4219658451506	79315.4265757478
3.9811	7330.56700184627	70048.7047163473	70431.23060835	84.025766844116	79318.0736277411
3.1623	8278.23311696565	87254.727364692	87646.5435201273	84.5803239876573	79320.7656757343
2.5119	9476.96479624514	108652.855598894	109065.374393266	85.0151392132907	79323.5277257273
1.9953	10730.504421586	135527.188034091	135951.323721284	85.4729917025044	79326.3447807202
1.5849	12356.202132488	169211.931903657	169662.469714745	85.8235574408546	79330.803864709
1.2589	14434.2427709938	211541.14295815	212033.022259299	86.0965452881505	79333.7859157014
1	16613.1867283117	264076.057185833	264598.114037279	86.4002313559277	79338.9100136885
0.79433	19646.3719710786	330304.989519905	330888.751748032	86.5960866685563	79342.3070756799
0.63096	23848.6263969813	413114.441941135	413802.24639477	86.6960468996168	79345.9441406707
0.50119	28956.1804555434	516850.254400571	517660.743982494	86.7933953902855	79349.9012136608
0.39811	36286.8417353908	647618.186388965	648633.98787364	86.7930004791221	79354.2282996498
0.31623	46150.6018908116	811314.150315478	812625.700157834	86.7443089768055	79359.1953886373
0.25119	60055.6512814751	1015686.04351408	1017459.98458914	86.6161455402385	79364.8024896231
0.19953	82441.3043886877	1272750.08044351	1275417.31834654	86.2938920347686	79371.199611607
0.15849	101743.411616659	1591943.0795826	1595191.05139113	86.3431165420934	79378.6717475881
0.12589	144295.439500894	1992655.40208363	1997873.05034976	85.8582331507882	79387.4039095661
0.1	213410.917171043	2500271.23934224	2509362.56643988	85.1213375464227	79397.72110154
