Frequency (Hz)	Z' (Ω)	-Z'' (Ω)	Z (Ω)	-Phase (°)	Time (s)
10000	112.10751807344	47.6859530967659	121.827934938313	23.0429169389772	72571.731715774
7943.3	111.194782448891	58.8919323454309	125.827418869001	27.9069722595601	72573.1287397705
6309.6	111.706678034826	71.6741229487896	132.723629463839	32.6853637748323	72574.5807647668
5011.9	112.224392937648	89.2467882162388	143.385158148038	38.493581425019	72576.0177917632
3981.1	113.260008311301	111.834254006088	159.168872119438	44.6370915409663	72577.4348177596
3162.3	113.531746292628	139.676005635971	179.996788767671	50.8950259484081	72578.8868467559
2511.9	115.647587491738	174.918930893458	209.692624757213	56.529330304038	72580.3188737523
1995.3	116.496512504262	219.033402470897	248.086817109724	61.9929879884192	72581.8109007485
1584.9	116.922502401034	273.308849847231	297.268563713918	66.83858792564	72583.1229237452
1258.9	119.460686558406	344.602350166958	364.721311926787	70.880490598601	72584.5299487417
1000	124.210953987758	432.694437796397	450.169787514099	73.9831382839476	72588.6630277312
794.33	129.689136799157	542.897974644973	558.173345007914	76.5647918451216	72590.1100537276
630.96	137.694247375609	681.102475137852	694.881491622308	78.5709103939854	72591.5120797241
501.19	149.550208356769	853.690554378527	866.690733453791	80.0637026274406	72592.9691057204
398.11	166.757991513424	1070.96407459406	1083.86912346681	81.1496409941543	72596.0351637126
316.23	192.014461890252	1340.12208530105	1353.80824236176	81.8460815497549	72597.3771867092
251.19	228.798440130438	1675.46171328702	1691.01173233564	82.223876522874	72598.8792167054
199.53	282.248415678002	2089.28611901719	2108.26484466982	82.3063060719583	72600.3762447017
158.49	358.664960931316	2601.10110091688	2625.71275873635	82.1490127225817	72601.8632696979
125.89	466.113922586405	3228.83424513138	3262.30482502203	81.7855404728368	72603.3802986941
100	613.380760945626	3988.3337715669	4035.22517727564	81.2567715034029	72604.8773286903
79.433	810.814805832081	4909.73880595434	4976.23912126924	80.6225729369506	72606.4143546864
63.096	1059.59486745065	6014.49776817449	6107.12081806998	80.0085312123026	72608.0413846823
50.119	1372.70168107125	7334.9923278818	7462.33357303871	79.4000363882255	72609.9184216776
39.811	1729.04494898574	8923.83811141121	9089.80104701353	79.034485766767	72611.5854506734
31.623	2129.59310826975	10854.3063418868	11061.2446392942	78.8996804424922	72613.3724836689
25.119	2567.21769701436	13199.606313155	13446.9406753411	78.9938342650105	72615.1645176643
19.953	3030.48564484246	16071.0913280307	16354.3211328841	79.3212697145292	72617.2015556592
15.849	3507.86021327227	19652.7900490892	19963.3975061721	79.8797544816968	72619.2935936539
12.589	4043.10905356315	24067.5739464942	24404.811953567	80.4639277096681	72621.3856346486
10	4577.06753072211	29630.1740315798	29981.6070336881	81.2187451422021	72623.8176786425
7.9433	5164.79210364222	36510.7511922556	36874.2461630965	81.9483911880556	72626.2597216363
6.3096	5819.40849602038	45269.4861156758	45641.99698108	82.6747811532219	72628.8317706298
5.0119	6534.81998114924	56087.495811744	56466.9023288726	83.3543645533588	72631.3888186234
3.9811	7351.47970721794	69694.5166997263	70081.1665991233	83.9786233364988	72633.9408666169
3.1623	8312.39072184122	86783.9150894325	87181.0974796853	84.5287510561077	72636.5379116104
2.5119	9554.64626776603	108167.692523013	108588.862094854	84.9520626892951	72639.2799636034
1.9953	10863.8095755013	134967.193748169	135403.713932626	85.3980568351399	72642.0970165963
1.5849	12382.6124627691	168471.89646662	168926.341908131	85.7963434403473	72647.7181215821
1.2589	14183.3365263267	210664.542580566	211141.46095852	86.14828025922	72650.6951775746
1	16534.8593398215	262771.577992733	263291.290729828	86.399419478099	72655.8992745615
0.79433	19491.7815370171	328810.81693412	329388.043013662	86.6074978610871	72659.1463305533
0.63096	23326.8877289594	411506.926262813	412167.555799079	86.7555749404754	72662.813399544
0.50119	28321.5149527406	515149.76371965	515927.695776869	86.8532037154513	72666.7654725341
0.39811	35319.890855375	645544.84461882	646510.356532648	86.8682811299754	72671.1975555229
0.31623	45110.6298945531	808888.252257057	810145.155863417	86.8079964797618	72676.0746435106
0.25119	58051.616872415	1013570.45943654	1015231.53342668	86.7220011113294	72681.5867474966
0.19953	77593.9045277104	1269101.00382396	1271470.86947631	86.5012431216395	72687.9938664805
0.15849	102874.602004712	1589406.83326072	1592732.64088908	86.2966875695823	72695.4110044617
0.12589	144073.860278159	1988866.33920573	1994077.88023463	85.8567199940269	72704.0431634399
0.1	197780.250555024	2486109.31213654	2493964.02127248	85.4514639441286	72714.3903564138
