Frequency (Hz)	Z' (Ω)	-Z'' (Ω)	Z (Ω)	-Phase (°)	Time (s)
10000	116.531123511037	48.5005229314129	126.221248097795	22.5971913434567	17124.796079764
7943.3	118.075602223345	59.6593669084317	132.29167736604	26.805832884323	17125.993100761
6309.6	118.671403980115	72.5974069573132	139.116086846696	31.4562719164711	17127.2501237579
5011.9	118.685578535422	89.8277290442328	148.84652316239	37.1204260460282	17128.5071477547
3981.1	120.080734913579	111.869832775042	164.116551214376	42.9726125202955	17129.7691697515
3162.3	120.79775034205	139.468051563129	184.508628238671	49.1031136717315	17131.0461917483
2511.9	119.750684627984	173.619068588376	210.911847572312	55.4047155514874	17132.3082157451
1995.3	122.311265341005	218.63152697919	250.519041628715	60.7755964629048	17133.545240742
1584.9	125.310132803847	274.674728561821	301.908654883936	65.4769203046719	17134.7672607389
1258.9	126.357918860092	343.040615662973	365.572410957234	69.7788857187127	17135.9992827358
1000	132.257469956351	430.223762535858	450.093905990478	72.9117583479204	17139.7473577263
794.33	138.482565999682	539.604871198939	557.091409112975	75.6064169994863	17141.0193787231
630.96	147.547306866822	676.300072224368	692.208057923583	77.6927178780615	17142.2864027199
501.19	160.728764360851	847.237517138196	862.348622158963	79.2581140203941	17143.5584247167
398.11	180.321181022209	1062.04580398877	1077.24510585817	80.3638367583049	17146.3694777096
316.23	208.878276113119	1327.85400170941	1344.18242217627	81.0603353824369	17147.5314987066
251.19	250.557567210823	1658.19453442909	1677.017653007	81.4074581374927	17148.8285237034
199.53	310.673776270842	2065.57049680095	2088.80340686167	81.4464969282802	17150.0805457002
158.49	395.939597513115	2565.4301858034	2595.80434607659	81.2263928058077	17151.362570697
125.89	515.577585826964	3175.72027858218	3217.30003804514	80.7784977873042	17152.7095956936
100	678.55292640139	3914.98497629461	3973.35392817459	80.1670678647765	17154.0466186902
79.433	894.229555347152	4801.26302581869	4883.82771407325	79.4496132619502	17155.3936426868
63.096	1164.57621283139	5857.07426729831	5971.72979363105	78.7544067305512	17156.8106686832
50.119	1494.65960385004	7114.84323978102	7270.14454175698	78.1360365378461	17158.4327016791
39.811	1877.63670906289	8610.09757725937	8812.45141269716	77.6978919962672	17159.8997266754
31.623	2305.42760299321	10423.0404818134	10674.9599211502	77.5277977872388	17161.5267586713
25.119	2761.17208989701	12623.6058293443	12922.0546139026	77.6619595883209	17163.0437836675
19.953	3240.362226622	15311.9864835353	15651.0982819637	78.0512091823847	17164.8858186628
15.849	3741.22152528094	18668.8534366031	19040.0322252509	78.6680816682739	17166.7728546581
12.589	4272.26388371936	22803.5785654301	23200.3326286903	79.3886148094355	17168.7098896532
10	4829.7225893368	27984.5098252575	28398.2219593038	80.2080352571906	17170.9519326475
7.9433	5455.49459466864	34464.4147916847	34893.5281707906	81.005080217082	17173.2089726418
6.3096	6081.89710275021	42586.0519841321	43018.1507734078	81.8723034142085	17175.5510176359
5.0119	6765.15241638357	52721.5049513576	53153.780406975	82.6878413381797	17177.9530606298
3.9811	7535.1283427254	65482.1644958835	65914.2778630494	83.4357626562686	17180.4051076236
3.1623	8445.68182491029	81454.4129623377	81891.0918997095	84.0803831470617	17182.8971516174
2.5119	9616.16814483938	101428.738355858	101883.559293199	84.5841391826688	17185.4592016109
1.9953	10626.3442417796	126570.160724617	127015.450941215	85.2009210970608	17188.0612476043
1.5849	12130.8211045457	157812.868332823	158278.419982332	85.6044095585404	17192.2703295937
1.2589	13615.2105853577	197411.30197283	197880.256988643	86.0546294670059	17195.0473785867
1	15782.7787214239	246302.786641079	246807.939117303	86.3335698762546	17199.9764705742
0.79433	18301.7509204027	308160.93869461	308703.932958256	86.6011824759561	17203.1185265663
0.63096	21440.8252764873	385834.162912744	386429.437619748	86.8193417358829	17206.5455915576
0.50119	25583.9063926581	483089.919702338	483766.893022166	86.9685110250362	17210.382660548
0.39811	31059.8586985125	605178.246628644	605974.772589496	87.0619586160639	17214.5197395375
0.31623	38550.5944351759	758618.756637334	759597.634444236	87.090912933614	17219.2368265256
0.25119	49093.2685690112	950624.382751272	951891.204970413	87.0436899083521	17224.633924512
0.19953	62969.5836812865	1192011.28454376	1193673.35186334	86.9760849152094	17230.8560394963
0.15849	83679.9813224114	1493253.2196933	1495596.04084744	86.7925731953715	17238.0331724781
0.12589	112308.051440739	1870345.14944391	1873713.97936472	86.5637036108216	17246.5003314568
0.1	151139.715866936	2345609.86310068	2350474.17420135	86.3132347447307	17256.6425174312
