Frequency (Hz)	Z' (Ω)	-Z'' (Ω)	Z (Ω)	-Phase (°)	Time (s)
10000	119.563559552149	47.6514812369048	128.709395293628	21.729516020743	2837.28753583654
7943.3	120.366115298761	58.8056054355064	133.963058127049	26.0381062395107	2838.39455583374
6309.6	120.800408095232	72.174404991122	140.719164763713	30.8569754602828	2839.59657583071
5011.9	120.725271264336	89.889405622728	150.514771252043	36.670566227502	2840.7885988277
3981.1	122.219718886	111.335621691572	165.327796640558	42.3318444360496	2841.98562182468
3162.3	122.115491141773	138.672162816593	184.775977651393	48.6326718287483	2843.17264282168
2511.9	122.957813265293	173.74993025024	212.855965631565	54.7140586825329	2844.36966681866
1995.3	127.463475036905	217.613243321236	252.195283733204	59.6410436091052	2845.56168681565
1584.9	128.892290164917	271.083155620081	300.165453916499	64.5702483533821	2846.71370981274
1258.9	129.196296114636	341.029274016327	364.681571601642	69.2511956241317	2847.88073080979
1000	135.000383940488	429.438148497801	450.158002316185	72.5486699751323	2851.64880380028
794.33	141.388763390345	538.277916189837	556.537417853215	75.2826534861516	2852.86582179721
630.96	150.782391844819	674.514317918343	691.16198880385	77.3991441695539	2854.05284579421
501.19	164.646206647419	845.305399715082	861.190798923711	78.978090184585	2855.25986679116
398.11	184.919122445206	1059.01787572597	1075.04136801941	80.0952266963109	2858.00592078423
316.23	214.508987904672	1323.71554534425	1340.98357591654	80.795198051159	2859.11293878143
251.19	257.631853305289	1651.98721626229	1671.95572146261	81.135970134364	2860.34996277831
199.53	319.657244601436	2057.04326551842	2081.73191123181	81.1670857136262	2861.5419827753
158.49	407.785858784745	2554.64957396117	2586.99125479094	80.9306756491106	2862.78900677215
125.89	531.186322609245	3159.48365908348	3203.82519831258	80.4564319389315	2864.05603076895
100	697.990850473122	3888.19770692698	3950.35095092783	79.8229300812829	2865.31305476578
79.433	918.98988371019	4763.4551814095	4851.29340193507	79.0803657132983	2866.62507876247
63.096	1197.56133358521	5807.53495090728	5929.72304190575	78.3484566276882	2867.98710175903
50.119	1539.15068543251	7040.68581031624	7206.95785418895	77.6686739795996	2869.52413175515
39.811	1923.21017823213	8514.73790139217	8729.23243584795	77.2722674832526	2870.94615875156
31.623	2352.99196632802	10291.3516446075	10556.9166836993	77.1213846754293	2873.16019974597
25.119	2827.42923148326	12454.3648515162	12771.2787109877	77.2093316473157	2874.52722574252
19.953	3314.57726285082	15096.5718728389	15456.1607374923	77.6167243412466	2876.30925773802
15.849	3836.11550081695	18350.0790311749	18746.7645898158	78.1922686236314	2878.12628973343
12.589	4369.30332874967	22413.1451602374	22835.0582997394	78.9688939797041	2879.97332472877
10	4941.30617781958	27474.711492541	27915.5203845696	79.8043929273987	2882.15536372326
7.9433	5550.22609691409	33781.518924862	34234.4275634583	80.6697912871775	2884.35240471771
6.3096	6178.98568908131	41714.7152131546	42169.8628105483	81.5743375286362	2886.56444571213
5.0119	6889.68499445386	51633.4088438898	52091.0421105498	82.3996540064347	2888.8714907063
3.9811	7693.86936499201	64085.7147173672	64545.9096817245	83.1540681760894	2891.16353270051
3.1623	8581.88121589885	79698.6638216689	80159.3768698534	83.854121824742	2893.49557669463
2.5119	9694.54928501723	99150.9561818235	99623.7742590067	84.4156184261422	2895.95762268841
1.9953	10793.4301627215	123635.358337129	124105.600058288	85.0106985384477	2898.51966968194
1.5849	12218.4162679566	154281.745047279	154764.810441297	85.4718843408385	2902.57374567171
1.2589	13497.1775908211	192812.63725873	193284.471413471	85.9957404217257	2905.22579366501
1	15804.5936219682	240643.304119469	241161.740326054	86.2424140763731	2910.18488465249
0.79433	18173.9971966199	300827.856067918	301376.331453754	86.542776019066	2913.20193964487
0.63096	21198.568902041	376569.279436547	377165.482963188	86.777995400684	2916.62900563622
0.50119	25125.1021582425	471634.800582241	472303.563271242	86.9506007057378	2920.30607362694
0.39811	30282.4102624356	590861.889458806	591637.386230902	87.0660867253535	2924.3981486166
0.31623	37295.2668572911	740866.010855362	741804.140572627	87.1181575749067	2929.09523360475
0.25119	46763.0910955155	928505.21490265	929682.053602318	87.1168004565481	2934.43733159126
0.19953	60137.0194572522	1164029.71883874	1165582.10669562	87.0425696455223	2940.5994465757
0.15849	78028.7726778032	1459598.79213299	1461682.97635352	86.9399346213481	2947.79658055753
0.12589	105354.757438273	1828333.8574427	1831366.78991025	86.7020711054484	2956.20873753629
0.1	143709.341503443	2293325.57580059	2297823.87737974	86.4142961287551	2966.31092451078
