Frequency (Hz)	Z' (Ω)	-Z'' (Ω)	Z (Ω)	-Phase (°)	Time (s)
10000	112.864951001087	48.3867044864402	122.799716349574	23.205456978519	46837.5312277466
7943.3	114.383270876518	58.537303003116	128.491822694246	27.101756956584	46838.8032507434
6309.6	114.477731599777	71.9303573135884	135.200322985897	32.142581233299	46840.15027574
5011.9	114.648183335895	89.2901207273805	145.316659752869	37.9121166711357	46841.5023027366
3981.1	116.103909469481	111.43245639869	160.926412167622	43.823849771178	46842.8643257331
3162.3	116.399371719485	139.385533889457	181.59609245339	50.1351031566344	46844.1963517298
2511.9	116.037585721181	174.836699669101	209.839445412877	56.4281188657047	46845.5683757263
1995.3	119.297630368096	214.885603632994	245.779875620766	60.9623629030436	46846.9103997229
1584.9	121.197353878025	272.554452821797	298.286319398032	66.0266210143619	46848.2024237197
1258.9	123.03367089856	346.05862848693	367.278992763036	70.4282553996039	46849.5144487163
1000	127.515151014239	431.818485481468	450.252504869982	73.5482328854962	46853.5375267062
794.33	133.242457030926	541.763606595375	557.908019109662	76.1827908408929	46854.9045497027
630.96	141.638386620146	679.407507537679	694.014404650883	78.2240204046635	46856.2615736993
501.19	153.845578017562	851.358932511169	865.147671696638	79.7568555778358	46857.6336016958
398.11	171.84297274837	1067.36454252542	1081.10918686481	80.854008437603	46860.5246536885
316.23	198.321218906091	1335.84470117301	1350.4859760547	81.5554757585799	46861.8066786853
251.19	236.766622818517	1668.93467252512	1685.64568484525	81.9255061775779	46863.2137046818
199.53	292.663679934841	2081.78838100465	2102.25947324277	81.9976410627046	46864.5857276783
158.49	371.714909340684	2588.04651233809	2614.60450620195	81.8266412542927	46865.9777556748
125.89	483.734774403681	3209.13785809538	3245.39136688141	81.4279592090725	46867.4247826711
100	636.476629160109	3961.84098753459	4012.64083989286	80.8733171958819	46868.8718096675
79.433	839.115629283345	4868.98715109805	4940.76420373058	80.2217631798076	46870.3388346638
63.096	1097.05949797798	5961.19837065812	6061.30559833776	79.5723414616693	46871.82586166
50.119	1414.85324139616	7254.82405728712	7391.50064580131	78.9645542702062	46873.6078976555
39.811	1780.62635244108	8815.74519643199	8993.77526822976	78.5808885888604	46875.2049246515
31.623	2197.75928272467	10701.9123389132	10925.2493598354	78.3950057442581	46876.8869576472
25.119	2630.14317999104	12987.2715320263	13250.9197791638	78.5514684556576	46878.4989846432
19.953	3103.62373409557	15806.6882836482	16108.5031824581	78.8913621896526	46880.4060226384
15.849	3597.50817682465	19296.7795813332	19629.257940454	79.4395531298834	46882.3830586334
12.589	4118.76024833799	23628.596556017	23984.8860991731	80.1119780971817	46884.3900936283
10	4662.24739658346	29042.7193920938	29414.5559285679	80.8800789545738	46886.7071376224
7.9433	5240.48434798918	35792.3729105169	36173.9773147358	81.670312372618	46889.0691836165
6.3096	5891.74076892726	44300.2824145124	44690.3527765646	82.424372540907	46891.4462266105
5.0119	6613.86978238483	54924.8609421076	55321.6379277422	83.1336922597914	46893.9882726041
3.9811	7426.48132049819	68236.8982674179	68639.8347168876	83.7887290353257	46896.5203215977
3.1623	8348.90583069289	84897.1405150028	85306.6743941757	84.3835106579585	46899.1223675911
2.5119	9516.84339427446	105755.001222038	106182.345951031	84.8578302196872	46901.6944155846
1.9953	10852.8455542529	131911.501685897	132357.20053572	85.2966581458605	46904.4114665777
1.5849	12240.5525528777	164745.869785602	165199.978021228	85.7507541320966	46910.0325705636
1.2589	14066.9401277019	205753.774158676	206234.07668253	86.0888977176067	46912.8996245563
1	16334.0499702787	256751.286745986	257270.333373577	86.3598522991303	46918.0437205433
0.79433	19172.4857536819	321161.204510469	321732.969234722	86.5836460181653	46921.2507795352
0.63096	22970.2726091552	401970.222571452	402625.996748696	86.7294345608223	46924.8278465262
0.50119	27798.156744316	503155.598603935	503922.904743241	86.8377584561537	46928.6599135165
0.39811	34458.0557293725	629930.160820666	630871.908644059	86.8689616431534	46932.9369955057
0.31623	43229.158246009	789907.095583643	791089.109883359	86.8675050264555	46937.7790844935
0.25119	54748.2657927139	989734.299114448	991247.373490027	86.833846235102	46943.2911874796
0.19953	74349.1509076314	1237685.64588031	1239916.75295515	86.5623099516567	46949.5683024637
0.15849	96315.0019762545	1554996.55027037	1557976.52452097	86.4556820092944	46956.9104374452
0.12589	132420.572795027	1945255.79954836	1949757.7628454	86.1056778342152	46965.5025964235
0.1	189928.561561889	2428523.38573792	2435938.97574897	85.5281469899571	46975.7647863976
