Frequency (Hz)	Z' (Ω)	-Z'' (Ω)	Z (Ω)	-Phase (°)	Time (s)
10000	115.25982799806	48.7734590912255	125.154617421275	22.936184113701	35805.0669576009
7943.3	115.509474482342	59.2459572687899	129.817264444611	27.1537383074368	35806.2789755978
6309.6	117.162063904665	72.9159365237419	137.99885150803	31.8961137125128	35807.6060025945
5011.9	116.26639252145	89.5931748937306	146.781507750433	37.6173187237351	35808.9280265912
3981.1	116.88759129198	110.916369796975	161.137053736813	43.4985007918556	35810.2700495878
3162.3	118.734234434116	138.728850968605	182.602060551695	49.4406845672945	35811.5870745844
2511.9	119.496132642253	173.352763850007	210.548109587551	55.4205918239232	35812.9191005811
1995.3	120.470912589743	219.119984558298	250.053611077773	61.1982567891557	35814.2061245778
1584.9	124.587674562997	275.007757170436	301.912827082469	65.6278900677228	35815.4631475747
1258.9	123.731755654474	344.335014189962	365.890898157552	70.2348413957558	35816.7651695714
1000	129.556518352791	431.205809196013	450.248088649009	73.2770151460706	35820.7332475613
794.33	135.416657981915	540.97540369589	557.666619641989	75.9465320966238	35822.070269558
630.96	144.005328422705	678.325802291818	693.443169026107	78.014327018514	35823.3572945547
501.19	156.724884691282	850.273190239112	864.596546095862	79.5562933455934	35824.6843195514
398.11	175.054938684603	1065.75852340828	1080.03956491198	80.6722381778143	35827.605372544
316.23	202.127856379498	1333.3581748697	1348.59174430827	81.3799877702768	35828.8523955408
251.19	241.62087339083	1665.37097705288	1682.80751652356	81.7448252775429	35830.2044215374
199.53	298.486420908424	2076.00782433825	2097.3561047615	81.8181397004856	35831.4214405344
158.49	379.956845204101	2581.86561155238	2609.67378044349	81.6282332965671	35832.758466531
125.89	493.94999312317	3198.12759617621	3236.04800908921	81.220057167403	35834.1554915275
100	650.072729303004	3947.20476099409	4000.37747951338	80.6477996267867	35835.512518524
79.433	857.30894969987	4850.6934641797	4925.87106192104	79.9770808560318	35836.9295435204
63.096	1117.97834084216	5926.06940436309	6030.60313367747	79.3164689880563	35838.4115725167
50.119	1445.12630523984	7212.32351430741	7355.67811375183	78.6697380384184	35840.1486025123
39.811	1813.04477282315	8754.29459736634	8940.06740722567	78.2992625045863	35841.6856315084
31.623	2230.06294838903	10611.3686523371	10843.1695287669	78.1315562912107	35843.3076635043
25.119	2679.55441181172	12877.9709227434	13153.7883110868	78.2460228347837	35844.8846915004
19.953	3147.16930088066	15653.3988072758	15966.6392465049	78.6320444097618	35846.7517284956
15.849	3649.07471195758	19084.1975346062	19429.9341685276	79.1751780014267	35848.7037634907
12.589	4184.57407506147	23362.2622041678	23734.0674029119	79.8450483268033	35850.7758024855
10	4718.18926049703	28699.0764000579	29084.3307661399	80.6639656992485	35853.0628414797
7.9433	5304.29427457027	35392.5202076147	35787.7915551889	81.4764917325894	35855.3748864739
6.3096	5923.3192136189	43743.0572752799	44142.2787166096	82.2883902931073	35857.7919314678
5.0119	6681.68571593265	54225.18337785	54635.2947861358	82.9753620036336	35860.1389734618
3.9811	7489.37504410823	67366.8093453642	67781.8393076343	83.6563015597874	35862.5310194558
3.1623	8396.4505762307	83729.7291604543	84149.6757424657	84.2735007402269	35865.0830664494
2.5119	9549.16264893101	104198.349295183	104634.996550564	84.7638068419789	35867.610111443
1.9953	10722.8387656867	130177.543261559	130618.42152166	85.2911268746468	35870.3421614361
1.5849	12215.442182359	162448.801994756	162907.428612823	85.6996999949518	35875.943269422
1.2589	13893.1665981901	202934.605637438	203409.621806215	86.0835676180233	35878.695318415
1	16093.2721030674	253489.711283545	254000.053412589	86.367344785385	35883.7494134022
0.79433	18750.1629343804	317088.514170489	317642.400237932	86.6159112478356	35886.9514723942
0.63096	22138.4583956222	396805.739264465	397422.830312192	86.8066828122722	35890.4835353852
0.50119	26674.2085872326	497014.065909251	497729.339215	86.9279446142785	35894.2856073756
0.39811	32546.3865697612	622968.312576987	623817.910734989	87.0093554828113	35898.4526843651
0.31623	40974.7977950509	780194.054494058	781269.285664183	86.9936606682185	35903.234771353
0.25119	52403.8052229861	978219.505412925	979622.151429905	86.9335618725092	35908.6668713393
0.19953	68211.7109842312	1224970.55650328	1226868.24957505	86.8128122449458	35914.9339903235
0.15849	90303.7930506137	1535451.2376823	1538104.44324806	86.6341666001188	35922.2261223051
0.12589	124266.445124748	1922321.37963047	1926333.72912596	86.3013208884724	35930.7482832836
0.1	169334.314836732	2406770.25786324	2412719.87274037	85.9754447636488	35940.9054702579
