Frequency (Hz)	Z' (Ω)	-Z'' (Ω)	Z (Ω)	-Phase (°)	Time (s)
10000	116.952820672127	46.7842943921956	125.963218698723	21.8027466289305	15625.0773125505
7943.3	118.733098098433	58.5198394845377	132.371145637364	26.2372495285761	15626.2693305475
6309.6	118.596854962808	72.9367757875141	139.229979779311	31.5914140411375	15627.5113525443
5011.9	118.449517795408	88.3898917664006	147.793982395904	36.7311890675365	15628.7683785412
3981.1	119.305672153624	112.075210067384	163.690855333083	43.210136514204	15630.010400538
3162.3	120.678626328365	139.687937885135	184.596995758605	49.1757445845584	15631.2624235349
2511.9	121.785021883556	173.614832399866	212.070039337035	54.9516192130077	15632.5044455317
1995.3	123.827485901517	216.599247295703	249.49645326889	60.2438557683577	15633.8014715284
1584.9	126.203976918195	272.589437877918	300.387159233825	65.1567172158399	15635.0334915253
1258.9	129.157595093995	341.068918743895	364.704937865659	69.259087782534	15636.2905155222
1000	132.514292903135	429.977333063134	449.933933785509	72.8712765064143	15640.1935915123
794.33	138.710201751527	539.193861694683	556.749980295621	75.5732117056501	15641.490611509
630.96	147.836805072213	675.980257442092	691.957389862582	77.663652961921	15642.7326345059
501.19	161.326235302717	847.295945371647	862.517578510827	79.2198437942903	15643.9896605027
398.11	180.921254865849	1061.59381565903	1076.90014853177	80.3283353005786	15646.7707134957
316.23	209.495044288172	1326.85092369542	1343.28758919775	81.0276991933684	15647.9377304928
251.19	251.615763631649	1657.5512740573	1676.54010349795	81.3684156969009	15649.2147544895
199.53	311.782358571715	2063.9768483575	2087.39279237816	81.4099004052148	15650.4817794863
158.49	397.675523454445	2564.66887835103	2595.31737510792	81.185954299722	15651.7788024831
125.89	517.209004003037	3173.20816574888	3215.08245881769	80.7426259470224	15653.0958264797
100	681.167083739484	3910.37224174136	3969.25681519242	80.1185161286185	15654.3978524764
79.433	897.092239656159	4793.11282947605	4876.34136238833	79.3990119028198	15655.779878473
63.096	1173.12912916206	5847.84230371963	5964.3517303108	78.6565266598454	15657.1919044694
50.119	1503.17681279419	7101.44233844345	7258.78941813022	78.0484971391594	15658.7889344654
39.811	1884.57321194587	8594.83203278206	8799.02005128529	77.6325818533621	15660.2909614616
31.623	2314.85236619508	10407.3979659407	10661.7294046859	77.4601900575719	15661.8679894576
25.119	2772.57936900005	12602.2896115483	12903.6777629769	77.5922533923022	15663.3800184538
19.953	3251.65283896642	15293.6705813724	15635.5238491294	77.9968356878886	15665.2270514491
15.849	3742.804443949	18617.8747638596	18990.3619193633	78.6331769166642	15667.1040884444
12.589	4298.84355680232	22735.5978091148	23138.4412539758	79.2929249672154	15669.0111214395
10	4838.36310158835	27912.229438879	28328.4717157745	80.1659511147209	15671.2581624339
7.9433	5421.96125597863	34371.9627304598	34796.9752393143	81.035815754172	15673.5002064282
6.3096	6091.43290228602	42465.9721318411	42900.6333741748	81.8370224462279	15675.8372494223
5.0119	6774.89038443143	52593.8480946232	53028.4074541313	82.6598502580165	15678.2492924162
3.9811	7564.61966482611	65308.5289412113	65745.1703407826	83.3929314579088	15680.6013384103
3.1623	8419.06710308684	81184.5480765362	81619.9212035744	84.0794290116606	15682.9883804043
2.5119	9547.82572918062	101102.9282842	101552.760099344	84.6051758950279	15685.5404273978
1.9953	10581.1644000038	126098.292813194	126541.457595769	85.2034313787876	15688.1474753912
1.5849	12079.2614482556	157448.350197669	157911.024115174	85.6129254956286	15692.1765533811
1.2589	13413.0680054388	196688.182004166	197145.000782223	86.0987784309834	15694.9536053741
1	15727.631282077	245842.905164011	246345.473685282	86.3395301059672	15699.8476933617
0.79433	18183.6156402371	307237.491642777	307775.112945633	86.6129441797107	15702.9847523538
0.63096	21336.3350198591	384763.839770187	385354.968291286	86.8260240018036	15706.4018133451
0.50119	25328.278848433	481805.93709545	482471.224768741	86.9907617209997	15710.1538843357
0.39811	30799.5391853838	603675.491527428	604460.677534043	87.0793003268141	15714.3609603251
0.31623	38290.2604001954	757026.860374173	757994.598509443	87.1044589987256	15719.0780503131
0.25119	48465.5356922586	948468.786213909	949706.242251795	87.0748035245664	15724.4551492996
0.19953	62508.1419691098	1188013.17274646	1189656.49093826	86.9881199110086	15730.6772632839
0.15849	82663.0403667575	1489991.48818024	1492282.75239388	86.8245502802711	15737.9143982656
0.12589	110071.162524574	1868736.44745208	1871975.31256567	86.6290940165644	15746.3965562442
0.1	150042.50975993	2337215.69965042	2342026.89596585	86.3268166643129	15756.5537422185
