Frequency (Hz)	Z' (Ω)	-Z'' (Ω)	Z (Ω)	-Phase (°)	Time (s)
10000	116.819937019146	48.5205522555378	126.495619198214	22.5553005797167	24817.7645213412
7943.3	117.536182354402	59.2881972202961	131.64286722827	26.7675223024872	24818.9415403382
6309.6	118.549790326863	72.7573638912859	139.095962511326	31.5386193084645	24820.2635623349
5011.9	118.760639100459	88.8064728471525	148.292545392887	36.7882942878958	24821.5555883316
3981.1	119.013082472464	112.218503557414	163.575995611406	43.3168877811174	24822.8526123283
3162.3	119.311332292906	138.429704843265	182.75113459703	49.2422411435595	24824.1246363251
2511.9	120.045826010149	172.949251011624	210.528961826967	55.2350936660681	24825.4116583219
1995.3	124.279118801512	219.225603496757	252.002310700909	60.4510746680938	24826.6936833186
1584.9	124.03521095713	274.023333889737	300.788166444803	65.6463666714229	24827.9457053155
1258.9	126.894196783197	342.885124380994	365.612288769158	69.6916019703959	24829.2127303123
1000	131.238878748982	430.639524848275	450.193340307071	73.0512192824859	24833.1108043024
794.33	137.297158710674	540.098151233074	557.275984369871	75.7370750908849	24834.4228262991
630.96	146.203593135606	677.256403697562	692.857652765066	77.8181396120676	24835.6848482959
501.19	159.089155016704	848.535594869452	863.320343212404	79.3810798026553	24837.0018722926
398.11	178.185336344804	1063.52476339998	1078.34824451719	80.488873136162	24839.8129262855
316.23	206.218218996471	1330.6416191636	1346.52629847932	81.1905802777323	24840.9999462825
251.19	246.998492722102	1661.11873275035	1679.38193979247	81.5424265681785	24842.3169732792
199.53	305.572377271562	2070.7817667503	2093.20605847989	81.6057967171971	24843.6189962759
158.49	389.350622300585	2572.29727276974	2601.59704154669	81.3928742226069	24844.9360192726
125.89	507.197770976817	3186.17083379014	3226.28798481766	80.9551336463846	24846.3080452691
100	667.160067982767	3928.09633942162	3984.34980995498	80.3606919911129	24847.555070266
79.433	878.707248008314	4820.77587272357	4900.20473477752	79.6698156282853	24848.9570952624
63.096	1150.41039677521	5884.4721694823	5995.86997811162	78.9382318239457	24850.4241212587
50.119	1474.87017940797	7158.14649603912	7308.50896591529	78.357657479723	24852.1411542544
39.811	1852.74237191814	8672.35584826214	8868.0556073802	77.940744726731	24853.6531842506
31.623	2273.81770817753	10502.9168660399	10746.2323474308	77.7843311757296	24855.2602102465
25.119	2730.42882252057	12730.3983951479	13019.918772943	77.8945444790488	24856.8122412426
19.953	3206.64282196262	15457.4551008606	15786.5599920554	78.2802477615088	24858.6592752379
15.849	3725.22976750103	18838.2825474598	19203.078559403	78.814197060511	24860.591312233
12.589	4239.20253031859	23040.1449814409	23426.8888002414	79.5746344100427	24862.5133472282
10	4783.62758986884	28276.1939329251	28677.9747585311	80.3978973634413	24864.7553892225
7.9433	5372.20871139332	34814.5861489979	35226.6381473561	81.2279259539574	24867.0474302167
6.3096	6015.91244854869	43079.6822050897	43497.7036345613	82.050274054698	24869.4344752107
5.0119	6724.38394538058	53360.1439523897	53782.1745754543	82.8175131944663	24871.8265172047
3.9811	7517.74965036655	66256.4907156115	66681.6250683312	83.5266565060525	24874.2235611986
3.1623	8409.64161514918	82423.2801280269	82851.1869508123	84.1742752060638	24876.7256101923
2.5119	9574.95169312877	102580.040251974	103025.940219065	84.6673900538708	24879.3026551858
1.9953	10732.6722555328	128065.270811973	128514.216497198	85.2094491484113	24881.9597051791
1.5849	12194.3695148098	159819.357615005	160283.903484837	85.6367316458418	24886.1337841686
1.2589	13612.5459040387	199858.760834054	200321.805323618	86.1035548309298	24888.9458351615
1	15927.1346654622	249308.504790731	249816.741191702	86.3446126840529	24893.9899321487
0.79433	18462.8564675532	311999.413788717	312545.214766511	86.6134181285414	24897.0819881409
0.63096	21680.9284474335	390467.025700247	391068.486096157	86.8218790907658	24900.5840511321
0.50119	26000.3415893525	489031.914761807	489722.606603333	86.9566228649418	24904.4161221224
0.39811	31716.361186645	612822.890669859	613643.074511465	87.0373271303414	24908.5932001118
0.31623	39483.6295873466	767443.949446597	768458.959572716	87.0548305101489	24913.2602851001
0.25119	50261.4807613539	962188.669505086	963500.520068511	87.0097801170831	24918.6723860864
0.19953	65279.0669687954	1205440.13747695	1207206.39561956	86.90024820379	24924.8294990709
0.15849	86349.6836000819	1510400.34442756	1512866.63929929	86.7279583432558	24932.1116360525
0.12589	116078.633280102	1892999.68255541	1896555.31088842	86.4910197256141	24940.633794031
0.1	157385.542243843	2367201.02200697	2372427.21437313	86.1962353796099	24950.8559810051
