Frequency (Hz)	Z' (Ω)	-Z'' (Ω)	Z (Ω)	-Phase (°)	Time (s)
10000	112.790366231818	48.4367562625643	122.750910676649	23.2406468649013	66686.3697426331
7943.3	112.250011774008	59.4264608107224	127.010115296985	27.8972646476407	66687.7367676297
6309.6	112.791155061208	72.7446807282434	134.214877097495	32.8200019760707	66689.183795626
5011.9	112.719467166135	88.8724465982286	143.540900243005	38.2536311223635	66690.6108196224
3981.1	113.453229203798	111.849633772903	159.317217499874	44.5922035895689	66692.0128446189
3162.3	114.033624668044	140.041964308533	180.597395668722	50.844700266321	66693.4348746153
2511.9	114.823714096919	176.196592317733	210.308640962259	56.9085354884331	66694.9118986115
1995.3	116.363618877052	218.922362704836	247.926385627733	62.0080530398071	66696.3489286079
1584.9	118.077144559094	276.234042097951	300.412147026384	66.8555559223989	66697.6409516046
1258.9	122.017674978457	345.454780082499	366.370465634166	70.5463301397297	66699.0529756011
1000	125.059946333277	432.611226461177	450.324842127465	73.8763911684065	66703.2110545906
794.33	130.545079801354	542.747181437412	558.226227275821	76.4757468558917	66704.6530815869
630.96	138.597490788409	680.382733223173	694.355764807263	78.4860873050566	66706.1101075833
501.19	150.455665596448	852.971732390036	866.139528925063	79.9964993662674	66707.5721335796
398.11	167.816975819045	1069.89101811862	1082.97245026083	81.085546907103	66710.6031925719
316.23	193.353326716283	1339.7730642797	1353.65334289162	81.7878893199673	66711.9752165684
251.19	230.601468548872	1673.61146038965	1689.42367618205	82.1547999226891	66713.4322435648
199.53	284.299247638629	2088.71725059071	2107.97671123832	82.2489952792222	66714.8542685612
158.49	361.265841572428	2599.07657692808	2624.06403523679	82.0867171668007	66716.3362985574
125.89	469.616632126025	3224.25552942277	3258.27615468405	81.7130744081604	66717.8633275536
100	617.500927156406	3984.91708722924	4032.47710311299	81.1915307096543	66719.3503545498
79.433	816.043933861428	4900.68872147	4968.16642703677	80.5460675709916	66720.887380546
63.096	1069.73149584017	6001.97329421249	6096.55713477963	79.8942892466968	66722.459409542
50.119	1376.04911244059	7323.34991815199	7451.50757790296	79.3582693781756	66724.2764425374
39.811	1740.94068567011	8907.0381497004	9075.58279512891	78.9405822373157	66726.028477533
31.623	2138.82419161198	10825.2018874758	11034.4716605388	78.8235500222056	66727.7605095286
25.119	2585.21529242505	13158.0887842365	13409.6472198951	78.884482848425	66729.4675385243
19.953	3044.48947120998	16019.4542899364	16306.189986863	79.2392949460664	66731.4845755192
15.849	3527.66829235232	19567.2860034097	19882.7343471691	79.7802665685667	66733.5816165139
12.589	4045.41009652783	23969.8153820902	24308.7924895618	80.4204062937983	66735.6536565087
10	4594.95670855933	29494.5346338066	29850.3132381948	81.1450645989054	66738.0656995026
7.9433	5168.33240570396	36394.591857853	36759.7330833012	81.9175683543466	66740.4727454965
6.3096	5817.55665901298	44998.3762171726	45372.875461701	82.6334503525328	66742.8947874904
5.0119	6539.48811479474	55906.8937378222	56288.0597659546	83.3283698128948	66745.4618374839
3.9811	7383.28159831173	69462.7558011082	69854.0427652141	83.932741756597	66748.0088834775
3.1623	8315.2209587952	86416.444101776	86815.5787332491	84.5037682929173	66750.6359304708
2.5119	9550.21557792895	107664.725566885	108087.463421886	84.9309428749736	66753.2779794642
1.9953	10699.3680791633	134355.748131397	134781.094865863	85.4468813129082	66756.0650334571
1.5849	12281.7909372251	167607.424092309	168056.808845952	85.809020236334	66760.484117446
1.2589	14215.3025757323	209619.191843775	210100.64354151	86.1204328955182	66763.3511664387
1	16510.5879897637	261615.821490197	262136.295788581	86.3888495758508	66768.5402644256
0.79433	19426.9070009386	327233.71501249	327809.867082275	86.6025051113226	66771.7973224174
0.63096	23162.1880590352	409613.308667211	410267.656040519	86.7635722884817	66775.4493894082
0.50119	28185.2009450954	512834.944670107	513608.884295343	86.8542119502808	66779.4514663981
0.39811	35064.9057271424	642594.555275938	643550.549750316	86.876598855129	66783.7835463872
0.31623	44445.6265138557	804888.254051839	806114.455413638	86.839358490627	66788.7006353747
0.25119	58084.5155759151	1007730.62048278	1009403.19714587	86.701182455827	66794.2727383607
0.19953	76700.6060983376	1263176.35888555	1265502.86314303	86.5252421360243	66800.6698583445
0.15849	103604.938871544	1581528.53374848	1584918.44787648	86.2519449873932	66808.0869973258
0.12589	140505.062346889	1976697.78355664	1981685.09104318	85.9342140928427	66816.739154304
0.1	194613.400113975	2474506.87555779	2482147.99169725	85.5030954468008	66828.2913712748
