Frequency (Hz)	Z' (Ω)	-Z'' (Ω)	Z (Ω)	-Phase (°)	Time (s)
10000	114.386934293622	48.5397816599804	124.259732579351	22.9938068609337	47431.897236246
7943.3	115.187198201665	58.8490889026418	129.349549261761	27.0624690099081	47433.1742572427
6309.6	113.804037173523	72.7400060502946	135.06467842182	32.5854504516595	47434.5262812393
5011.9	115.40959719347	90.0142520838383	146.362360949022	37.9526153740072	47435.8683052359
3981.1	115.857260530407	112.685386751426	161.619618873851	44.2048603807381	47437.2203312325
3162.3	116.828316592874	139.266767005254	181.780328831314	50.0073343846163	47438.5823582291
2511.9	117.784256732423	175.814247904852	211.621787395245	56.1804540737646	47439.9493832256
1995.3	117.995957384174	220.183020203275	249.807142301504	61.8131675690077	47441.3114082222
1584.9	120.678985445185	275.213016795765	300.508938539114	66.3228847287615	47442.6134332189
1258.9	122.990423722378	344.557501800614	365.850401632265	70.3558844956437	47443.9404572156
1000	127.781522398674	431.97393860357	450.477081658106	73.5213399991661	47448.0335342052
794.33	133.458731340149	541.608507058163	557.80911420368	76.1574141385142	47449.4505572017
630.96	141.838967255817	679.173982920923	693.826773560135	78.2038695470634	47450.7825841983
501.19	154.061389655819	851.471113585232	865.296463099646	79.744114227593	47452.1396061949
398.11	172.216669046687	1067.8851189018	1081.6825820311	80.8388487064291	47455.0706641875
316.23	198.455795571275	1335.70282679494	1350.36541139938	81.5489435943199	47456.3826871842
251.19	236.909533791347	1669.75306286651	1686.47603545183	81.9246044252109	47457.7747131806
199.53	292.227460717327	2081.33645183292	2101.75124944075	82.0077019053996	47459.1317371772
158.49	371.917059586974	2588.26792229172	2614.85241204472	81.8229465234187	47460.5187611737
125.89	483.409761463528	3209.36025469158	3245.56285440172	81.4342179502906	47461.9407871701
100	636.807419426775	3962.95649050788	4013.79469269363	80.8711807883866	47463.3778181665
79.433	840.4076938251	4873.35238621621	4945.2854894414	80.2156003460763	47464.8398421628
63.096	1095.69272345761	5958.7420592116	6058.64254371021	79.5808490839065	47466.356870159
50.119	1418.21846565538	7261.94387201391	7399.13322062836	78.9495305665827	47468.1389021545
39.811	1781.62482258818	8820.2830351979	8998.42096311693	78.5803773904977	47469.7209341505
31.623	2195.52890197506	10712.9938861914	10935.6565950556	78.4181321886245	47471.4179641462
25.119	2638.15106982171	12991.5872927449	13256.7409815615	78.5212492343159	47473.0149931422
19.953	3108.20379411085	15812.6360412686	16115.2222882389	78.8794577292131	47474.9520321373
15.849	3597.82413093634	19303.32153656	19635.7470145897	79.4421453031372	47476.9490661322
12.589	4122.77607503512	23632.3965957346	23989.3195281353	80.1040877792971	47478.9461031272
10	4664.92546834304	29039.121387776	29411.4280612007	80.8738168431452	47481.2931481213
7.9433	5249.90288077514	35842.9168046984	36225.3525217644	81.6671539200303	47483.6501901153
6.3096	5911.15110701822	44286.6879066846	44679.4408330508	82.3974001662481	47486.1022371091
5.0119	6611.29905438621	54926.1492332275	55322.6097068577	83.1364950940453	47488.539280103
3.9811	7442.07479095245	68221.7498141117	68626.4644644716	83.7744181967447	47490.9813280968
3.1623	8387.21316726394	84930.3984350304	85343.528887937	84.3601015233406	47493.5233760904
2.5119	9570.01522236951	105735.066304521	106167.271029154	84.8282859778723	47496.2154250836
1.9953	10864.3307388443	131818.540221291	132265.495230144	85.2883976744066	47498.9524730767
1.5849	12327.8004699057	164765.194718813	165225.736660951	85.7210786389127	47504.6235790624
1.2589	14005.9130489796	205895.661356829	206371.482928	86.1084883861455	47507.4256330553
1	16297.9320872653	256889.312716455	257405.791656392	86.3698261392396	47512.4947280425
0.79433	19080.7042895594	321388.343107711	321954.251970222	86.6023594573807	47515.6417820345
0.63096	22679.5866415435	402423.037819831	403061.614419399	86.7743609722073	47519.1838480256
0.50119	27419.4095245464	503639.934734694	504385.772874534	86.883751798031	47523.0259190159
0.39811	33895.5037333797	630960.822217655	631870.607281997	86.925000300468	47527.3629990049
0.31623	42683.9646360531	790620.916465314	791772.286954718	86.9097211401678	47532.1900889928
0.25119	54907.8467540474	990176.358443487	991697.581148391	86.8260510730666	47537.6821909789
0.19953	72581.7388936328	1240695.17855177	1242816.41238858	86.6519633477601	47543.9193079631
0.15849	96972.9365867523	1553933.1076991	1556955.95751249	86.4290970893668	47551.2564439446
0.12589	132067.050314222	1943957.20159362	1948438.17130706	86.1134560183916	47559.808601923
0.1	185991.828360618	2434557.3807755	2441651.6132539	85.6312851405524	47570.0857898971
