Frequency (Hz)	Z' (Ω)	-Z'' (Ω)	Z (Ω)	-Phase (°)	Time (s)
10000	108.758072184509	48.2801282028902	118.992810894518	23.9374998178497	85372.3607264555
7943.3	109.556358276681	59.4603601256449	124.652035944544	28.4903501553655	85373.737750452
6309.6	109.925581706307	72.0700971100829	131.444788450995	33.2499007312504	85375.1947794484
5011.9	111.041681458546	89.7957873802141	142.805946838267	38.9613386397974	85376.6668064446
3981.1	110.941454930282	112.749586807054	158.178619753775	45.4631212244271	85378.123832441
3162.3	111.739178202091	140.445795124857	179.473299723195	51.4941165938117	85379.5758604373
2511.9	113.966103051593	174.098854838846	208.083358058649	56.791013173212	85381.0378854336
1995.3	114.865816854737	219.380458788217	247.632674701531	62.363812795079	85382.5399134298
1584.9	114.271055376209	274.215007209196	297.071951344337	67.3774997511057	85383.9619384262
1258.9	119.310779039241	348.733609669753	368.578611029243	71.1128572108826	85385.3789674226
1000	122.656891458312	433.147840243993	450.179702485854	74.1891732509339	85389.5670444121
794.33	128.081581689595	543.536040101127	558.423064044566	76.7404289900297	85391.0890734082
630.96	136.001462638403	681.909424871635	695.339385889041	78.7208054945269	85392.5660994045
501.19	147.421311227404	854.52770425212	867.150875187476	80.2118012785382	85394.0631274007
398.11	164.402791693356	1071.86617027682	1084.40092442808	81.2799328382049	85397.1691883929
316.23	189.290916968674	1342.390769673	1355.67106251853	81.9736246693694	85398.5612113894
251.19	225.465878860035	1677.41139414404	1692.49633610663	82.3445860692839	85400.1082393855
199.53	277.937927458233	2093.63157054821	2111.99967914675	82.4379736851173	85401.5902653817
158.49	352.938133812567	2605.47737393487	2629.27322132669	82.2856658497033	85403.2122973776
125.89	458.792882213409	3234.93869691286	3267.31071089879	81.9279005895912	85404.7493253737
100	604.600808501749	3999.7713058352	4045.20860236201	81.4043096175955	85406.3113523698
79.433	799.098170230004	4925.83697255832	4990.23323762402	80.7854170381437	85407.8983823658
63.096	1049.42308533656	6034.70246684903	6125.26919207892	80.1350260353798	85409.5454143616
50.119	1347.99164930076	7365.85209621106	7488.18126048251	79.6293143719819	85411.367446357
39.811	1708.86449845581	8969.8916897518	9131.21978707999	79.2137685169576	85413.0994793526
31.623	2104.17851876737	10908.7369679196	11109.8204069237	79.0823417833577	85414.951512348
25.119	2539.77803881829	13276.6668073868	13517.4092932348	79.170361944398	85416.6885443436
19.953	2999.71885524078	16168.5915501722	16444.5026050284	79.4895595948817	85418.7405833384
15.849	3487.9312085919	19753.276521331	20058.8533432007	79.9862287309981	85420.8576223331
12.589	3989.66913040733	24251.540259625	24577.5235679744	80.6578369302186	85423.0046623276
10	4537.0381554652	29840.1837702338	30183.1291065965	81.3547009707945	85425.5067073213
7.9433	5104.58004144335	36848.7595809257	37200.6427370867	82.1131318976957	85428.9707763126
6.3096	5766.56267592379	45582.0610152151	45945.3755180013	82.78984346324	85431.3478183066
5.0119	6474.99238095253	56539.7736674076	56909.3272908323	83.4668905689969	85433.9698683
3.9811	7320.60841376034	70339.5038213308	70719.4252336558	84.0583129448326	85436.5419152935
3.1623	8293.65659704542	87504.5108644225	87896.6675214229	84.5856936788811	85439.1939632868
2.5119	9587.3014888568	108970.920237239	109391.854391398	84.9720426983809	85441.9510152798
1.9953	10846.4591461736	135913.184792179	136345.295028331	85.4372193140308	85444.8580682725
1.5849	12358.541116403	169902.175088326	170351.057050638	85.8396803278619	85449.2521512614
1.2589	14430.9155440164	212215.329265751	212705.423764439	86.1098021868598	85452.164203254
1	16642.4460367392	264883.403656325	265405.705557822	86.404870373165	85457.4333032407
0.79433	19627.8584512439	331452.943333744	332033.592384844	86.6110373013282	85460.7753612323
0.63096	23564.6701296506	414845.987033526	415514.724932992	86.7488975658886	85464.5174312228
0.50119	28798.0665714784	519675.543166084	520472.86077491	86.8281713261685	85468.4845032128
0.39811	35887.200693301	650761.840618387	651750.61517319	86.8435387117426	85472.8365852018
0.31623	45789.5311715374	815062.831371625	816348.026425274	86.7845521343404	85477.7836791893
0.25119	59625.0861490429	1021227.28335334	1022966.42914786	86.6585383371145	85483.4057801751
0.19953	79218.9665865999	1278651.81562216	1281103.47367451	86.4547672075128	85489.8779021588
0.15849	106622.746079569	1601126.48824303	1604672.68978287	86.1901654252419	85497.4000401398
0.12589	148465.508017283	2002318.02138013	2007814.59946243	85.7594601015149	85506.1172031178
0.1	207149.137155484	2504961.84575636	2513512.4057222	85.2726518697559	85516.5543960915
