Frequency (Hz)	Z' (Ω)	-Z'' (Ω)	Z (Ω)	-Phase (°)	Time (s)
10000	111.519847010845	48.4233950597782	121.579198329474	23.4711243534521	68633.901804716
7943.3	112.862501156025	58.6323382732909	127.18370673395	27.4519842274364	68635.2338257127
6309.6	112.288385397097	72.0034516462403	133.391073704576	32.6694892792883	68636.685854709
5011.9	113.629733693053	89.5777031264046	144.692367720473	38.2497649060327	68638.1078787054
3981.1	112.608684932854	111.574421519837	158.523081788719	44.7356691635328	68639.5599057018
3162.3	113.744672335756	139.010562921075	179.615664930436	50.7084311080313	68640.9769316982
2511.9	115.210003771521	173.246741121664	208.057151471202	56.375882675141	68642.3889576946
1995.3	118.788045006305	219.550219166465	249.625516268796	61.5843152948344	68643.815983691
1584.9	116.071189949528	274.202576744714	297.75757627597	67.0568399310278	68645.2230116875
1258.9	119.425727043088	346.492942518646	366.496744180627	70.9824631933092	68646.5400366841
1000	124.682211167388	432.671527489995	450.278030201469	73.9246964444662	68650.6681146737
794.33	130.16985615248	542.786954462606	558.177274157188	76.514149556037	68652.1051386701
630.96	138.197249945888	680.610662932149	694.499355211757	78.5221958598736	68653.5471666665
501.19	149.975805940495	853.36760980566	866.44620134947	80.0322961873812	68654.9941916628
398.11	167.383614225703	1070.68896051439	1083.69374109046	81.1147197471242	68658.0202486552
316.23	192.850587880782	1339.88205313905	1353.68950116712	81.8096087900853	68659.3722736518
251.19	229.885591138962	1674.29832984966	1690.00659239858	82.182021511455	68660.8793016479
199.53	283.305224958136	2088.05400596774	2107.18565445158	82.2733442526491	68662.3063286443
158.49	360.390290690241	2599.91749708557	2624.77659111694	82.1081746040536	68663.7783556406
125.89	468.569711245792	3225.76325689837	3259.61748735224	81.7351042158895	68665.3103826368
100	616.839397270039	3984.6322893943	4032.09440907677	81.2002004154428	68666.807410633
79.433	813.979475860435	4903.63783300466	4970.73702627656	80.5751241378879	68668.4444396288
63.096	1068.74948984967	6008.1785296474	6102.49413897055	79.9135888273146	68670.0014716249
50.119	1376.2134901677	7322.512642559	7450.71506440529	79.3558380558686	68671.8835036202
39.811	1736.41641281884	8908.3875385198	9076.04046350397	78.9702470064863	68673.530534616
31.623	2141.6783883416	10828.3183668331	11038.0824862195	78.8121511857552	68675.2975676115
25.119	2579.68416904971	13165.9425522853	13416.2891181624	78.9141271916774	68677.089600607
19.953	3040.40862586645	16032.904207796	16318.642772872	79.2621880859663	68679.1316386019
15.849	3530.26061911328	19588.1979605541	19903.7745008508	79.7836031368954	68681.2036765966
12.589	4037.79708105279	24013.031091723	24350.1430689804	80.4549922912408	68683.2957165914
10	4588.58648797009	29535.2067505949	29889.5226418551	81.1691316802046	68685.7177615852
7.9433	5180.02490275597	36465.9817522017	36832.0578184966	81.9151741354253	68688.1398065791
6.3096	5833.46233768691	45091.9242324501	45467.6908785814	82.6286870307074	68690.6618525728
5.0119	6529.591319852	55923.4136139705	56303.319200945	83.340325952422	68693.1738995664
3.9811	7357.1929635858	69504.945303444	69893.2450952034	83.9576639398371	68695.7959465598
3.1623	8307.13396517683	86478.5461209369	86876.6217915177	84.5130000537557	68698.3729945533
2.5119	9514.8922662295	107713.957906844	108133.389398443	84.9518910513147	68701.1050465464
1.9953	10732.1573636676	134523.873821339	134951.294286413	85.4386704394398	68703.9070995393
1.5849	12349.3297179054	167876.917581896	168330.524270794	85.7927967694301	68708.2861805283
1.2589	14326.060562534	209676.573182058	210165.414263651	86.0913654163224	68711.2432345208
1	16486.6029423009	261753.591499197	262272.283589604	86.3959745846865	68716.4023305078
0.79433	19439.9371036325	327572.479210043	328148.808150216	86.6037393608782	68719.7293914994
0.63096	23183.5350105815	410001.056643391	410655.990756599	86.7636529193958	68723.3864574901
0.50119	28324.6026547756	513398.633127821	514179.384663627	86.8421485718638	68727.3085304802
0.39811	35111.6856422266	642858.800361329	643816.951990739	86.8737232311767	68731.7056114691
0.31623	44949.2563213945	805211.089413458	806464.713523323	86.804896820075	68736.5977034568
0.25119	57921.1820950751	1008779.72993033	1010441.19415907	86.713851893206	68742.1498074428
0.19953	77022.6969151016	1264223.10992184	1266567.23765481	86.5135684244839	68748.5419234266
0.15849	103343.18811709	1582288.40932878	1585659.61821143	86.2631776385795	68755.9490624079
0.12589	141416.027714377	1981855.44565771	1986894.43614341	85.9185561104245	68764.5912223861
0.1	196059.450102937	2474913.8980206	2482667.53927911	85.4705622758926	68774.93841336
