Frequency (Hz)	Z' (Ω)	-Z'' (Ω)	Z (Ω)	-Phase (°)	Time (s)
10000	119.333433533083	48.1091493387781	128.666074040112	21.95677659138	4199.03375039846
7943.3	119.976004315029	57.7609515703609	133.156183250022	25.7079095855399	4200.15076739564
6309.6	120.102259712907	72.2909289356589	140.180352384088	31.0442178584065	4201.34779239262
5011.9	120.972561677613	90.4701109826352	151.060258374114	36.7912144013977	4202.54981438958
3981.1	121.177981919272	110.990365966035	164.325788114044	42.4874559951872	4203.7318343866
3162.3	122.564451687778	138.860852018863	185.214419095626	48.56701638195	4204.92385838359
2511.9	122.54565171703	174.236161585187	213.015672565873	54.8801006445467	4206.13088038054
1995.3	124.149872018842	216.966396191414	249.975214368514	60.2214718541182	4207.32290037753
1584.9	128.200371733292	271.819014199138	300.534377056512	64.7496203287343	4208.47492137462
1258.9	132.225366205483	343.809759200455	368.359468440339	68.9638182831762	4209.6719443716
1000	134.663160998829	429.568900856663	450.181749422828	72.5946043375033	4213.52001736189
794.33	141.023257877059	538.778327611649	556.928761661906	75.3321011891763	4214.63703835906
630.96	150.32400778464	674.903764860334	691.442260162835	77.4432531031732	4215.84405935602
501.19	164.106737933887	846.095544883651	861.86349992749	79.0233345084981	4217.06108235294
398.11	184.120745759488	1059.53266240117	1075.41150808141	80.1418463376249	4219.79213334605
316.23	213.512506753286	1324.68783508673	1341.78442790444	80.8438424139714	4220.92915234318
251.19	256.253696821177	1653.50161935384	1673.24043769576	81.1905885424428	4222.16617734006
199.53	317.825226739016	2059.38137890542	2083.76211179062	81.2267339277936	4223.37319933701
158.49	405.686413792512	2557.58465361069	2589.55994847015	80.9867831406896	4224.61522333387
125.89	527.318168025577	3161.081570569	3204.76226046813	80.5293674483675	4225.90724433061
100	694.524108874156	3894.71159407378	3956.15244130205	79.8890167175138	4227.15427032746
79.433	913.775745671402	4772.08920513314	4858.7880685543	79.1600254391053	4228.47629532412
63.096	1190.64275583255	5815.27832756003	5935.91544742729	78.4289562321835	4229.81331832075
50.119	1528.11246738927	7053.7361885785	7217.36253288225	77.776406076102	4231.44034631664
39.811	1915.07938907106	8538.70804367257	8750.83219594134	77.35877304781	4232.86237631305
31.623	2345.49156388128	10324.4347708462	10587.506033703	77.2008573565266	4235.0614173075
25.119	2814.78905049359	12490.7347252001	12803.9638930332	77.3005220635587	4236.52844330379
19.953	3303.44547261398	15139.6341017392	15495.8469508794	77.69107174351	4238.32547429926
15.849	3820.64585561228	18415.071642397	18807.2379244965	78.278915343346	4240.15251029464
12.589	4354.05201124078	22502.5319237363	22919.8977287282	79.0490708538915	4241.99954428998
10	4925.78852250656	27570.119627514	28006.693643554	79.8701870313187	4244.16658328451
7.9433	5545.19427106783	33917.9481464756	34368.246768942	80.7149429407024	4246.36862527895
6.3096	6212.33177379461	41906.6728012892	42364.6349133568	81.5677654960542	4248.58066527336
5.0119	6894.11719102571	51863.2247214955	52319.4316708041	82.4281299858008	4250.90770726749
3.9811	7672.23065841282	64308.446209961	64764.4916386699	83.1965628568802	4253.17975326175
3.1623	8573.20587907847	79947.3282707545	80405.6910714463	83.8792386516775	4255.58179525569
2.5119	9768.05311133707	99560.3560892525	100038.389462269	84.3965373109086	4257.97383824965
1.9953	10777.5919330244	124110.676448165	124577.752814441	85.0369675526031	4260.55588624313
1.5849	12298.8394213872	154798.777153809	155286.58299875	85.4573642206301	4265.97699022944
1.2589	14077.5436724493	193643.341859339	194154.374357887	85.8420084276581	4268.69403822258
1	15893.1429105404	241616.828637411	242138.976359393	86.2366028951841	4273.56312821029
0.79433	18289.0937163583	302069.135055931	302622.29478742	86.5351963807945	4276.64518420251
0.63096	21389.895972396	378102.881844435	378707.429170298	86.762135571635	4280.06724719387
0.50119	25256.7158148047	473289.974612463	473963.397070296	86.945356998304	4283.80931918442
0.39811	30543.5323763828	593201.121919287	593986.934550187	87.052481243798	4287.88639517413
0.31623	37740.5364651581	743359.277785676	744316.709447477	87.0935744474476	4292.48347816252
0.25119	47167.2248353388	931617.730423155	932810.98982455	87.1016252167917	4297.80557614908
0.19953	60675.3741587729	1167546.49315499	1169122.02729562	87.0251134920327	4303.94769213358
0.15849	79267.4676218191	1463295.80039241	1465441.20689615	86.8992894626423	4311.13982411542
0.12589	106315.891327506	1834742.54448181	1837820.25053604	86.6836503753713	4319.56198109415
0.1	144983.915846045	2299942.37632258	2304507.59822102	86.3929577886291	4329.6041650688
