Frequency (Hz)	Z' (Ω)	-Z'' (Ω)	Z (Ω)	-Phase (°)	Time (s)
10000	120.400502279897	47.0629999736985	129.271833420029	21.3498859484332	3738.92422956012
7943.3	120.851270911003	59.3646670774551	134.644693092679	26.161234341985	3740.03625055732
6309.6	120.732739784555	72.5375127801735	140.847737703589	30.9978953183824	3741.23327155429
5011.9	121.508562849023	90.2307297274046	151.347003382211	36.5971148751295	3742.43029555127
3981.1	121.792801868083	111.705870567655	165.262482451873	42.5264121257751	3743.62731754825
3162.3	122.702194420625	138.96224625206	185.381591316546	48.5558364416141	3744.80433654528
2511.9	124.985282086022	173.992419402608	214.230443092702	54.3088949619183	3746.00136154226
1995.3	125.226728715528	217.387225258153	250.87634262766	60.0557446108084	3747.20338253922
1584.9	128.379541056653	272.555857079598	301.27728389361	64.778578169576	3748.53040753587
1258.9	129.378663892837	343.710773958516	367.254591265865	69.372796853048	3749.72742853285
1000	134.795314394703	429.536060002833	450.189963932476	72.5773049935159	3753.4705005234
794.33	141.185988828559	538.544540346978	556.743841797137	75.3098076937195	3754.69252152031
630.96	150.534258186449	674.844591342122	691.430246193685	77.4251812631308	3755.87954251732
501.19	164.32921141969	845.52384478253	861.34468235524	79.0015654862663	3757.08656651427
398.11	184.516584892839	1059.53592772516	1075.48256714878	80.1210993686101	3759.86761850725
316.23	214.054838909736	1324.3103151971	1341.49814945758	80.8184086434768	3760.97963850444
251.19	256.883182101926	1652.29709756767	1672.14672438675	81.1629529597437	3762.23665950127
199.53	318.862606836694	2058.67974937358	2083.22722536923	81.1955930033333	3763.44868249821
158.49	406.597476109352	2556.52185669869	2588.65322346517	80.9631819754335	3764.68570549508
125.89	528.755632615201	3160.40726389658	3204.33403263651	80.5020309857098	3765.97273149183
100	696.429066640004	3891.73070260315	3953.55299780401	79.8542544379425	3767.22475148867
79.433	916.78378344639	4767.05675466106	4854.4126944204	79.1139849890691	3768.52677948538
63.096	1195.99396653915	5812.26631346684	5934.04088852271	78.3725045788261	3769.87380248198
50.119	1533.90752012469	7045.77895447579	7210.81641394572	77.7180167926708	3771.42082947808
39.811	1919.80246387582	8527.60577018553	8741.0355034175	77.3126385792232	3772.84785547447
31.623	2351.00704214531	10303.9155615136	10568.7231968209	77.1470560540442	3775.16190046863
25.119	2814.0856554961	12461.0830323222	12774.8842818594	77.2743637300494	3776.61892546495
19.953	3307.04565596187	15110.3699520617	15468.0260879915	77.654934003504	3778.38596146049
15.849	3825.5998468187	18379.3515247472	18773.2729340998	78.2419644844543	3780.2029914559
12.589	4363.59302825674	22439.9016163173	22860.2302846286	78.9957731622834	3782.04502845125
10	4930.36094113569	27521.2775002759	27959.4201344926	79.8433594136811	3784.21706844577
7.9433	5555.68732178957	33858.4534467102	34311.2303979402	80.681620689672	3786.41910944021
6.3096	6205.71888724344	41801.1597282553	42259.2936705597	81.5556567263604	3788.72615243439
5.0119	6880.57877083024	51742.7326601291	52198.2063615139	82.4254332200876	3791.04819342852
3.9811	7696.8373397987	64178.8803862487	64638.7654017908	83.1612998937351	3793.42523742252
3.1623	8554.64784443747	79795.2300284816	80252.4811768497	83.8808342191092	3795.86228341637
2.5119	9750.00924098266	99313.340236704	99790.7923065579	84.3929994967811	3798.35932841006
1.9953	10782.6831796707	123818.791922469	124287.406802511	85.0229883829061	3800.93637640356
1.5849	12234.534046645	154569.725736796	155053.164874784	85.4743483641448	3806.36748038985
1.2589	13550.0857895561	193111.127346463	193585.930092882	85.986288508923	3810.57155537923
1	15807.9833998622	241097.46496359	241615.148430391	86.2486699875101	3815.42564536698
0.79433	18179.7558048123	301562.691226462	302110.179009032	86.5500899233219	3818.48770035925
0.63096	21278.9067434948	377328.683688401	377928.204036454	86.7723058849982	3821.93976535053
0.50119	25207.1107655226	472416.018694184	473088.039535993	86.9457158382499	3825.62683434122
0.39811	30499.5281762326	591810.379276194	592595.769676097	87.0498158303896	3829.7139103309
0.31623	37213.0843340299	741523.306409456	742456.481953026	87.127041840359	3834.40599631906
0.25119	47134.9591273727	929703.374804278	930897.453801654	87.0976507404385	3839.74309630558
0.19953	60293.2738299101	1165006.90772735	1166566.06067619	87.0373816775152	3845.92021128998
0.15849	78984.3789047958	1460373.31053457	1462507.68826447	86.9041705791612	3853.10234427185
0.12589	105025.295131258	1831955.21336024	1834963.27384914	86.7188463288586	3861.58449925044
0.1	144021.4416845	2294261.52131579	2298777.52378414	86.4079913935898	3871.67168822497
