Frequency (Hz)	Z' (Ω)	-Z'' (Ω)	Z (Ω)	-Phase (°)	Time (s)
10000	110.965759445178	48.266168517503	121.008358358442	23.5073309051159	63475.8803007388
7943.3	112.681498998313	58.6724669706502	127.041641192676	27.5056771485001	63477.1973227355
6309.6	113.144391197983	72.3072165084975	134.275786420221	32.5814364907401	63478.579346732
5011.9	112.450136706039	88.8474782207868	143.314017567717	38.312459368387	63480.0113747284
3981.1	113.593960179276	112.207119001307	159.668485756534	44.6481011183994	63481.4333997248
3162.3	114.12689783973	140.570679551037	181.066465034143	50.9274532143524	63482.8554277212
2511.9	115.981847394097	175.955579037868	210.74191495642	56.6089610221741	63484.2774537176
1995.3	115.459850480587	220.885196878359	249.241343426388	62.4032880246346	63485.6794787141
1584.9	120.567724213238	273.509385394834	298.904600200498	66.211275169144	63487.0865037105
1258.9	119.04586696247	343.955703467434	363.974510630379	70.908846859261	63488.463531707
1000	125.263663600862	432.567242425463	450.339210638247	73.8499380591286	63492.6016106966
794.33	130.850337588402	542.776860750116	558.326545502495	76.4460020215978	63494.0636356929
630.96	138.893586864313	680.609727844478	694.637337110933	78.4658931492138	63495.4656606894
501.19	150.820918510555	852.868028985788	866.100931951046	79.9715121761535	63496.8776846858
398.11	168.131957318762	1069.68296593488	1082.81577504351	81.0673754742642	63499.7787416785
316.23	193.783975877036	1339.09148389775	1353.04036582587	81.765717446494	63501.145764675
251.19	231.113491447482	1672.53209084065	1688.42442555799	82.1325877298814	63502.5927916714
199.53	284.90391426323	2086.98767256991	2106.34465029379	82.2263525317091	63504.0248176677
158.49	362.198267631147	2597.83969151868	2622.96752703972	82.062823585	63505.516845664
125.89	470.631394915548	3223.04410218555	3257.22384777486	81.6923393900345	63507.0138746602
100	619.693858642723	3983.94031142255	4031.84832098346	81.1586093626639	63508.5059006564
79.433	818.646139069809	4899.90180021802	4967.81834941594	80.5149721995973	63510.0229296526
63.096	1073.61165689883	5997.39435671067	6092.73182240398	79.8508109410731	63511.5849596487
50.119	1378.14265593587	7320.12872353746	7448.72886533455	79.3378671695276	63513.3619926442
39.811	1741.34480419836	8898.76573794797	9067.54174988929	78.9280490401517	63514.9440196402
31.623	2144.67615885978	10808.3810725833	11019.1078239828	78.7767457569009	63516.6810546358
25.119	2586.74759988085	13137.4971528217	13389.7384061783	78.8610618278137	63518.3330846316
19.953	3049.09048009992	16002.2577760224	16290.1567422203	79.2121040777708	63520.3901226264
15.849	3544.00609849582	19539.8190132269	19858.612899592	79.719816457258	63522.4371586213
12.589	4050.5528892659	23958.0209108061	24298.0193569633	80.4038200873772	63524.509200616
10	4595.38331383325	29457.8585885212	29814.1406118366	81.1334048940397	63526.9362416099
7.9433	5213.57701019715	36352.6107011592	36724.5652122839	81.8384724861033	63529.3682896038
6.3096	5811.7339396285	44969.1152496347	45343.1094844626	82.6360065211057	63531.8903335974
5.0119	6548.97626232164	55793.0947227212	56176.138251245	83.3052735304046	63534.432380591
3.9811	7391.51282181707	69341.8185673842	69734.6561189422	83.9155141745398	63537.0294305844
3.1623	8314.17849802222	86288.6257032757	86688.2488567914	84.4963625764224	63539.6964785777
2.5119	9596.7938300742	107487.917368174	107915.480038613	84.8980154214119	63542.328526571
1.9953	10752.4585479332	134135.100970135	134565.376962625	85.4168896751104	63545.105580564
1.5849	12366.1879204927	167470.916461983	167926.860461039	85.7768976115793	63550.7566865498
1.2589	14241.0835667215	209206.663232189	209690.811438892	86.1057781434121	63553.6087385426
1	16460.6303696828	261210.498386071	261728.632020395	86.3941755643668	63558.7828355295
0.79433	19365.5209300941	326753.609129839	327326.968764063	86.60825098541	63562.0098915214
0.63096	23111.8915083931	409033.852573248	409686.284954732	86.7660200472979	63565.6469615122
0.50119	28065.0506893248	512011.701517879	512780.293655507	86.8625689048568	63569.5690325023
0.39811	34837.6783143539	641644.532884111	642589.581622985	86.8922137990984	63573.8911114914
0.31623	44339.1037048297	803527.053244387	804749.452570771	86.8415876780506	63578.7032024792
0.25119	57107.0812168641	1006909.41515081	1008527.53509484	86.7539351696308	63584.2553034652
0.19953	75828.6912692213	1260659.54279036	1262938.03222803	86.5578052809126	63590.6324214491
0.15849	101954.042085681	1578696.87121043	1581985.59976607	86.304904671582	63598.0345604304
0.12589	141154.708178242	1976652.59032518	1981686.17961577	85.9153857431908	63606.7617224084
0.1	194713.997132702	2473847.10112373	2481498.14032122	85.4995854950537	63617.1189133822
