Frequency (Hz)	Z' (Ω)	-Z'' (Ω)	Z (Ω)	-Phase (°)	Time (s)
10000	116.221164840142	48.4982160653156	125.934253157421	22.6504095545235	29657.886139121
7943.3	116.631919534161	59.1177251432773	130.758977054499	26.8792796871406	29659.093157118
6309.6	117.330412329292	71.7421928608061	137.525880814626	31.4438828047896	29660.3951811147
5011.9	117.136864382411	89.8766105013458	147.644336540736	37.4982553335431	29661.7072041114
3981.1	117.402630493425	110.135580111588	160.9758480434	43.1707255534374	29663.0142311081
3162.3	118.294092722563	138.878541331497	182.430100628757	49.5762762066877	29664.3212541048
2511.9	118.606618205356	175.393889164918	211.732251295136	55.9322608964705	29665.6232801015
1995.3	121.39740000347	218.354530349762	249.832002857655	60.9274877911063	29666.9253010982
1584.9	122.996313144373	273.820038000996	300.175792258429	65.8110190216191	29668.197325095
1258.9	127.353635393706	345.784325852927	368.49117825744	69.7810626644002	29669.4543510918
1000	130.059574619241	430.878270614205	450.07952301524	73.2036859113982	29673.4174250818
794.33	135.947352195406	540.153610767094	556.99874846688	75.8730488891151	29674.7294480785
630.96	144.745538208243	677.496862089239	692.786596992147	77.9402068826232	29676.0214720752
501.19	157.637622095485	849.411967441818	863.915684736247	79.4864088775351	29677.3484970719
398.11	176.588858509436	1064.54665911618	1079.09370046585	80.5814405186043	29680.2145520647
316.23	204.092205189284	1331.39898071275	1346.95095458668	81.2848824119839	29681.4365720616
251.19	244.382550765559	1663.11495976663	1680.97418199039	81.6406282786325	29682.7785970582
199.53	302.52132687715	2072.37663496084	2094.34096325005	81.6947409006808	29684.0906190549
158.49	385.221071068464	2575.93008813975	2604.57503109025	81.494653558058	29685.4376450515
125.89	501.421778027246	3191.21261220222	3230.36557308279	81.0703646449148	29686.819670048
100	659.48097642425	3936.28719264205	3991.14921059378	80.4890636134134	29688.1716940446
79.433	869.10996302904	4830.48374082153	4908.04699429188	79.8003589754695	29689.578723041
63.096	1137.57020368799	5904.47316015452	6013.05822916292	79.0948735879097	29691.0157500374
50.119	1457.18092290465	7181.19986425575	7327.55127805081	78.5295050539934	29692.752781033
39.811	1833.83896088784	8701.93293880403	8893.06483760873	78.099659130698	29694.2748100292
31.623	2250.53165129394	10544.7795283076	10782.2663672388	77.9523386821558	29695.941839025
25.119	2700.185599473	12794.3707575116	13076.196899415	78.0828979718119	29697.4788680211
19.953	3177.24930350155	15532.9947182668	15854.6156703436	78.4397069141585	29699.3509020163
15.849	3689.95124133388	18952.8533791952	19308.7128358338	78.9828441517769	29701.2679380115
12.589	4215.56125336392	23178.3869754764	23558.6200670964	79.692021144866	29703.2349740065
10	4750.14055895698	28466.0280949605	28859.6360135212	80.5263145945675	29705.5320160007
7.9433	5319.81368453023	35099.6408730707	35500.4958705741	81.3816609681026	29707.8390599949
6.3096	5987.73267264535	43311.4326635142	43723.3706606111	82.1288479124306	29710.1561019891
5.0119	6662.61770681304	53711.7619979496	54123.4131557824	82.9289263638477	29712.5881499829
3.9811	7493.60385209055	66741.524756044	67160.8905945544	83.5937751735873	29715.0001939768
3.1623	8378.85223693057	83057.850967426	83479.4092704031	84.2395063802419	29717.5422389704
2.5119	9560.839783619	103282.869086825	103724.446029729	84.7112327300062	29720.1392879639
1.9953	10632.8796883263	129005.475543007	129442.925069483	85.2882218952108	29722.7063349574
1.5849	12164.848025942	160966.028823754	161425.047507454	85.678143773613	29726.9604179466
1.2589	14012.2952723226	201047.41623354	201535.128434179	86.0131335958086	29729.6974639397
1	15938.1056232761	251205.84064845	251710.940538454	86.369655230658	29734.7765629269
0.79433	18491.156769071	314229.287628809	314772.883333948	86.6322526539229	29737.8786169191
0.63096	21790.4572749895	393043.572704206	393647.144118104	86.8267527236515	29741.4106809102
0.50119	25993.6027600191	492266.649821921	492952.454006818	86.9773661479914	29745.2077549006
0.39811	31947.9979501678	616868.845093508	617695.59381626	87.0352669381909	29749.4548298898
0.31623	39650.4263468473	772905.920368199	773922.294581116	87.0632747940267	29754.2269178778
0.25119	50912.4438704286	968702.738372339	970039.727161176	86.9914540637948	29759.5840178643
0.19953	66152.202900162	1213795.38324866	1215596.70382257	86.8804494875956	29765.7911318486
0.15849	88029.3826824859	1522170.21210453	1524713.52287366	86.6901858616197	29773.0982698302
0.12589	118613.963394372	1906058.35939124	1909745.46516476	86.4390769967251	29781.6554278085
0.1	163770.412539513	2388270.01472649	2393878.52892854	86.07720769495	29791.8476167828
