Frequency (Hz)	Z' (Ω)	-Z'' (Ω)	Z (Ω)	-Phase (°)	Time (s)
10000	115.48400129855	48.64235748672	125.310149221	22.8410349461035	39810.3041174886
7943.3	114.653780413233	58.0646228764928	128.518441450382	26.8592243738774	39811.5311384855
6309.6	115.599647202268	72.2481579424878	136.319751904746	32.0048052563573	39812.8531604822
5011.9	116.332184632546	90.9620810842504	147.672872852662	38.0224467078622	39814.1701864789
3981.1	116.753738572443	111.431290265329	161.395067833061	43.6638100683025	39815.4822104756
3162.3	117.52436475505	139.201627856164	182.178674681983	49.8264553121335	39816.8042354722
2511.9	117.831527938589	173.298843621618	209.563255789111	55.786939850662	39818.1312594689
1995.3	121.458250020252	216.751931750459	248.462283688164	60.7356473199414	39819.4732844655
1584.9	123.631328606284	274.031362722443	300.629162205655	65.7171227404215	39820.7603084622
1258.9	123.416731972092	344.721010840291	366.147873195275	70.3016587696921	39822.042330459
1000	128.708821967836	431.590213470586	450.373259881106	73.3943685298115	39826.010405449
794.33	134.537132416041	541.432312984557	557.897113760718	76.0455500141514	39827.3774294455
630.96	143.064854858993	678.918159573261	693.828091168243	78.1004558466821	39828.6894534422
501.19	155.500853389378	850.749204926026	864.843757615842	79.6417583658925	39830.0364784388
398.11	173.795983724952	1066.63003181616	1080.6963813815	80.7455912483628	39832.9125354316
316.23	200.557904110981	1333.8517824532	1348.84545091532	81.4490649550083	39834.1495544284
251.19	239.720067769922	1667.41022482181	1684.554115703	81.8187652454031	39835.5565804249
199.53	296.18468431376	2078.04642749329	2099.04795610764	81.8882478676779	39836.8636074216
158.49	376.934985594665	2585.4571508826	2612.78944088788	81.7052603892365	39838.2156314182
125.89	490.073263400024	3202.46880322292	3239.74971859179	81.2995336936191	39839.6176574146
100	644.355461574344	3954.07875141628	4006.23672955835	80.7444547334741	39840.9846824112
79.433	850.334538988289	4856.44726849214	4930.32949201584	80.0685315488155	39842.3867094076
63.096	1113.68855692696	5941.75601440237	6045.22677296037	79.3839842579584	39843.8637364039
50.119	1427.07164479748	7234.76505414709	7374.16835094595	78.8415420657042	39845.6207663995
39.811	1801.36326376234	8775.00943620897	8957.99643969504	78.3992950707101	39847.1577963956
31.623	2215.87656212041	10651.1042180019	10879.1603536896	78.2477121988763	39848.8048253914
25.119	2656.01599662761	12922.1026324963	13192.2385294957	78.385155142601	39850.3818553875
19.953	3130.0200033764	15708.6300278175	16017.4305858458	78.7311277911994	39852.3138903826
15.849	3621.6083991894	19175.5138287781	19514.5171089304	79.3047387813864	39854.2559263777
12.589	4163.71065797739	23460.5883621567	23827.2048873114	79.9361181076436	39856.2279643727
10	4697.49067561493	28832.9286383653	29213.0825575213	80.7466122260633	39858.5400083669
7.9433	5297.21683926013	35546.9694001157	35939.498323918	81.5241447996013	39860.877049361
6.3096	5926.54503770847	43953.7060253401	44351.4623146295	82.3207767424485	39863.1940953551
5.0119	6644.98296713251	54506.8167757458	54910.3712759093	83.0493106679167	39865.6361393489
3.9811	7446.84206607456	67682.264829142	68090.7073627465	83.7212018684283	39868.1081833427
3.1623	8330.76245846075	84243.9392960373	84654.8457635694	84.3524636813839	39870.5702303365
2.5119	9610.30914991379	104962.320790501	105401.36065386	84.7686067786997	39873.12727833
1.9953	10782.2945148881	130799.970726586	131243.62924379	85.2875653176973	39875.8443263232
1.5849	12297.1084513093	163314.467508088	163776.78154645	85.6939187591277	39880.0634093125
1.2589	14070.0527925176	204061.318218774	204545.808998297	86.0556916770725	39882.8304563055
1	16146.4301507514	254740.234172426	255251.433125919	86.3732215924068	39887.9045532927
0.79433	18846.9997093965	318765.414148171	319322.092337973	86.6163271785834	39891.0866102847
0.63096	22312.4952926157	399130.887525523	399754.065424099	86.8003414034332	39894.6436772757
0.50119	26848.946980396	499605.947671169	500326.862063554	86.9238696881012	39898.4557452661
0.39811	33090.8231753033	626112.336142198	626986.17213449	86.9746608593475	39902.6828252554
0.31623	41486.1606245557	784388.813434987	785485.144458706	86.9724590879604	39907.4949132433
0.25119	53444.7969500752	982054.147051614	983507.343166439	86.8849542443403	39912.9420152295
0.19953	69682.2579138752	1231305.44296276	1233275.60218213	86.7609619089048	39919.2341312136
0.15849	93370.3202508991	1541476.18510258	1544301.41032836	86.5337142149337	39926.5562651951
0.12589	126317.939355515	1931511.97617646	1935638.0694531	86.2582716842182	39935.0984261736
0.1	171688.794693292	2419595.20300496	2425678.87170331	85.9412288422996	39945.3256131477
