Frequency (Hz)	Z' (Ω)	-Z'' (Ω)	Z (Ω)	-Phase (°)	Time (s)
10000	119.910008637641	49.229805446428	129.622466863474	22.3209089226345	6037.54379075667
7943.3	119.930275252949	58.4270162134145	133.405349015138	25.9741801451921	6038.65081075387
6309.6	119.898646841495	72.1151088539224	139.915240197181	31.025530472575	6039.86283075081
5011.9	120.703014191748	88.8583273374467	149.883354553406	36.3595055495488	6041.07485574775
3981.1	119.934842456636	111.708351220189	163.899732054177	42.9660735338182	6042.27187774473
3162.3	122.261989567834	139.457260427949	185.462453286788	48.7589993746833	6043.4739007417
2511.9	123.196185823491	173.495026851848	212.785865469912	54.6220170317946	6044.67591973866
1995.3	124.474727414608	217.875855866983	250.925977799652	60.2602260114545	6045.87794573563
1584.9	127.115181710814	270.638597047791	299.004213404042	64.8412092551473	6047.04496673268
1258.9	131.435681255703	343.550006624649	367.834127507151	69.0641024154229	6048.24198572966
1000	134.363205256702	429.923860445444	450.430901145967	72.6445185583617	6052.08005871997
794.33	140.682323303634	538.937003498589	556.996059079548	75.3701617728624	6053.29708171689
630.96	149.959891777103	675.544812054935	691.988989967426	77.4842197913264	6054.4841047139
501.19	163.607388649503	846.334846415927	862.00350920317	79.0589467375705	6055.70612671081
398.11	183.497221579123	1059.98117459801	1075.74686652085	80.1786556741395	6058.45217970388
316.23	212.762568536084	1325.07125088653	1342.04386310436	80.8780562744166	6059.59419970099
251.19	255.484008415524	1654.23154724689	1673.84410578253	81.2204506981786	6060.82621969788
199.53	316.520079673451	2060.28512908733	2084.45670954685	81.2659779057842	6062.23324869433
158.49	403.904115831686	2558.41939176976	2590.10585091987	81.0286153741384	6063.4752696912
125.89	525.648233420659	3164.33258137556	3207.69492795888	80.5683441027623	6064.76729268793
100	692.4668233613	3899.63678627682	3960.64102972479	79.9308239975361	6066.03931668472
79.433	910.846317412865	4778.19075842175	4864.23148480945	79.2074318499601	6067.34633968142
63.096	1189.35092856212	5822.45423525631	5942.68701455206	78.4550355935937	6068.69336867802
50.119	1523.78571614121	7067.97352479913	7230.36462814825	77.8338027123151	6070.3253966739
39.811	1907.37759119011	8551.33168806135	8761.47036259419	77.425984443173	6071.75742467029
31.623	2341.54311675997	10345.2082411082	10606.8919915091	77.246514934026	6073.99146666465
25.119	2802.66420339192	12516.2536081972	12826.2048565304	77.3784202057862	6075.45849366094
19.953	3292.07075170528	15167.6663393234	15520.8193087633	77.754157389266	6077.24552365643
15.849	3803.88126641852	18479.7794049399	18867.2138786905	78.3686836561724	6079.08755965178
12.589	4339.04136892222	22550.221474347	22963.8796492082	79.1084448150598	6080.9395946471
10	4908.23192138421	27648.4530689446	28080.7353482726	79.9335619654352	6083.12163364159
7.9433	5486.41398663651	34043.0513413411	34482.315511896	80.8448719325644	6085.338672636
6.3096	6179.15103883189	42034.0972567587	42485.847523044	81.6372277827121	6087.5557146304
5.0119	6851.60250188427	52030.5105769117	52479.6959569884	82.4982076756623	6089.91275962445
3.9811	7658.38235767547	64521.8094342804	64974.7236470456	83.230977111024	6092.26480261851
3.1623	8561.99374243673	80218.9980691127	80674.6266682272	83.9077285406577	6094.69184761238
2.5119	9706.09647965167	99798.1518948953	100269.035252709	84.4450393029149	6097.0988936063
1.9953	10793.4858287447	124443.607574741	124910.811391775	85.0429161455977	6099.66093859984
1.5849	12227.6193173629	155369.636681541	155850.051898369	85.5000865961279	6105.13204158602
1.2589	13550.7071059309	194110.593269418	194583.000497156	86.0067053809879	6107.79908957929
1	15736.5663298527	242232.549476089	242743.171985413	86.2830197280277	6112.73318356683
0.79433	18128.7368462594	302914.092258578	303456.089720538	86.575059826653	6115.82023755904
0.63096	21244.538392869	379070.395191911	379665.240603453	86.7922834232408	6119.24730055039
0.50119	25106.2361281774	474918.767574136	475581.916063532	86.9739170113131	6122.92936854109
0.39811	30357.1995452037	594767.884398591	595542.102521899	87.0781351589553	6127.02644653075
0.31623	37432.7691545646	745099.765864141	746039.45827106	87.123958250746	6131.7185335189
0.25119	47010.9670705002	934416.152605627	935597.978447584	87.119847654182	6137.03563250547
0.19953	60702.169918899	1170417.01258601	1171990.07537762	87.031088302202	6143.17774648997
0.15849	79323.644704262	1468336.88949568	1470477.97047866	86.9077284411275	6150.36988047181
0.12589	105315.824515301	1840934.7252837	1843944.70786103	86.7258032823565	6158.78703445056
0.1	145876.885367522	2307383.54647851	2311990.24570699	86.3824736865834	6168.88922042505
