Frequency (Hz)	Z' (Ω)	-Z'' (Ω)	Z (Ω)	-Phase (°)	Time (s)
10000	114.099838704306	48.1674698811208	123.85022546244	22.8871346483429	49227.5904847123
7943.3	114.198376646134	59.1503038941582	128.608038937632	27.3823942219667	49228.877505709
6309.6	114.635807637575	72.3616347350357	135.563913244808	32.2613762906635	49230.1995287057
5011.9	114.250996287951	89.5552757420752	145.16693000139	38.0910087504719	49231.5765547022
3981.1	115.637671194411	111.105365955114	160.363566134226	43.8548826549195	49232.9185786988
3162.3	117.233628246387	138.871482054143	181.738856934135	49.8293467034311	49234.2656036954
2511.9	119.188727962285	175.674899582331	212.291363970675	55.844602222185	49235.6676316919
1995.3	118.258492699446	217.837958144535	247.867801668803	61.503629807514	49237.0246556885
1584.9	120.692469842041	275.997557492397	301.233006190127	66.3804610894883	49238.3616806851
1258.9	123.415974222476	344.052952607068	365.518723037445	70.2664730217912	49239.7037046817
1000	127.269310898687	431.985627944123	450.343269347845	73.5842522422472	49243.7767816714
794.33	133.000701086167	541.933517141131	558.015343418412	76.211062047165	49245.1638076679
630.96	141.355340526073	679.391623971526	693.941143770788	78.2466308101052	49246.5458306644
501.19	153.614189734788	851.793179308437	865.533904364382	79.7770404247723	49247.9378586609
398.11	171.567401952857	1067.4984012167	1081.19758139438	80.8695535964022	49250.8739126535
316.23	198.040849684116	1336.16805988242	1350.76469542018	81.5692535478407	49252.1409346503
251.19	236.500150592937	1669.96973313908	1686.63310498493	81.9394074392372	49253.5629626467
199.53	291.897225738311	2081.60298243612	2101.96930683602	82.0176262065641	49254.9349866432
158.49	371.308137671117	2590.21561581738	2616.69384329253	81.8422098918975	49256.3370126397
125.89	483.217871534475	3211.22379805786	3247.37706350578	81.4424631139686	49257.7690386361
100	635.417732283425	3966.06942665742	4016.64815381767	80.8977980232663	49259.1710666325
79.433	838.918777136821	4875.0541042835	4946.70973823249	80.2359446250721	49260.6280916289
63.096	1098.33358768548	5958.07430978717	6058.464009201	79.5551438004452	49262.1401196251
50.119	1416.38662846192	7259.65406408638	7396.53487867742	78.9600576095194	49263.8471536207
39.811	1780.58158653671	8823.69842785959	9001.56234951052	78.5911904583175	49265.4291836167
31.623	2192.87554733539	10708.3408549077	10930.565723282	78.4268605622231	49267.1162116125
25.119	2627.82082434681	13003.754314391	13266.6148113945	78.5754281613738	49268.7532426084
19.953	3101.42491170135	15817.6948936239	16118.8804893733	78.9065696130584	49270.6902786035
15.849	3588.02174454467	19306.3403281886	19636.9212685483	79.4718759834823	49272.6923175984
12.589	4111.86746495767	23671.1072134434	24025.5857526868	80.1455807641789	49274.819355593
10	4653.54686228308	29052.8947905211	29423.2254198712	80.8999479410131	49277.1463975872
7.9433	5283.71356692354	35869.5173324484	36256.5842671384	81.6203794943345	49279.5134425812
6.3096	5915.07199056307	44370.3139542071	44762.8510826606	82.4065871606404	49281.970488575
5.0119	6597.15062480974	54996.4716080973	55390.7418772007	83.1597181162591	49284.4775345687
3.9811	7432.17630244526	68295.9545456497	68699.1604889905	83.7893362266506	49286.9845815623
3.1623	8346.28585108953	84972.3199812944	85381.2371104541	84.3901978634912	49289.5766275558
2.5119	9499.50046491193	105870.711243789	106296.039476307	84.8727308655109	49292.1636775493
1.9953	10768.8421325742	132094.032845896	132532.265785993	85.339322301591	49294.9307295423
1.5849	12328.0336255705	165055.262115305	165515.01431902	85.7284900545861	49300.3818295285
1.2589	14084.4570045026	206165.483205539	206646.021966273	86.0918383996935	49303.2338815213
1	16339.975292301	257392.08167532	257910.214031371	86.367576724889	49308.3629795084
0.79433	19096.8637838198	321834.35496951	322400.437724607	86.6041902756461	49311.5500345003
0.63096	22804.6703240476	402598.293457884	403243.64704703	86.7580175035297	49315.1221034913
0.50119	27425.9909068137	504158.30929211	504903.739147869	86.8862038687005	49319.0291754814
0.39811	34237.5507660737	631783.071113969	632710.090664482	86.8980646893374	49323.2762554707
0.31623	42170.0107791748	790783.34233928	791906.941711208	86.9474860136696	49328.0983434585
0.25119	55048.5707572881	993241.403998498	994765.717020509	86.827732674998	49333.6254444446
0.19953	69663.8772858624	1246408.93024334	1248354.22744862	86.8009715235606	49339.9775604285
0.15849	98361.3592424096	1556394.00910909	1559499.04411086	86.3838169303374	49347.33470041
0.12589	133438.408710057	1947432.51397128	1951998.77187246	86.0802102223311	49355.9068583883
0.1	174716.231344585	2437567.48556584	2443820.98529803	85.9002520594862	49366.1340473625
