Frequency (Hz)	Z' (Ω)	-Z'' (Ω)	Z (Ω)	-Phase (°)	Time (s)
10000	118.796464598521	49.8376989570631	128.827001201	22.7591081818833	7439.4877472171
7943.3	119.29734638795	58.8177576042004	133.008967610433	26.2449068057968	7440.62477021423
6309.6	120.090353070249	72.0558415847315	140.049052860135	30.9643282634346	7441.8617932111
5011.9	121.347692225034	88.9778787174425	150.473669820994	36.2506354934053	7443.07381520804
3981.1	122.862340992932	111.36274037151	165.821635431918	42.1892423154792	7444.28583520499
3162.3	122.752713937771	139.123585298882	185.535982400998	48.5771195311583	7445.49285820194
2511.9	123.560700942271	173.056692156686	212.640225539664	54.4735531491368	7446.72488219883
1995.3	122.01917524767	216.232785584945	248.284708933004	60.5641609075416	7447.93190419578
1584.9	127.663024552573	271.780806980648	300.270969094522	64.8392467779078	7449.09892619283
1258.9	128.46555755001	343.395345671416	366.638463483343	69.4889780033436	7450.28594918984
1000	134.22417637816	429.514405076204	449.998615211603	72.6458629751365	7454.10902018018
794.33	140.580869087846	538.4123923595	556.462833439731	75.3666261952137	7455.35104217705
630.96	149.921761623139	675.252998871306	691.695848688481	77.4820649242307	7456.56806317398
501.19	163.592393707331	845.78994335838	861.465669405964	79.0530473538183	7457.79508717088
398.11	183.671758508833	1059.93267344019	1075.72886318988	80.1690550322424	7460.47113816412
316.23	213.011799117343	1325.051128055	1342.0635299877	80.8674144158377	7461.59315816129
251.19	255.479787474486	1653.05589273581	1672.68159143234	81.2144469474576	7462.84018115814
199.53	316.845960161933	2058.93687295027	2083.17363876975	81.251487896413	7464.06220115505
158.49	404.311014437421	2556.97472796766	2588.74238885616	81.0147336906857	7465.30922415191
125.89	527.178528749353	3165.38401245256	3208.98319526055	80.544466699768	7466.61125014862
100	693.085429644374	3894.98070693661	3956.16507747007	79.9102132459391	7467.88327214541
79.433	912.471418153318	4773.89844538538	4860.31999520604	79.1791382313327	7469.19029814211
63.096	1187.28297394281	5816.47876625083	5936.41862560763	78.4630483667423	7470.56232313864
50.119	1527.95687021868	7060.74644218097	7224.18109670706	77.789384002002	7472.57436013356
39.811	1912.75135894585	8540.02161268316	8751.60481890292	77.3755269684061	7474.00138512996
31.623	2337.85299259489	10327.6354184816	10588.9380936929	77.2449986097199	7476.26042912426
25.119	2804.06462060074	12493.820906299	12804.6217919616	77.3503716805987	7477.72745612055
19.953	3287.78897815653	15147.5155129891	15500.2187913956	77.7538255281273	7479.51449011604
15.849	3806.47954974743	18433.4493737645	18822.3628266428	78.3325033278853	7481.37152111135
12.589	4329.35772718107	22524.2768785013	22936.5731361355	79.119953036262	7483.23355810665
10	4886.35079731798	27602.1772388177	28031.3505282489	79.9610653292033	7485.41059710115
7.9433	5479.52288694644	33957.4769577107	34396.7354904797	80.8335245288751	7487.6126370956
6.3096	6145.44137557535	41960.5914672513	42408.2266309521	81.6678433727583	7489.83968108997
5.0119	6808.8530916265	51941.1296387169	52385.5078105515	82.5318008053014	7492.20172208401
3.9811	7598.46730668426	64490.2001356234	64936.2966217162	83.2801866305887	7494.50876507818
3.1623	8481.53844525849	80171.2835368652	80618.6777263608	83.9609863297197	7496.86580907223
2.5119	9580.30520774259	99765.0662912555	100224.002614005	84.5147826990223	7499.29285506611
1.9953	10671.2609382821	124418.434890542	124875.228731021	85.0977881229693	7501.87990105957
1.5849	12082.4918088862	155366.783970129	155835.888580046	85.5531984899613	7505.92397804936
1.2589	13706.326546382	194062.485893496	194545.911852599	85.959998449535	7508.6410290425
1	15599.7856070008	242285.30378225	242786.988407208	86.3160380639807	7513.6351230299
0.79433	18017.2965369929	303073.307623348	303608.387183652	86.5978478457978	7516.7221780221
0.63096	20978.2913981	379354.422565698	379934.029313166	86.8347685182632	7520.09924201357
0.50119	24905.1349069853	474934.743354366	475587.29607698	86.9982122493888	7523.80130700423
0.39811	30199.1476245614	595178.02751608	595943.682704316	87.0953210092716	7527.91338299385
0.31623	37023.2852734111	745682.07384234	746600.61539102	87.1575855826483	7532.6454739819
0.25119	46702.7089117145	934921.311781955	936087.069798416	87.140245227383	7537.9925699684
0.19953	60085.4215904525	1171811.25341712	1173350.70269835	87.0646905101541	7544.10468595297
0.15849	79497.9081264443	1468950.08757013	1471099.68294768	86.9022395091468	7551.28181793485
0.12589	106283.574112141	1842254.53200703	1845317.8476421	86.6981449018653	7559.70397391358
0.1	145772.998769707	2306310.9143218	2310913.196269	86.3833662800582	7569.74615788823
