Frequency (Hz)	Z' (Ω)	-Z'' (Ω)	Z (Ω)	-Phase (°)	Time (s)
10000	115.947907261194	48.1367601090665	125.543079745752	22.5461970967187	27467.3325786517
7943.3	117.848573521012	60.275690281726	132.368595670862	27.088258418954	27468.5295986486
6309.6	117.383478655899	73.0336784490627	138.249047914121	31.8890568500212	27469.8116206454
5011.9	118.856491895621	90.2709793072261	149.25051212917	37.2165095551873	27471.1036466421
3981.1	117.989803119773	112.065184662018	162.727377086878	43.5247847855307	27472.4006706389
3162.3	118.750026783662	139.565367461378	183.248630706344	49.6070030298991	27473.6826936356
2511.9	119.375936084884	174.260494966419	211.2281567928	55.587178909186	27474.9997166323
1995.3	121.031197530386	216.677147211566	248.188510812612	60.813212995213	27476.2767426291
1584.9	124.080763610093	270.297325905584	297.416677894453	65.3423749690992	27477.5337666259
1258.9	125.191516526116	340.778778456872	363.046955167878	69.8282391726406	27478.7857876227
1000	130.630991524418	430.854642876008	450.222366430706	73.1332002024527	27482.6838606129
794.33	136.601644099301	540.054702281392	557.062914424282	75.8053050298976	27483.9958856096
630.96	145.395466974042	677.403871303047	692.831759284283	77.8860385731048	27485.2679076064
501.19	158.286312393532	848.79595327046	863.428704051152	79.4366265592491	27486.594931603
398.11	177.121943744631	1063.74974625748	1078.39496735599	80.5465703650388	27489.4309855959
316.23	204.919280598752	1330.84418907856	1346.52819026015	81.2465191292656	27490.6430065928
251.19	245.349115935584	1662.06512286127	1680.07638556175	81.6028105884146	27491.9800305894
199.53	303.585525943889	2071.93547228796	2094.05844543264	81.6641850166856	27493.2120545863
158.49	386.666436849171	2573.99758048172	2602.8781142634	81.4568957635994	27494.5440805829
125.89	502.522796199951	3187.51317127818	3226.8822999565	81.0408562264459	27495.9111035795
100	661.676708690501	3932.86721916149	3988.13999633646	80.4498335821291	27497.1681295763
79.433	873.327504660359	4827.48585502217	4905.84555513475	79.7456803953133	27498.5551525728
63.096	1142.02822239417	5895.03353471946	6004.63561227589	79.0360635065501	27499.9821795692
50.119	1469.43740048959	7171.40422555381	7320.40195892607	78.4202445325932	27501.5992115651
39.811	1841.53185366038	8687.83673426555	8880.86407334893	78.0323409716293	27503.1262375613
31.623	2259.84924584524	10529.0527483001	10768.837931292	77.886391159706	27504.7782705571
25.119	2715.49075484222	12760.139500615	13045.8824965883	77.9860839830178	27506.3602995531
19.953	3187.04362531584	15495.9204433647	15820.2654041186	78.3780469365904	27508.2473325484
15.849	3681.17371796717	18893.0852596002	19248.3690365801	78.9744913325893	27510.1743715435
12.589	4212.9374266358	23120.5214517299	23501.2202653532	79.6730707971596	27512.0964055386
10	4763.21296971548	28388.7623731101	28785.5871378678	80.4753363341506	27514.3684475329
7.9433	5358.89380981951	35003.3708669352	35411.2088880502	81.2958009625082	27516.6504895271
6.3096	6025.11880438833	43252.3204211919	43669.9585347233	82.0696377362965	27518.9625325213
5.0119	6692.63399986685	53546.4257687497	53963.052753383	82.8756887160692	27521.3395745153
3.9811	7490.11164577223	66553.6731169179	66973.8245721393	83.5788129891689	27523.7466215092
3.1623	8408.95826160932	82757.8966235635	83184.0130830552	84.1981376943268	27526.1886645031
2.5119	9556.39066513178	102980.609476134	103423.065757213	84.6982522491764	27528.6757124968
1.9953	10717.5874514777	128522.778132111	128968.876786517	85.2331016436801	27531.2977584902
1.5849	12137.0163295536	160506.447747072	160964.676043433	85.6756944411492	27536.8038654763
1.2589	13721.6544132061	200764.835924262	201233.205867052	86.0900915678549	27539.5959124692
1	15931.0801491235	250417.885033574	250924.124905131	86.3598637662584	27544.6450094565
0.79433	18481.6969690468	313230.983431533	313775.751300736	86.6232684346643	27547.7770664486
0.63096	21738.444648467	391996.553848282	392598.851507062	86.8258734117807	27551.3041314396
0.50119	26036.494409803	490855.065137627	491545.10882768	86.9636973791436	27555.12620043
0.39811	31697.3162225473	615153.055434608	615969.156262102	87.0502988474013	27559.3732794193
0.31623	39717.543787063	771018.340173522	772040.649297957	87.0511233958317	27564.1503674072
0.25119	50683.3806490474	966568.254664813	967896.170051209	86.9983634051776	27569.5674693935
0.19953	65752.3123625691	1211216.52209876	1212999.92992005	86.8926812893827	27575.8295833777
0.15849	87682.0938603687	1516877.15813512	1519409.24785123	86.6917362731324	27583.0867183594
0.12589	118702.883017857	1901888.41965622	1905589.13075699	86.4286213535621	27591.578877338
0.1	159672.694894387	2382075.39094177	2387420.89662154	86.1651480773094	27601.7810663122
