Frequency (Hz)	Z' (Ω)	-Z'' (Ω)	Z (Ω)	-Phase (°)	Time (s)
10000	118.307390519746	47.3952706077433	127.447833750021	21.831594125341	9324.99465945665
7943.3	119.307090127284	59.3181248758924	133.239715150671	26.4360411414936	9326.13167945378
6309.6	119.849589519563	72.730285164026	140.191363814068	31.2513168623218	9327.36370245067
5011.9	120.92189363845	89.8008244311205	150.619694693681	36.5988702965295	9328.59572444756
3981.1	121.082639510045	110.811525834937	164.134700318325	42.4638987524656	9329.80274844451
3162.3	121.492647037763	138.403596392195	184.163022288775	48.7228781966465	9331.00477044148
2511.9	120.545160041694	174.906049044909	212.422366058703	55.4254083382678	9332.24179343835
1995.3	125.169670057127	218.789692292104	252.064229424731	60.2261094275658	9333.49381443519
1584.9	126.078072194386	273.743513230102	301.382135044219	65.2706168235758	9334.66583643223
1258.9	129.972691102773	342.388948427439	366.22819721827	69.212968088241	9335.86286142921
1000	133.817670085281	429.744881328732	450.097580370411	72.7040052896185	9339.66593041961
794.33	140.113747396643	538.790984732197	556.711404084936	75.4229857157289	9340.89295241651
630.96	149.478286237749	675.635977258623	691.973794173442	77.52478517895	9342.08997541349
501.19	163.118227293019	846.359754637605	861.935258790035	79.091186173112	9343.33199941035
398.11	183.09871744739	1060.35869264667	1076.05097342191	80.2029924251589	9346.13305340328
316.23	212.444416042437	1326.19746165569	1343.10548253278	80.8990733472867	9347.26507340042
251.19	254.821079883894	1654.69966808059	1674.20571445065	81.2453172862875	9348.51709339726
199.53	316.365830286546	2061.43509721755	2085.56994574942	81.2749636260919	9349.64411639442
158.49	403.417083076546	2558.32926178774	2589.94091720977	81.0389469811132	9350.93113739117
125.89	524.989362742219	3165.04610824971	3208.2909310627	80.5820397364707	9352.22816538789
100	691.406691198837	3897.26293196863	3958.11843854264	79.9399257004528	9353.42018538488
79.433	910.227735943432	4776.78060015674	4862.7304504069	79.2114801523764	9354.73720838156
63.096	1188.70153540755	5825.21601341246	5945.26306761923	78.4664941297805	9356.10423337811
50.119	1520.10894650267	7067.13736213351	7228.77318114912	77.8608938001168	9357.7712663739
39.811	1907.49136563989	8552.55700313064	8762.69105936011	77.4270025447234	9359.21829037025
31.623	2338.32390404471	10340.4029519158	10601.4947949907	77.2577508416885	9361.47233736455
25.119	2798.54084112043	12510.0067351162	12819.2082186097	77.3903033787501	9362.95436136081
19.953	3283.68480389529	15167.5858324967	15518.9640723048	77.7843506716548	9364.75139535628
15.849	3782.99213832738	18478.1469527276	18861.4141655721	78.429836250947	9366.59342835163
12.589	4321.88636749909	22545.4919266183	22955.9993898499	79.1482601687916	9368.4654643469
10	4880.74358628767	27655.2086764837	28082.5964770879	79.9911911097688	9370.65750634136
7.9433	5458.5028008517	34043.3417100548	34478.1723357614	80.8907406208505	9372.88954733573
6.3096	6086.4437754458	42042.6236743247	42480.9016294682	81.7626090974399	9375.20158732989
5.0119	6811.39683079622	52067.3613330641	52511.001161418	82.5469509086742	9377.51863032404
3.9811	7603.37779671053	64597.372296021	65043.3075840263	83.2869376628613	9379.83567231819
3.1623	8451.49516596733	80327.976209346	80771.3534146211	83.993873220577	9382.29272031199
2.5119	9539.9656847152	99982.7760860383	100436.877983818	84.5495613908143	9384.8247683056
1.9953	10775.6232128744	124741.942677223	125206.494713787	85.0628564241698	9387.36181429919
1.5849	12055.7842724915	155671.01018473	156137.136346095	85.5716252315309	9391.50089428874
1.2589	13759.0642172964	194533.176251304	195019.149086844	85.9542855589252	9394.26294028177
1	15641.5166681174	242880.242193771	243383.378832211	86.3152333567417	9399.27203726912
0.79433	18012.4112351844	303765.684494834	304299.257368664	86.6065024885388	9402.32409126141
0.63096	21080.1018291175	380325.795424284	380909.544850533	86.8275454051341	9405.78115525269
0.50119	25024.3903297981	476548.743512599	477205.327982426	86.9940614422588	9409.47822524335
0.39811	30418.0963628673	597183.488678562	597957.673867171	87.0841061764264	9413.60530023293
0.31623	37499.7554775504	747747.481316186	748687.202692538	87.1290051426996	9418.28738522111
0.25119	47114.1958623813	937643.714737652	938826.652390516	87.1234530623313	9423.64948620757
0.19953	60760.1041496043	1175100.03839981	1176669.83071018	87.0400817660107	9429.83160119196
0.15849	79162.9411379916	1473037.8422799	1475163.46756495	86.9238105884928	9437.02873517379
0.12589	106148.970209053	1845015.67339837	1848066.67600552	86.707241584664	9445.44588915254
0.1	146839.578244788	2312110.24788767	2316768.36566073	86.3660884806998	9455.5230761271
