Frequency (Hz)	Z' (Ω)	-Z'' (Ω)	Z (Ω)	-Phase (°)	Time (s)
10000	110.151475436275	47.8831433232838	120.108879585592	23.4947148225975	86066.3265767034
7943.3	110.512502396951	59.3019669543173	125.418246163336	28.2183925845609	86067.7236016999
6309.6	110.488870644455	71.5035596005564	131.607558946428	32.9091761529171	86069.2056266961
5011.9	110.075157050404	90.1296718252468	142.266995269451	39.3106584083139	86070.7276566923
3981.1	111.96183298036	112.892021120809	158.997045497906	45.2370230690034	86072.2046836886
3162.3	111.137738833032	139.066120756247	178.019613905632	51.3691335850766	86073.7267126847
2511.9	113.279085867602	174.450317156581	208.002558760778	57.0023736449545	86075.2787396808
1995.3	115.503929160393	218.229830399394	246.911758585203	62.1087810529595	86076.7607676771
1584.9	114.924269734469	274.151359145863	297.265126605064	67.2565653115326	86078.1077916737
1258.9	120.203409544822	346.856065441609	367.093979520005	70.8861763500608	86079.54981867
1000	122.525762396788	433.135822358286	450.132428359591	74.2048159437362	86083.6878966596
794.33	127.938654515526	543.544517191423	558.398550757521	76.7549029023913	86085.2049236558
630.96	135.776685104226	681.554675429992	694.947540335509	78.7332590469467	86086.7269516519
501.19	147.342213683981	854.391583345644	867.003290435032	80.2154230369161	86088.2389806481
398.11	164.198477214324	1071.93946921665	1084.44242151623	81.291190004689	86091.3600406402
316.23	189.042735639011	1341.95333088112	1355.2032682077	81.9814322576512	86092.7570626367
251.19	225.187343426459	1677.52955759731	1692.57636644617	82.3544636542266	86094.2590926329
199.53	277.648181544895	2093.91030687553	2112.23788573986	82.4467598802371	86095.6761176293
158.49	352.760729369624	2606.51211004302	2630.27479780846	82.2925209273675	86097.2231476254
125.89	458.686719702001	3234.76964843309	3267.12843109281	81.9293276321345	86098.7801736215
100	604.049519670632	4001.0016169763	4046.34276368936	81.4146318969298	86100.3472056175
79.433	797.254175666745	4923.45290650468	4987.58486075048	80.8019412910644	86101.9642356134
63.096	1043.98326518843	6038.73679117081	6128.31486552652	80.191595019609	86103.5862646093
50.119	1350.59459607848	7368.28400224587	7491.04231070074	79.613079186746	86105.4732986046
39.811	1705.3898008423	8971.99240722433	9132.63390967294	79.2376491791722	86107.1803306003
31.623	2104.21585970197	10910.4549241948	11111.5143449085	79.0838305101352	86109.0023635957
25.119	2532.95181187417	13275.617770595	13515.0979305448	79.1979499929651	86110.7393955913
19.953	2998.56043985856	16179.463166168	16454.9807978275	79.5004307343628	86112.9264385858
15.849	3487.97869559467	19787.480376685	20092.5452603352	80.0030553296455	86115.0684775804
12.589	3990.63933868087	24254.8078851468	24580.9053510404	80.6568418517021	86117.200517575
10	4539.71045419765	29854.9172387418	30198.0968661947	81.3538903466059	86119.6675605687
7.9433	5149.28014553223	36834.8590540223	37193.0360087323	82.0419844963217	86122.1496085625
6.3096	5766.63330392878	45624.5279604065	45987.5158197515	82.796396788124	86124.726656556
5.0119	6468.25004585877	56578.216120498	56946.7540605567	83.4780308643782	86127.3537025493
3.9811	7315.55933108469	70349.5121726736	70728.8574152006	84.0632203753332	86130.0157525426
3.1623	8266.71890193246	87532.9528759787	87922.4458292186	84.6049185182428	86132.6778035359
2.5119	9480.90787329889	109068.944019499	109480.236406534	85.0320049060891	86135.4498535289
1.9953	10742.2008064112	136104.0158539	136527.279361027	85.4872051657361	86138.3469085216
1.5849	12437.1773735615	170000.020828966	170454.364751596	85.8157035785112	86144.0930165071
1.2589	14151.9646483758	212496.126237242	212966.856034555	86.1898024544133	86147.1000714995
1	16622.9590598817	265116.459360604	265637.082862708	86.4122173897845	86152.2741664864
0.79433	19668.5986723196	331685.310544842	332267.962652075	86.6063930498826	86155.621226478
0.63096	23526.1229579622	415008.145522785	415674.439088687	86.7554698889663	86159.3732974685
0.50119	28803.4241919582	519834.364994664	520631.73575435	86.8285497118128	86163.3103704586
0.39811	35822.4440810553	650891.788257019	651876.803944089	86.8498506696412	86167.7874544472
0.31623	45969.9759120541	815414.398736729	816709.177340708	86.7732964846475	86172.7495464347
0.25119	59649.7757015825	1020941.64077053	1022682.71208644	86.6562246918945	86178.3716504205
0.19953	79562.228243466	1279166.21757817	1281638.15500176	86.4408730398353	86184.7287664045
0.15849	108099.636494994	1600304.27340383	1603951.15227519	86.1355734928792	86192.2009063856
0.12589	147871.266245679	2002361.21666	2007813.82437845	85.7764623461624	86200.8980643637
0.1	206135.15638188	2506933.88074163	2515394.43926929	85.299371777616	86211.3002603374
