Frequency (Hz)	Z' (Ω)	-Z'' (Ω)	Z (Ω)	-Phase (°)	Time (s)
10000	112.08621634234	48.485001494847	122.123360844259	23.3918037239391	59686.2531313067
7943.3	113.474644556026	60.7142480153604	128.696211557245	28.148866918501	59687.5851533033
6309.6	112.865298188506	72.1530477901856	133.957597173857	32.5901551617438	59688.9971812998
5011.9	114.010510276202	89.2025538023082	144.76011901865	38.0398539766825	59690.3842062963
3981.1	115.318280080639	111.467086701549	160.38459133747	44.0271157143067	59691.7912332927
3162.3	113.661204230639	139.641212952368	180.051486253148	50.8560748340078	59693.1932582892
2511.9	115.24106058166	174.435954690605	209.065550325271	56.5492667164772	59694.5952832856
1995.3	116.801298620468	219.578557528782	248.711250822813	61.9899703742119	59695.9823092821
1584.9	119.670254507699	270.634918732989	295.912536151392	66.1457837453142	59697.3443342787
1258.9	122.866043538085	341.974196278929	363.376410317624	70.2374213535318	59698.7163592752
1000	125.831031280837	432.567364312177	450.497472913204	73.7806303061146	59702.9144422646
794.33	131.390931336741	542.498857460506	558.183291745185	76.3853693904917	59704.361465261
630.96	139.382447196864	679.918333986874	694.057928042085	78.4149393826464	59705.7484922575
501.19	151.396534725072	852.632936319653	865.969881014249	79.9313005125979	59707.2255202537
398.11	168.910533478844	1069.2032448189	1082.4630926971	81.0227218256218	59710.2365772461
316.23	194.560800270928	1337.91197296255	1351.98459769282	81.7259766556152	59711.5786002428
251.19	232.128695116925	1672.34937348126	1688.3827048628	82.0976120151507	59713.0056272392
199.53	286.499323832762	2085.91103704919	2105.49441154335	82.1793735745653	59714.4226522356
158.49	363.812246489333	2595.47062817447	2620.8447364184	82.0207257534404	59715.839679232
125.89	472.871263621638	3218.40373037612	3252.95708604618	81.6414920993345	59717.3317042282
100	623.489229413606	3979.1944137539	4027.74465447414	81.0948841570364	59718.7937312245
79.433	821.196681213798	4895.91777544526	4964.31010848007	80.4783601285077	59720.2907592208
63.096	1074.25555002068	5989.1255312877	6084.70620624138	79.831122436854	59721.8977882167
50.119	1388.39557092445	7306.5427347254	7437.28505543059	79.2408790902458	59723.6898252122
39.811	1748.45397974849	8882.36578007731	9052.81796847737	78.863958966441	59725.331855208
31.623	2156.08719084346	10797.0881561351	11010.2599708578	78.7070620912506	59727.0888852036
25.119	2589.23788680894	13112.7205105893	13365.9115672414	78.8300691574969	59728.8009191993
19.953	3056.15008105921	15959.1518467032	16249.1409306488	79.1592018053358	59730.8079561942
15.849	3556.54146192735	19500.5617099571	19822.2323206609	79.6639143655636	59732.8399931891
12.589	4057.92848540076	23889.6268221103	24231.8190256596	80.3596659430101	59734.9220321838
10	4603.74917278466	29402.4287354707	29760.6673646669	81.1010428772937	59737.3190761778
7.9433	5190.71112300344	36296.4931942266	36665.7728700897	81.8613928377439	59739.7261191717
6.3096	5814.29409180208	44819.906907435	45195.4651594283	82.6085430852162	59743.185188163
5.0119	6563.74477175636	55661.0016418525	56046.6756302554	83.2745362964765	59745.6872291566
3.9811	7370.22821026421	69171.7719194105	69563.3114101272	83.9181009636582	59748.2042761503
3.1623	8295.6237669687	86092.2372784825	86490.9861968149	84.4961199807944	59750.7563251438
2.5119	9568.66485378466	107184.030324968	107610.295528763	84.8985442490218	59753.478374137
1.9953	10803.0001480741	133634.242478883	134070.188987351	85.3782561509245	59756.2654281299
1.5849	12378.5316501019	166896.8417627	167355.262349818	85.7582097912667	59760.5145061192
1.2589	14186.7290652747	208730.731723037	209212.28847084	86.1117774889316	59763.4215601119
1	16416.775636379	260435.23499479	260952.145323787	86.39307995394	59768.5606540989
0.79433	19258.2540457319	325813.667469905	326382.331413758	86.6172863695448	59771.7677120908
0.63096	22985.7476787026	407716.406097052	408363.823565513	86.773262769098	59775.3847820817
0.50119	27991.1893250415	510506.946114398	511273.751243772	86.8616044389527	59779.3218550717
0.39811	34689.7395333534	639829.159245369	640768.859300706	86.8966222136061	59783.6289340608
0.31623	43934.1819917587	801186.962160542	802390.653412241	86.8612512106718	59788.5560250484
0.25119	56601.9919828698	1003721.75674621	1005316.44294826	86.7723883033449	59794.1031260344
0.19953	74638.3005688577	1256982.4178976	1259196.44012183	86.6018266511226	59800.4752440183
0.15849	100426.463073412	1574474.19816664	1577673.75435415	86.3503827192812	59807.8873839996
0.12589	139912.342262999	1970407.15099288	1975368.27052613	85.9384259584058	59816.5045409778
0.1	194495.724240322	2465292.72580409	2472953.05467984	85.4890753464131	59826.751731952
