Frequency (Hz)	Z' (Ω)	-Z'' (Ω)	Z (Ω)	-Phase (°)	Time (s)
10000	119.736179540952	48.0148492226069	129.00456750415	21.8510496936411	8849.54585665705
7943.3	120.340240491864	59.1165669078437	134.076627212237	26.1623576466276	8850.67787565419
6309.6	119.563943528711	71.940107363671	139.538222862531	31.0347886561615	8851.91989965105
5011.9	120.647175328967	90.1555166158888	150.611281420537	36.7695074228878	8853.13692064798
3981.1	119.537087924546	110.923496192885	163.074024286928	42.8595348908643	8854.35394564491
3162.3	122.181034297909	138.592744479856	184.759719540179	48.6011412180942	8855.56096564186
2511.9	122.337350334142	173.459229862537	212.260527916245	54.8054428774907	8856.7729896388
1995.3	124.639221120174	216.809559728745	250.082627607789	60.1063169049683	8858.00501063569
1584.9	126.851544894758	272.271205993768	300.371310306906	65.0191209290504	8859.17203463274
1258.9	130.22849017264	341.609253041572	365.590401154443	69.1321220995816	8860.36905762972
1000	133.844569066653	429.648374710898	450.013438199743	72.6970822748819	8864.24212761994
794.33	140.179631999973	538.818746473353	556.754856987133	75.4171428129479	8865.46914861684
630.96	149.488056774141	675.469208794053	691.813075293444	77.5210115208901	8866.67117161381
501.19	163.085008398817	846.266351619311	861.837257170691	79.0921795598676	8867.89819761071
398.11	182.963817850127	1060.35398414598	1076.02338744869	80.210028105501	8870.65924960374
316.23	212.144614424471	1325.96549165786	1342.82903695771	80.910138680162	8871.78626660089
251.19	254.560965412225	1655.22385815444	1674.68424060038	81.2568425060059	8873.03829059773
199.53	315.693075958471	2061.08940669494	2085.12629368061	81.2917949325219	8874.26031559465
158.49	402.71372291779	2559.54283512435	2591.03027142925	81.0584906761034	8875.52733559145
125.89	524.073629905835	3165.50405597023	3208.59300908149	80.5995096834805	8876.84436258812
100	689.039259104701	3899.27061294501	3959.68261525645	79.9787298651611	8878.0413835851
79.433	907.48188031895	4779.27936048785	4864.67209261759	79.2487579143548	8879.36840558175
63.096	1181.78651144049	5827.86872141164	5946.48410345397	78.5368870680676	8880.76543357822
50.119	1515.18466688815	7072.58736084898	7233.06826676022	77.9081069690875	8882.40746257408
39.811	1902.77438388124	8555.4847886881	8764.523394083	77.4612654946791	8883.87949257036
31.623	2330.76357927279	10346.2178526741	10605.5024735963	77.3045182859738	8886.13853456466
25.119	2794.19126087477	12519.1213141237	12827.1549175994	77.418151181182	8887.62055956092
19.953	3275.85835642082	15181.6470371453	15531.0545273589	77.8235455467855	8889.43759455633
15.849	3778.41171457621	18469.9771207864	18852.491875803	78.4384940447152	8891.28462955166
12.589	4330.77980744837	22588.9601126622	23000.3646212847	79.1468882707099	8893.24166554672
10	4883.5806040973	27690.2853061039	28117.6325434797	79.997920593505	8895.44370654116
7.9433	5460.36157827946	34077.541087681	34512.2348616855	80.8966823774132	8897.65574653558
6.3096	6134.65368842646	42113.2122277355	42557.6857925242	81.711989278852	8899.97278952973
5.0119	6801.82171511768	52117.8553097357	52559.8289640557	82.5644405475732	8902.29483452387
3.9811	7590.0408634072	64673.2692734843	65117.1289203448	83.3063987059735	8904.67187751787
3.1623	8499.37948734765	80446.9523397748	80894.694464025	83.9689614308441	8907.13392051165
2.5119	9627.83827361077	100138.724154777	100600.493762055	84.5081772847276	8909.64596750531
1.9953	10611.5440037059	124838.218778483	125288.410213902	85.1414024732191	8912.23801549876
1.5849	12069.0535135197	155930.601299152	156396.977190185	85.574121576032	8917.67911948502
1.2589	13764.0152859515	194836.313286302	195321.880729707	85.9591105102536	8920.3411654783
1	15666.5281937312	243182.873428091	243686.991926914	86.3139376970743	8925.23025946596
0.79433	18114.9118520984	304266.096801621	304804.868226055	86.5928366970254	8928.31731445817
0.63096	21129.9490942974	380714.75686259	381300.669867847	86.8233011720599	8931.75437844949
0.50119	25070.1444799543	476881.18928891	477539.716507277	86.9906710236429	8935.51144644
0.39811	30300.0879175409	597778.558931822	598545.988915152	87.0982856125932	8939.63852242958
0.31623	37537.2268589432	748757.646553239	749697.97696953	87.1300118260394	8944.24560941795
0.25119	47431.0911585337	938236.737562031	939434.87486868	87.105965161445	8949.5727084045
0.19953	60924.7410310715	1176093.09757859	1177670.07189692	87.0345773829345	8955.65982038913
0.15849	79587.393463427	1473700.76131222	1475848.26018481	86.9087372235418	8962.87195437092
0.12589	108446.446217367	1847536.54123803	1850716.59173061	86.6407147338367	8971.30411134963
0.1	146343.08567224	2315512.18176125	2320132.10024964	86.3836494524332	8981.44630032403
