Frequency (Hz)	Z' (Ω)	-Z'' (Ω)	Z (Ω)	-Phase (°)	Time (s)
10000	120.019075978437	48.42020231162	129.418293106562	21.9709987173006	6969.33904440411
7943.3	119.355272419509	58.9727415303899	133.129505737629	26.2937078397861	6970.48106140123
6309.6	119.550090728678	72.8811507798028	140.013879069981	31.3676783959769	6971.69308639817
5011.9	120.737573045935	87.9062595385982	149.348826614372	36.0575045715107	6972.89511039513
3981.1	120.063306304497	110.893830867637	163.440017270152	42.7264332678984	6974.0971323921
3162.3	122.658532691174	138.224344985766	184.800122263747	48.4145562601558	6975.29415138908
2511.9	123.029045574615	174.626387009764	213.61301714803	54.8342615922817	6976.52617638596
1995.3	124.397994804071	221.162879803687	253.747670953516	60.6434518754398	6977.7381983829
1584.9	126.419311327434	273.765524183969	301.545028989413	65.2134744769398	6978.92522137991
1258.9	127.768215767739	342.023094089139	365.108906835727	69.5160188458147	6980.14724337682
1000	134.303879369462	429.589731695421	450.0942896681	72.6390389911339	6983.99531636711
794.33	140.65240119137	538.50185645126	556.567468832263	75.361827915431	6985.1473363642
630.96	150.122499792871	675.458639970229	691.94012692898	77.4695287697968	6986.35935636114
501.19	163.857380319237	845.744344600305	861.471263309742	79.0351680816574	6987.58137835805
398.11	183.905176888354	1059.75609138244	1075.59475979967	80.1551976137529	6990.34743235107
316.23	213.340324481212	1324.57715672238	1341.64776978181	80.8503497374066	6991.46445134825
251.19	256.346024502369	1653.95147189058	1673.69912339321	81.1898236252558	6992.74647634501
199.53	317.975141059155	2059.09558930567	2083.50254049033	81.2214608456702	6993.97349934191
158.49	405.927931835876	2556.74443326011	2588.76796620538	80.9785904447338	6995.21052033879
125.89	528.854818336587	3162.48908992167	3206.40369616045	80.5064214696913	6996.49754633554
100	695.290569947054	3893.56003003336	3955.15343370275	79.8751573129357	6997.76956833233
79.433	915.477165764716	4767.96504199692	4855.05809262271	79.1311515692749	6999.07659232903
63.096	1192.46029202643	5811.62876840993	5932.7051578407	78.4046901531368	7000.45862032554
50.119	1527.37041030049	7049.09496132263	7212.6694187385	77.774361027285	7002.08064732145
39.811	1918.68256562683	8531.56157722596	8744.64897715389	77.3254896743912	7003.51767331782
31.623	2348.6334673528	10317.6907484453	10581.6266020174	77.17617812182	7005.77171731213
25.119	2805.22358180344	12471.4049831021	12783.005186436	77.3233008169383	7007.23374230844
19.953	3292.57395318777	15124.9609990487	15479.1953427804	77.7188089267355	7009.0307753039
15.849	3807.55809938766	18423.0177887138	18812.3651655893	78.3228612367992	7010.86781029926
12.589	4334.71143666673	22471.5013467566	22885.7618622683	79.081851322754	7012.74984629451
10	4895.04043549211	27577.6317971783	28008.6985846512	79.9348089114565	7014.94688528896
7.9433	5504.66744524677	33908.7342635443	34352.6363331611	80.7791713627168	7017.15392628339
6.3096	6092.24018440216	41896.9902826042	42337.60958303	81.7266081460933	7019.37097027779
5.0119	6831.07739394896	51872.8153925273	52320.6708205212	82.4979461533762	7021.71801027187
3.9811	7616.99667830479	64358.8015974037	64807.9777608535	83.250324375585	7024.03505426602
3.1623	8469.09399226194	80082.8929920192	80529.4685380511	83.9631750171762	7026.46210125989
2.5119	9605.01045414535	99680.9160817455	100142.604603237	84.4961103061589	7028.96414725357
1.9953	10607.3128851841	124288.048733982	124739.865899979	85.1219355746925	7031.55119324704
1.5849	12036.2749445238	155184.381216718	155650.454827977	85.5649540949096	7035.70527323655
1.2589	13155.6525767615	193639.257422229	194085.633702633	86.1133560191451	7038.36232122984
1	15586.0118495574	242098.016024252	242599.202653788	86.3164422770768	7043.30141221737
0.79433	18001.6000595641	302744.231773293	303278.959831878	86.5971186444785	7046.32346820974
0.63096	20983.8090215344	378919.298600558	379499.874957806	86.8303094340626	7049.76553020105
0.50119	24821.7979535112	474568.531751885	475217.227152789	87.0059340180053	7053.47760119168
0.39811	30173.9365184303	594955.610294946	595720.273842052	87.0966586508395	7057.57967518132
0.31623	37038.4356438665	745406.8313375	746326.463365434	87.1553760713979	7062.19176216968
0.25119	46944.020434263	934367.208023016	935545.734041505	87.1237918824977	7067.54886115615
0.19953	60287.2073458128	1171205.67892033	1172756.2789023	87.0533300298862	7073.72097514057
0.15849	78712.5984464824	1467701.15196132	1469810.30906127	86.9301765603015	7080.92310712239
0.12589	105279.527936179	1840034.61488436	1843043.99377093	86.7253316231476	7089.41526410095
0.1	143197.176743612	2305983.89960604	2310425.75658029	86.446604812448	7099.53745407539
