Frequency (Hz)	Z' (Ω)	-Z'' (Ω)	Z (Ω)	-Phase (°)	Time (s)
10000	114.296294049799	48.6228780119487	124.208804437057	23.0454252531006	50432.986803669
7943.3	114.879884739606	58.9319942000301	129.113778730922	27.1572760960979	50434.2738236657
6309.6	114.42362719433	72.2982992946286	135.350694646177	32.2866482610814	50435.6508496622
5011.9	115.255237681258	89.7475245875186	146.076651051941	37.9073569043464	50437.0228746588
3981.1	115.864039498924	111.971433887632	161.127519858839	44.021187647765	50438.3698986554
3162.3	114.939131071609	138.646025403709	180.093654001863	50.3408824281866	50439.706923652
2511.9	117.920471488976	173.882340776605	210.095944820774	55.8563539024987	50441.0839496485
1995.3	117.062812813622	219.870648291886	249.091959171972	61.9684157044864	50442.455974645
1584.9	120.542657858526	273.329843872939	298.730205896897	66.2017842276055	50443.7779986417
1258.9	122.730084683172	346.388171506893	367.488012112269	70.490064911803	50445.1650266382
1000	127.496115175788	432.005936938491	450.426896327274	73.5573081084298	50449.2781036278
794.33	133.188618068163	541.962524094661	558.088331275581	76.1930354605405	50450.6451266244
630.96	141.568752152932	679.967997996381	694.54891108211	78.2390801678806	50452.0171506209
501.19	153.757152384755	852.114959146332	865.875952726731	79.7715096069156	50453.3991796174
398.11	171.578669944919	1068.05696478599	1081.75085856584	80.8736589306391	50456.35023461
316.23	197.880133867599	1336.58100037509	1351.14962825852	81.57856241929	50457.6172556068
251.19	236.171141148046	1670.35686665239	1686.97032276326	81.9523151084021	50459.0242856032
199.53	291.597664119885	2082.78015143084	2103.09352072476	82.0301618119384	50460.4163065997
158.49	370.567639508899	2591.11562471197	2617.47981006114	81.8610506870812	50461.8233335961
125.89	481.442544658892	3212.09472909071	3247.97467238584	81.475718190814	50463.2703615925
100	633.819407910859	3967.11817615582	4017.4312272185	80.9226721033641	50464.6823855889
79.433	835.699997575216	4875.04213776857	4946.15308406102	80.2726670560019	50466.1394135852
63.096	1093.84558104208	5965.92895915645	6065.37768822906	79.610287936956	50467.6664425814
50.119	1411.05993583798	7267.03486113686	7402.76203963801	79.0114613101115	50469.423475577
39.811	1776.23611982523	8830.03881553491	9006.91957537232	78.6262653290142	50471.010505573
31.623	2188.48555322036	10724.5939887997	10945.6103183538	78.4664415232643	50472.7075365687
25.119	2631.2805368307	13022.775080041	13285.9440029244	78.5770515072464	50474.3195635646
19.953	3097.70225858086	15841.1757447425	16141.2083890468	78.9355739883865	50476.2866005596
15.849	3586.3964830353	19342.5132835735	19672.1900117588	79.4957801278285	50478.2886395546
12.589	4104.52645365259	23693.6736189806	24046.5653882527	80.1720164439131	50480.2956755495
10	4654.71358600974	29105.8899861897	29475.7390145856	80.9140010943333	50482.6427175436
7.9433	5220.039027897	35899.8017799706	36277.3286681083	81.7268428132641	50485.0247645376
6.3096	5916.3215439654	44412.2144440267	44804.5494613416	82.4120837192572	50487.3968065316
5.0119	6607.66712795096	55064.4581520014	55459.4970807283	83.1572961848929	50489.8888525253
3.9811	7390.12815120744	68423.0681960919	68821.0015580878	83.8355860205999	50492.4059015189
3.1623	8346.31781222938	85126.6967314669	85534.8789525879	84.4002851819904	50495.0479475123
2.5119	9642.83138320656	106070.876071737	106508.285817164	84.8055579840587	50497.7199995055
1.9953	10735.4805711943	132370.314601542	132804.934888753	85.3633530116429	50500.4570504986
1.5849	12354.4268768131	165133.439881905	165594.942044391	85.7213980895421	50504.7161314878
1.2589	14214.7292247976	206426.165332786	206915.007336184	86.0607691519463	50507.6181804805
1	16294.1883928903	257710.259710514	258224.860413252	86.3821884437538	50512.6772764678
0.79433	19110.4161536276	322387.055997431	322952.9716232	86.607598322039	50515.8643344597
0.63096	22673.7581575434	403561.869355317	404198.319772045	86.7842693205344	50519.4064004508
0.50119	27496.3103500668	504990.506482688	505738.528016711	86.883370305766	50523.268470441
0.39811	33939.272593609	633065.211124409	633974.317902686	86.9312524923007	50527.5555514302
0.31623	42948.5603887347	792981.348208097	794143.562238841	86.8998396545179	50532.4026394179
0.25119	55511.601393056	993445.907795712	994995.632957888	86.8017620681217	50537.9047434041
0.19953	73307.5323229543	1243896.43834098	1246054.71132396	86.6272436565597	50544.2318613881
0.15849	97553.8069349744	1557967.88374749	1561019.11328342	86.4170419293409	50551.6339973694
0.12589	134192.162289651	1950734.64148909	1955344.77213752	86.0647897591237	50560.3161563475
0.1	185369.971349786	2442709.22590658	2449732.7177893	85.6603106955049	50570.6483473214
