Frequency (Hz)	Z' (Ω)	-Z'' (Ω)	Z (Ω)	-Phase (°)	Time (s)
10000	111.040059026901	49.1320507165695	121.42426905818	23.8680198597154	78575.2658766165
7943.3	110.80670923801	59.26390278199	125.659607611635	28.1396704823497	78576.6178986131
6309.6	110.992542281221	71.8434581241704	132.2150782524	32.9142492809778	78578.0849266094
5011.9	111.042591511681	90.0864188825343	142.98958002844	39.0516619280718	78579.5619506057
3981.1	112.119639804708	111.759577891037	158.30671773592	44.9078520532545	78581.003978602
3162.3	112.338477116422	139.471635203573	179.087326372347	51.1500323807318	78582.4560065984
2511.9	113.776113028814	174.066707987868	207.952453040783	56.8299594917551	78584.0080325945
1995.3	115.806190222784	217.754441027803	246.633473561978	61.9950566069336	78585.4750625907
1584.9	116.272576289362	273.211053457463	296.923545257533	66.9464701091489	78586.8870865872
1258.9	117.158620125438	344.156732877844	363.551920714013	71.2002817464243	78588.3191125836
1000	123.088940544384	432.853912192879	450.01488484829	74.1260497122711	78592.5471955729
794.33	128.568041600935	543.281136267184	558.286785035131	76.6858353861119	78594.0142195692
630.96	136.437961793041	681.139125520521	694.669580256037	78.6730721971194	78595.4812475655
501.19	148.188336284947	854.48078004959	867.235369715198	80.1613367395388	78596.9182725619
398.11	165.138207579995	1071.19779034099	1083.85208106741	81.2361491737143	78599.9793315541
316.23	190.204585182964	1341.39738253008	1354.81538302573	81.9294977978816	78601.3863555506
251.19	226.832533143837	1676.42781371881	1691.70423322237	82.2942741075718	78602.8583815469
199.53	279.343867247485	2091.96816981731	2110.53638198861	82.3941952240528	78604.3404095431
158.49	355.356230517066	2604.41349012929	2628.54478336107	82.2303214464164	78605.8624395393
125.89	461.673405943622	3231.28839183119	3264.10278712828	81.8688415043603	78607.3944665354
100	607.425051194869	3994.18928744389	4040.11302524454	81.3528751302431	78608.9314965315
79.433	802.931176060905	4916.64623297972	4981.77766000895	80.7249756957703	78610.5085275275
63.096	1053.82006011991	6022.72321480845	6114.22371534635	80.0751991085189	78612.1255545235
50.119	1358.02173462397	7360.31396213718	7484.5470573003	79.5461543954805	78613.9225895189
39.811	1715.24930316427	8947.48453426818	9110.40941247834	79.147951172557	78615.6046205147
31.623	2113.68216337739	10880.1278768001	11083.5389160368	79.0060916828606	78617.43665451
25.119	2542.55912863929	13236.909399172	13478.8863547592	79.1269973748147	78619.1336835058
19.953	3011.14737828806	16131.5293765739	16410.1568719204	79.4267217731243	78621.1757245006
15.849	3499.33546107871	19715.0672103666	20023.217118596	79.9350813103297	78623.3027614952
12.589	3998.94549198239	24183.4104577041	24511.8115693973	80.6105899018107	78625.4148014899
10	4541.70986368361	29733.8282267131	30078.6912863835	81.3154499817083	78627.8518444838
7.9433	5152.02976440083	36703.7071469117	37063.5336823073	82.0097053066359	78630.2988914776
6.3096	5832.41395502225	45430.9734714783	45803.825201711	82.6844011801433	78632.7709364713
5.0119	6503.02947060498	56360.7927206946	56734.7190739556	83.418194714188	78635.292982465
3.9811	7309.93158675317	70079.5594146207	70459.7739674941	84.0450672199411	78637.8750324585
3.1623	8288.45339391501	87194.7595359139	87587.8105114458	84.5699631542159	78640.4770784519
2.5119	9611.01499823978	108674.767991321	109098.931283784	84.9460059044008	78643.1391304452
1.9953	10781.5907287472	135466.105486761	135894.475363763	85.449487201556	78645.986181438
1.5849	12323.8657379886	169266.037380784	169714.080374378	85.8357755630315	78651.8272914232
1.2589	14245.2665915193	211339.081614547	211818.637135507	86.1438229663741	78654.7293444159
1	16546.8513888899	263858.825057013	264377.150773953	86.4116232822954	78659.9584424027
0.79433	19582.3797957992	330287.994802899	330867.993479857	86.6069737855905	78663.2405033944
0.63096	23431.2643247086	413407.392704852	414070.883413551	86.7560383231935	78666.9425693851
0.50119	28597.546478783	517684.072315916	518473.353600931	86.838119718766	78670.8596443752
0.39811	35715.2273880466	648166.366851522	649149.610324832	86.8460805401712	78675.2367243641
0.31623	45280.7890899495	811990.221925332	813251.787801883	86.8081958018114	78680.1938153516
0.25119	58898.5649691005	1017334.0629594	1019037.6031398	86.6865590454379	78685.8409223373
0.19953	78183.4429561803	1273211.90855551	1275610.13434358	86.4860809758234	78692.303040321
0.15849	105675.43443599	1595259.70191592	1598756.02078619	86.2100696467039	78699.6551773025
0.12589	146508.860262585	1994556.91767979	1999930.53479358	85.7989212359196	78708.2973362807
0.1	201159.680797409	2495964.20150345	2504057.210282	85.3922644023313	78718.6695292545
