Frequency (Hz)	Z' (Ω)	-Z'' (Ω)	Z (Ω)	-Phase (°)	Time (s)
10000	118.777109860561	48.5478837606935	128.315621981384	22.2313551878711	3287.77087669918
7943.3	119.688058187982	57.7414337598138	132.888315684445	25.7541815694911	3288.88289669637
6309.6	120.925832644365	72.8874802320454	141.193632205244	31.0792749219069	3290.08491769333
5011.9	120.542758814996	89.7599106099197	150.291045160486	36.6725231497183	3291.28193969031
3981.1	122.696878006696	111.849233308977	166.026428210679	42.351984764475	3292.46396168733
3162.3	122.621419283176	138.668859820106	185.108252519516	48.5144712958678	3293.66098368431
2511.9	124.346610689663	172.39679927821	212.562310844087	54.1977880707413	3294.87300568125
1995.3	124.417057636905	218.549586568438	251.482655505822	60.3477786289378	3296.07502767821
1584.9	125.635076624046	272.242249809925	299.833312125086	65.2274953920451	3297.23704967528
1258.9	132.836048035992	342.177042656758	367.056595335304	68.7833628561446	3298.40907267232
1000	134.896703801888	429.367759892305	450.059767066054	72.5585743008708	3302.25214466261
794.33	141.319793200464	538.414169422137	556.651688028296	75.2930825502582	3303.45416665958
630.96	150.750411090715	674.866470786754	691.498691131219	77.408095697269	3304.62618665662
501.19	164.669631647336	845.63110823756	861.51497886337	78.9807023656668	3305.85320965352
398.11	184.848771664527	1059.27742685811	1075.28495545926	80.101298327369	3308.49426064685
316.23	214.435323333106	1323.92001431462	1341.17363238166	80.7997018152665	3309.60127864406
251.19	257.475288492676	1652.67145867872	1672.60768697135	81.1448809786768	3310.83330164095
199.53	319.327897631138	2057.39132986149	2082.02530973923	81.1775124150868	3312.0403256379
158.49	407.58571923779	2554.41668152683	2586.72973102895	80.9342401595726	3313.28234963477
125.89	530.922415952333	3159.8900051264	3204.18218212673	80.4622903909816	3314.55437263155
100	698.725199744673	3889.09932246758	3951.36817378184	79.8147593695992	3315.78639262844
79.433	918.417137598316	4762.2303965907	4849.98230809626	79.0842684860624	3317.08341662517
63.096	1200.36001520421	5806.16282630525	5928.94517866964	78.3192902548617	3318.43044262177
50.119	1534.64530048501	7038.58574448461	7203.9451331033	77.7001132627074	3319.94747261794
39.811	1924.04126859219	8516.29552106427	8730.93489870044	77.2691995892556	3321.37449661434
31.623	2357.97102478444	10295.0485901051	10561.6311631466	77.0995233688974	3323.57354060878
25.119	2820.239753975	12450.4309535755	12765.8522316237	77.2368899056485	3324.93056460536
19.953	3310.74423620004	15081.6075930505	15440.7226187212	77.6187086627937	3326.70259760088
15.849	3827.47346742418	18352.8336959526	18747.6947333567	78.2198438076088	3328.52463159628
12.589	4359.68901080344	22418.4699395674	22838.4474669844	78.9951242158217	3330.38166359159
10	4927.84495912793	27465.4549712277	27904.0296860102	79.8282322607445	3332.55370558611
7.9433	5499.05746329135	33792.8849587068	34237.3875582962	80.7573721927216	3334.73074358061
6.3096	6170.44558197623	41710.9466272525	42164.884290386	81.5850666543149	3337.04278757478
5.0119	6885.13266512786	51621.296284937	52078.4339429831	82.4028558675684	3339.35482956894
3.9811	7689.81579874144	64077.8670881947	64537.6348930677	83.1568107579807	3341.65187256314
3.1623	8525.47839685098	79647.3010162747	80102.2867405934	83.8903006343253	3344.06391655705
2.5119	9678.15310355923	99072.7190741946	99544.3133094513	84.4206288476339	3346.78596755018
1.9953	10811.2958072859	123492.376812925	123964.717754441	84.9967250126901	3349.3530175437
1.5849	12176.0410734433	154224.601850093	154704.504756784	85.4858584643072	3353.39709453349
1.2589	13647.3240123408	192572.933412133	193055.909351803	85.9463204779211	3356.03914052682
1	15723.3591897036	240649.080548613	241162.194369476	86.2617623591441	3360.9182305145
0.79433	18096.4311086444	301036.074806998	301579.507185211	86.5598711580808	3363.97028550679
0.63096	21111.2875750872	376654.998238594	377246.171831065	86.7919623746574	3367.3323474983
0.50119	24973.029060437	471620.332592283	472281.050112017	86.9689302819765	3371.01941848899
0.39811	30088.7289478796	590809.434961986	591575.11784202	87.0845607049931	3375.09149247871
0.31623	37042.5702541559	740110.631467383	741037.042813706	87.1347345763143	3379.78857746685
0.25119	46822.6368274988	927875.621878707	929056.257175138	87.1111798316567	3385.09067545347
0.19953	59842.9054642589	1163103.83707646	1164642.30953387	87.0546695251531	3391.15778843815
0.15849	78254.4182705209	1457506.93950502	1459606.19095842	86.9267062115618	3398.31492342008
0.12589	105245.044710437	1828560.59228906	1831586.84181467	86.705905490085	3406.72707939884
0.1	142648.483239602	2290020.78526324	2294459.36697694	86.435574102154	3416.82926437334
