Frequency (Hz)	Z' (Ω)	-Z'' (Ω)	Z (Ω)	-Phase (°)	Time (s)
10000	113.768621526971	49.0285212990698	123.883393337931	23.3135980751017	42710.648819166
7943.3	114.224477715522	59.4696320704068	128.778369487944	27.5032095069886	42711.9208381628
6309.6	115.447370744911	72.1345883336341	136.130431006354	31.9982383868233	42713.2628651594
5011.9	114.594280493861	89.4094052448683	145.347483184769	37.9622708571336	42714.589890156
3981.1	116.693597393118	111.278211637523	161.245886948451	43.6392159289821	42715.9219131527
3162.3	116.33595495989	138.437597476357	180.828711247566	49.9580047202159	42717.3089391492
2511.9	120.382413382532	174.557185382367	212.042770262079	55.4081233584592	42718.6359651458
1995.3	116.229989241336	219.036757960163	247.964738897973	62.0477239749441	42719.9729871424
1584.9	120.017424262069	274.02018909468	299.150875241885	66.3471809871163	42721.2750121392
1258.9	124.762628449486	344.13416818778	366.05196239321	70.0723602991534	42722.5970361358
1000	128.102054160241	431.80738452184	450.408429769765	73.4762305261186	42726.6151141257
794.33	133.833249295819	541.581046475351	557.872179373029	76.1193919545326	42727.9621351223
630.96	142.174398341301	678.83380874963	693.562469749654	78.1709996025773	42729.2791611189
501.19	154.529530734476	850.87515700908	864.793564201448	79.7065637317316	42730.6411881155
398.11	172.655291354858	1066.35248989889	1080.23954859392	80.8029385755498	42733.5672421081
316.23	199.311255672899	1334.8749690674	1349.67261203619	81.5078573479673	42734.814264105
251.19	238.271051293568	1667.51189096314	1684.44916824106	81.8680433964126	42736.1812911015
199.53	294.478686837705	2080.12515032823	2100.86609236041	81.9423085732519	42737.5433140981
158.49	374.394177379735	2586.32533110862	2613.28332149233	81.7631304757286	42738.9153400946
125.89	486.696111965265	3205.98641110605	3242.71830006844	81.3679199270592	42740.342366091
100	640.785682752972	3957.00179966654	4008.54955486213	80.8015345651791	42741.7393920875
79.433	844.745472496093	4861.2983021908	4934.14796050805	80.1421751227418	42743.1814190838
63.096	1103.04664720172	5947.0586169991	6048.4889104574	79.4923206659453	42744.68844608
50.119	1416.78355663792	7240.58520490332	7377.8960250077	78.9286746353683	42746.3654760758
39.811	1791.68876088126	8795.31687099885	8975.95384776154	78.4858552060566	42747.9275070719
31.623	2198.98049330741	10674.0771569032	10898.2309739457	78.3592785823509	42749.6345370675
25.119	2647.4476550742	12957.3791001999	13225.0766437346	78.4522857550214	42751.2115660636
19.953	3114.64637672979	15752.9956890168	16057.9542666636	78.8158581708543	42753.1386020587
15.849	3607.48175847776	19216.7749815364	19552.4516449665	79.3678550025249	42755.0856380538
12.589	4135.08263386181	23538.1316979502	23898.5889168987	80.036182955959	42757.0876780487
10	4676.92896934242	28930.9739565459	29306.5678416735	80.8171111423013	42759.3897190429
7.9433	5260.14816351499	35714.2195622199	36099.510213306	81.6214621018318	42761.746762037
6.3096	5908.95218986421	44114.1407346206	44508.1243003568	82.3708189536097	42764.1938110308
5.0119	6621.62820636546	54694.1966781811	55093.5668692352	83.0970026691251	42766.6508540246
3.9811	7417.32736110291	67957.3883927711	68360.9785063651	83.7710097347443	42769.0878970184
3.1623	8335.5671066469	84552.3809642689	84962.2669525495	84.3697085883089	42771.5649430122
2.5119	9585.26734162156	105356.067482598	105791.201455547	84.8015565564923	42774.1819930056
1.9953	10721.8030930856	131324.787490289	131761.742819896	85.3325295444404	42778.2010669954
1.5849	12190.937331577	164080.459804489	164532.720887594	85.750815087579	42783.6221699817
1.2589	14113.8978128554	204973.856943456	205459.203107936	86.0609983631472	42786.3842189748
1	16174.8381977969	255859.482867789	256370.240792681	86.3827084787784	42791.4133109621
0.79433	18906.4717022431	320088.09249305	320645.975536988	86.6196684207847	42794.620370954
0.63096	22497.9064126675	400669.180969372	401300.321918163	86.7861693287648	42798.0974339452
0.50119	27070.5116261994	501905.027211511	502634.52820105	86.9127133587938	42801.9395049355
0.39811	33287.2373497428	628706.261986315	629586.85185698	86.9692697691255	42806.2465849246
0.31623	42067.139974022	787495.639038505	788618.428500284	86.9422295891041	42811.0736759124
0.25119	53673.5952128904	986569.265954177	988028.223963487	86.8859340431835	42816.5607748986
0.19953	71001.6813572285	1236461.54014401	1238498.43722584	86.7134973892244	42822.8728928826
0.15849	94364.3382994661	1548395.3417404	1551268.11437161	86.5125188459661	42830.1800288642
0.12589	129096.513756671	1938382.34120812	1942676.50692842	86.1897206476868	42838.7571868425
0.1	176666.428935279	2426603.87122068	2433026.38188244	85.8359856348448	42848.9793788167
