Frequency (Hz)	Z' (Ω)	-Z'' (Ω)	Z (Ω)	-Phase (°)	Time (s)
10000	116.051325662628	48.9571454439933	125.955199488062	22.8728237789608	36942.1920097299
7943.3	115.922087939507	59.2385565224603	130.181170109658	27.0679611035761	36943.4540307267
6309.6	116.415595202401	72.2315094158215	137.003583014522	31.8180495714891	36944.7610577234
5011.9	117.986474311861	88.2676455023061	147.349873983876	36.800773940861	36946.0580807202
3981.1	117.001119574385	111.828488268528	161.848301721346	43.7050649521421	36947.3601047169
3162.3	117.214505191742	138.770242646845	181.649168651027	49.8133568949736	36948.6621307136
2511.9	117.361183212207	172.843201049041	208.922041618036	55.823347960527	36949.9941517102
1995.3	118.557738324528	220.130978432577	250.027168488368	61.6940642620793	36951.3011787069
1584.9	122.228606349153	273.359848363274	299.441879013688	65.9089363215511	36952.5632007037
1258.9	123.345998756597	342.444851954269	363.981746848992	70.1913703808611	36953.8352267005
1000	129.305674713949	431.460408171486	450.419850065175	73.3168932718104	36957.7133006907
794.33	135.117852541555	541.080429761263	557.696033288811	75.978931643458	36959.0503206874
630.96	143.631730348254	678.271262525483	693.312324663817	78.0435923339025	36960.3423436841
501.19	156.282755012326	850.664106261954	864.900989244833	79.589791449056	36961.6893686807
398.11	174.723586450583	1066.204909468	1080.42641611348	80.6934145069618	36964.5854266734
316.23	201.614520172323	1333.60810715096	1348.76202430343	81.403139419221	36965.8174466703
251.19	241.101447195225	1666.31192343643	1683.66425810672	81.7669160175047	36967.1594716669
199.53	297.960206347994	2077.69986590795	2098.95617328253	81.8389310033468	36968.5064966635
158.49	378.741357933172	2582.32680648784	2609.95340029564	81.6561063963665	36969.8535206601
125.89	492.676346511312	3198.55159900037	3236.27290472846	81.2434877070123	36971.2405456566
100	648.666130974386	3949.67141999683	4002.58317532728	80.6734049199454	36972.5925716532
79.433	855.70359770913	4850.58877011139	4925.48881471302	79.9952581627952	36974.0095966496
63.096	1116.25240178717	5930.30009041607	6034.44103350795	79.3400191567012	36975.4716236459
50.119	1438.49182056144	7215.12534409619	7357.12528429694	78.724685953808	36977.1936586416
39.811	1811.29178723078	8764.10163874756	8949.31592205725	78.3229855772651	36978.7456866376
31.623	2224.44937933724	10627.1921963053	10857.5038115787	78.1777196452335	36980.3877156335
25.119	2667.82632524552	12885.0009176414	13158.288108614	78.302255963418	36982.0047446294
19.953	3143.47060218361	15669.0629689776	15981.268465068	78.6561142002965	36983.8867826247
15.849	3638.66715270581	19120.633861228	19463.7750167668	79.2254135363956	36985.8388186197
12.589	4164.90299216953	23384.8324831768	23752.827351716	79.9013538833449	36987.8208546147
10	4708.45351527638	28746.4254935559	29129.4784224173	80.6979699972664	36990.1178956089
7.9433	5281.00169334286	35438.836373777	35830.1563269326	81.5243047649469	36992.4349376031
6.3096	5924.5305379808	43816.8551973709	44215.572612857	82.299667044218	36994.836982597
5.0119	6657.60340913118	54295.3175858795	54701.9670112949	83.0093807324052	36997.2840275908
3.9811	7450.05740509832	67514.3390692132	67924.1439790885	83.7030141797555	36999.7660735846
3.1623	8437.11264084285	83943.3794334856	84366.3192300601	84.2605014075746	37002.3081215781
2.5119	9624.49293386915	104552.286118575	104994.339832462	84.7404970786155	37004.8901685716
1.9953	10697.8607777874	130382.187608538	130820.331259361	85.3093875119692	37007.5872205648
1.5849	12202.9116631612	162750.861354104	163207.701793027	85.7120379626713	37011.7862995542
1.2589	13981.1852965946	203432.675056057	203912.546996896	86.0684523811475	37014.5533485472
1	16095.9838451282	253979.706864572	254489.237876489	86.3737251476053	37019.6674445343
0.79433	18733.2823444899	317602.656449159	318154.653039934	86.6244114903714	37022.8595035263
0.63096	22167.5249016754	397613.358688729	398230.815191389	86.8089800925699	37026.3965695173
0.50119	26612.2009857259	498046.949055952	498757.428721866	86.9414165388107	37030.1986375077
0.39811	32661.6168026645	623807.312553219	624661.784013584	87.0028156193328	37034.4057174971
0.31623	41045.7797842476	781841.042113633	782917.729503828	86.9947945814677	37039.197807485
0.25119	52593.4160783663	979117.215663916	980528.729525174	86.925304197471	37044.6599054712
0.19953	68763.1473335704	1226988.02600558	1228913.33559055	86.7923719369027	37050.8620214556
0.15849	91236.4693153686	1537155.31702485	1539860.56576266	86.6032456922378	37058.1491554372
0.12589	124149.240815696	1925799.12371199	1929796.69884809	86.3114543146664	37066.6463124157
0.1	171003.85787462	2409705.55924132	2415765.55187927	85.9408311737157	37076.7985003901
