Frequency (Hz)	Z' (Ω)	-Z'' (Ω)	Z (Ω)	-Phase (°)	Time (s)
10000	111.634805622165	47.7845283780301	121.431836758773	23.1730205725255	71914.7355494327
7943.3	111.051576969617	59.0289846045796	125.765153245589	27.9926845525382	71916.1025754293
6309.6	112.167827792386	72.3991461998716	133.503775085698	32.8403725033282	71917.5145994257
5011.9	112.643513748646	89.3065232755681	143.750534918	38.408238388953	71918.9616284221
3981.1	113.467540494044	111.495789558621	159.079206168084	44.4978287614555	71920.3886544185
3162.3	114.033427842215	138.870586197377	179.690462674703	50.6089089785225	71921.8156784149
2511.9	115.572512865561	174.865793695959	209.606897632158	56.5384380574921	71923.2377044113
1995.3	115.645187589601	219.920238759968	248.472776836569	62.2623355375189	71924.6797344076
1584.9	117.680373923926	273.889319331279	298.100703874758	66.7485455953258	71926.126760404
1258.9	121.457209519101	343.937840059506	364.753466836116	70.5499839258512	71927.5237864005
1000	124.614020013053	432.697615043178	450.284221406733	73.9339532170922	71931.67686439
794.33	130.060607056342	542.999235053034	558.358245910316	76.5301309558707	71933.1388903863
630.96	138.018168398489	681.134462676297	694.97710110003	78.5452575758697	71934.5859143826
501.19	149.672386040406	853.823766213326	866.843034749508	80.0572674884324	71936.037941379
398.11	166.776951231275	1070.4722608503	1083.38608663392	81.1446484831753	71939.189004371
316.23	191.992584892117	1339.99266976437	1353.67703226279	81.8462212452536	71940.5460253676
251.19	228.932836783171	1675.87333361307	1691.43775353189	82.2212523898773	71942.0130543639
199.53	282.04428753908	2090.17146179454	2109.11491385219	82.3150213393376	71943.4500783603
158.49	358.585500355169	2601.94468317701	2626.53758689612	82.153243512524	71944.9521113565
125.89	466.117586120815	3227.74120393062	3261.22352555641	81.7827330092048	71946.4841353526
100	612.438654611158	3987.61328957282	4034.36994496535	81.2684403731221	71948.0161653487
79.433	809.380545541359	4908.90491544454	4975.18284451701	80.637304857884	71949.5581943448
63.096	1058.69587910206	6016.90956784231	6109.34020267492	80.0207588040553	71951.1452233408
50.119	1373.01013917465	7346.66210455329	7473.86117885232	79.4141687114953	71952.9972573361
39.811	1728.34380379229	8928.88461683924	9094.62219143466	79.0448698716797	71954.6892893319
31.623	2131.71747172881	10857.5000286932	11064.7876731705	78.8920697824209	71956.4763213274
25.119	2561.80960504113	13195.4933731638	13441.8716633395	79.0131151851231	71958.1583533231
19.953	3027.31954343908	16072.6785619516	16355.2945486746	79.3331994483523	71960.2053893179
15.849	3503.4786732893	19656.0868780963	19965.8737392948	79.893794904061	71962.2624273128
12.589	4037.09560338562	24100.7473841297	24436.5334158614	80.4907183368295	71964.3444693075
10	4578.8869431176	29640.5462325456	29992.1354124965	81.2183351031731	71966.7715103014
7.9433	5170.03990836511	36531.7912719906	36895.8139386351	81.9448985531374	71969.1935572952
6.3096	5799.44607743081	45234.2659540874	45604.5216092674	82.6940146477314	71971.6306032891
5.0119	6523.65474987242	56148.8072389223	56526.5125905463	83.3727977215681	71974.1926482826
3.9811	7348.16672713755	69742.5319436126	70128.5698995469	83.9854302409934	71976.7896982761
3.1623	8318.21249583926	86799.8337655259	87197.4988222074	84.5259404171618	71979.4817482693
2.5119	9571.2751506979	108142.56734459	108565.29915166	84.942154037379	71982.0987962627
1.9953	10827.8290320313	134969.927465399	135403.556827588	85.4133256669933	71984.9208462555
1.5849	12404.3857610393	168598.691284406	169054.392101841	85.7921339182186	71990.686957241
1.2589	14208.6931954039	210577.042556867	211055.864202627	86.1398165270571	71993.5890092337
1	16551.1960383828	262825.320805687	263345.953731804	86.3966064549426	71998.7631052206
0.79433	19440.8800124482	328864.3478355	329438.472393446	86.6168860460547	72002.0251652124
0.63096	23287.1257295518	411412.467358697	412070.999371364	86.760351404101	72005.6522302032
0.50119	28381.7832470039	515317.735443933	516098.725132453	86.8475466484295	72009.5793031933
0.39811	35341.2903258002	645210.806022622	646177.987098179	86.864768378901	72013.8963851824
0.31623	44955.7092540176	808259.079721625	809508.341987271	86.8164648859793	72018.80847617
0.25119	58468.6972120322	1013239.54968995	1014925.10738949	86.6974259236277	72024.365580156
0.19953	78955.4115955116	1267416.87421837	1269873.80872025	86.4352901687415	72030.7926981397
0.15849	104885.381129329	1589629.30551178	1593085.77048335	86.2250371232317	72038.3348381207
0.12589	144512.006796009	1986788.20959157	1992036.92482853	85.8398322006755	72047.0820000986
0.1	200572.177674442	2485072.56200131	2493153.59271522	85.3856145672181	72057.4791930724
