Frequency (Hz)	Z' (Ω)	-Z'' (Ω)	Z (Ω)	-Phase (°)	Time (s)
10000	118.095257039142	48.8818549575388	127.812070944927	22.4855864051433	13168.7528297521
7943.3	118.005070215436	58.7296610245359	131.811872305217	26.4589608875419	13169.9098507492
6309.6	118.011527941963	73.0623713351276	138.797805574543	31.7621532024137	13171.181873746
5011.9	119.161224029365	90.1680069376235	149.431143966978	37.1143980526943	13172.4188977428
3981.1	120.353284040444	111.423543448194	164.012557488356	42.7936382645558	13173.6459207397
3162.3	121.492783794567	137.526302040548	183.50471456369	48.5421415847809	13174.8929427366
2511.9	122.30127058218	175.050625926214	213.542319981719	55.0594519553336	13176.1349637335
1995.3	124.81221197871	219.200568531148	252.243884967301	60.3429305390109	13177.3769877303
1584.9	126.461715480002	271.62331819674	299.619412706107	65.0343708600287	13178.6040097272
1258.9	122.630022010386	344.486044993351	365.662081016653	70.4053052869376	13179.8160337242
1000	133.078993502343	430.041924340735	450.162276520678	72.8050116928775	13183.7391097143
794.33	139.251585416538	538.924748841909	556.624549364591	75.5123404849748	13184.9911287111
630.96	148.47483991851	676.068701561205	692.180371954797	77.6136227136515	13186.228152708
501.19	161.912640237569	847.026392747694	862.362692305199	79.1782205969644	13187.4801757048
398.11	181.529544716877	1061.4093529761	1076.82068618237	80.2947803407727	13190.2662276978
316.23	210.395015680945	1326.8927704197	1343.46957048362	80.990065526867	13191.4132466949
251.19	252.259539828332	1656.61120366465	1675.70747910895	81.3418290009909	13192.7002716916
199.53	312.700921853835	2064.29042452233	2087.84022935252	81.3862607420654	13193.9472956885
158.49	398.59888949015	2563.22289733515	2594.03020339509	81.1609064224707	13195.2343176852
125.89	519.152911084838	3172.1966228142	3214.39747991465	80.7055270497095	13196.5663426819
100	682.596152612215	3906.57418182379	3965.76087852675	80.0887590101486	13197.8783656786
79.433	899.461657551122	4792.09924989965	4875.78162906148	79.3694526814729	13199.2253916752
63.096	1174.08862284062	5845.28925402199	5962.03745019006	78.6426601463721	13200.6324186716
50.119	1505.65314946336	7099.53051776567	7257.43239577022	78.0262452119423	13202.3294486673
39.811	1888.85126827901	8592.46333941942	8797.6238469797	77.6020629103811	13203.7964766636
31.623	2314.51811845859	10402.2335741508	10656.6156659543	77.4559156632801	13205.3485046597
25.119	2773.90954098537	12578.7136118024	12880.9398053602	77.5639420150381	13206.8405346559
19.953	3254.56520977322	15262.9766995433	15606.1094586533	77.9629417214215	13208.7075696512
15.849	3752.97866309923	18585.7710751721	18960.9001712572	78.5839158714622	13210.5896036465
12.589	4278.39041540428	22706.7886124653	23106.3383866377	79.3294866298043	13212.4816396417
10	4848.45698940528	27869.6462039379	28288.2434009392	80.131076130508	13214.7036776361
7.9433	5407.07532005497	34301.429066545	34724.9837944378	81.0419434309742	13216.9507196304
6.3096	6058.87677619908	42385.0889721218	42815.9521085757	81.8647787700842	13219.2027616247
5.0119	6761.08502411189	52492.4669111936	52926.0933106348	82.6606511415559	13221.5748076187
3.9811	7568.01001399989	65165.6784445492	65603.6616562703	83.3756352395707	13223.9868506126
3.1623	8467.62061429596	81047.8280536438	81488.9626334797	84.0355568945859	13226.3738946066
2.5119	9538.14446829668	100816.265117466	101266.457981571	84.5953802040968	13228.9209426002
1.9953	10654.134613383	125899.497063562	126349.491274076	85.1629194014145	13231.5279905936
1.5849	12100.2438355601	157091.286607244	157556.619120871	85.5953850440582	13235.6370695832
1.2589	13432.3688480213	196491.92882088	196950.518213634	86.0892921392809	13238.3891165763
1	15710.0104670887	245132.156703746	245635.051812859	86.3330474593825	13243.3282115638
0.79433	18155.0096538799	306484.651787095	307021.898496816	86.6099727746079	13246.3902675561
0.63096	21292.1652930558	383760.999879318	384351.221321385	86.8243211186729	13249.8473315474
0.50119	25329.7621368209	480672.993571791	481339.925207929	86.9835057286508	13253.569400538
0.39811	30724.3221980603	602129.188128521	602912.550185218	87.0789514962242	13257.7014735275
0.31623	38093.5690620294	754695.650214851	755656.432816595	87.1104246117631	13262.4085625156
0.25119	47849.3220289868	946502.830441071	947711.541373003	87.1059439396974	13267.7806605021
0.19953	62514.833830094	1185851.53845106	1187498.2002915	86.9823174003016	13273.8927764866
0.15849	82297.8855340648	1486966.1518371	1489241.84693844	86.8321298558277	13281.1149074684
0.12589	109984.378394305	1861624.11780657	1864870.21518654	86.6189070316664	13289.6270654469
0.1	149481.63609329	2333972.18950995	2338754.14290066	86.3354382759991	13299.7742534213
