Frequency (Hz)	Z' (Ω)	-Z'' (Ω)	Z (Ω)	-Phase (°)	Time (s)
10000	111.302734879094	47.7852577370082	121.126915458779	23.2351489752493	69285.3258630714
7943.3	111.974449290965	59.2862173811089	126.70095842327	27.8995197504721	69286.667888068
6309.6	112.805524339401	71.8220844483981	133.729197021444	32.4844763609793	69288.1099150643
5011.9	112.410680397445	88.9877204034444	143.370064692802	38.3662106711803	69289.5619420607
3981.1	112.770312218167	110.960522919846	158.206766493815	44.5365367186282	69290.9739670571
3162.3	113.733397571937	139.240451566321	179.78650971541	50.7576068217072	69292.3809930535
2511.9	113.605761762628	173.829771710755	207.660922271573	56.8335349327364	69293.80802005
1995.3	116.944505128375	219.804252328031	248.977763306696	61.9852666612408	69295.2500480463
1584.9	117.848039064394	274.555084057726	298.778604477074	66.7694049172265	69296.6470740428
1258.9	118.737665300896	343.708642553492	363.640294971654	70.9420047244086	69298.0541010392
1000	124.55807077194	432.608233267447	450.18284783542	73.9376476842808	69302.2221780287
794.33	130.072371522623	542.724455902509	558.093770676751	76.522385389973	69303.5992020252
630.96	138.078606109107	680.70135547248	694.564638321809	78.5332759674391	69304.9912260217
501.19	149.961317556361	853.750229647871	866.820541627292	80.0376170412871	69306.4332520181
398.11	167.217176595363	1070.29560272948	1083.2794013414	81.1202036819266	69309.4943130103
316.23	192.522214659436	1339.34634082598	1353.11249488773	81.8201398658249	69310.826337007
251.19	229.664945091824	1673.65122107557	1689.33548971534	82.1864499884285	69312.3283640032
199.53	283.491706273856	2089.41499302286	2108.55935666862	82.2732951430026	69313.6903899998
158.49	360.096140844178	2600.76646671944	2625.57716417994	82.1170765253145	69315.162416996
125.89	468.200340307471	3225.79016533704	3259.59104021489	81.7415974288696	69316.6844429922
100	615.918390438355	3986.05555382989	4033.36018003578	81.2162227654389	69318.1964709884
79.433	813.510734325095	4903.37556565837	4970.40155850186	80.5799594956294	69319.7634989844
63.096	1067.4330588859	6005.7782078547	6099.90042682214	79.9218142787702	69321.3805299803
50.119	1372.66975046088	7329.58742677082	7457.01509254924	79.392638357407	69323.2375639757
39.811	1735.11544451506	8912.79242586833	9080.11533144874	78.9836222093788	69324.8845949715
31.623	2140.13708102769	10839.5867372498	11048.8382810118	78.8313297996922	69326.656628967
25.119	2574.1174828366	13164.3421728517	13413.6492297721	78.9361469258767	69328.3436599628
19.953	3040.79506315725	16030.1510304412	16316.0098270035	79.2590535032104	69330.3606959577
15.849	3536.36809652786	19582.723275295	19899.4711032962	79.7635010895817	69332.4277349524
12.589	4036.56329953207	24011.4068887627	24348.3367819827	80.4572216176302	69334.5147729472
10	4591.20297559748	29539.1879286848	29893.8583700615	81.1653476800532	69336.9218179411
7.9433	5156.73327699496	36449.2125430519	36812.1853887899	81.9473950274598	69339.333863935
6.3096	5824.55256474638	45127.9811942345	45502.3087243568	82.6456384341699	69341.8709119286
5.0119	6545.91191812923	55938.8495298042	56320.5455367576	83.3256559067376	69344.4079579222
3.9811	7377.66296691518	69535.8740566362	69926.1588511322	83.9436521130648	69347.0150039156
3.1623	8317.89539545808	86543.7780568985	86942.5839515452	84.5100512281329	69349.6770539089
2.5119	9511.69024300673	107818.602066877	108237.346618136	84.9584536912836	69352.394105902
1.9953	10788.6623999151	134452.948116242	134885.101080617	85.4123486276626	69355.2011558949
1.5849	12396.721364977	167914.873009796	168371.860114738	85.7776607394565	69359.520237884
1.2589	14311.4368275919	209907.41769521	210394.727185691	86.099623781934	69362.4022918768
1	16516.6163783726	261975.814708618	262495.954461844	86.3924854937614	69367.5863898637
0.79433	19426.3247602635	327863.67420038	328438.686749695	86.6091192236691	69370.8534458554
0.63096	23246.736186123	410328.714622301	410986.696605738	86.7574348731856	69374.5205158462
0.50119	28251.8179358246	513765.130335598	514541.324254363	86.8524892045377	69378.4825868362
0.39811	35117.854717791	643537.851463375	644495.329685233	86.8764678786785	69382.8096688252
0.31623	44557.6024213821	806409.01358035	807639.076021693	86.8373751177442	69387.7367608128
0.25119	57924.9444652179	1010104.37431383	1011763.87867883	86.7179391887978	69393.2988607988
0.19953	76789.5535061805	1264407.16248943	1266736.7951087	86.524600472649	69399.6759817827
0.15849	104088.488574615	1583616.7691291	1587033.8638229	86.2394532190448	69407.1131197639
0.12589	141280.910069282	1983509.13873393	1988534.3343757	85.9258307073837	69415.795280742
0.1	198528.11681574	2478037.83296625	2485977.6577392	85.4195290258361	69426.1374697158
