Frequency (Hz)	Z' (Ω)	-Z'' (Ω)	Z (Ω)	-Phase (°)	Time (s)
10000	119.787034347667	48.1714458943614	129.110115007937	21.9071507966505	597.944072490336
7943.3	119.938961958492	58.2863582152329	133.351618474149	25.9182149222026	599.036091487579
6309.6	121.540919863196	72.5351194306851	141.539883962139	30.8285782495517	600.223115484582
5011.9	121.536210825874	89.6675792324243	151.034185889534	36.4193454441938	601.390133481636
3981.1	122.223858667666	111.376079163741	165.358104238956	42.3412416061669	602.552156478702
3162.3	122.336686026707	139.05261192994	185.207704031272	48.6590999933611	603.734179475718
2511.9	124.997903909925	172.581755092281	213.093730955668	54.0848524234629	604.896199472784
1995.3	124.6278947019	217.295847664586	250.498697701403	60.1639976083472	606.068221469825
1584.9	126.681164030729	274.705440838763	302.508175999591	65.2430817727219	607.200242466967
1258.9	130.630116554267	343.074711584299	367.102826302974	69.1550239576263	608.357264464046
1000	135.560013594836	428.902462791267	449.815339749821	72.4602045021468	612.150334454469
794.33	142.114144275131	537.807375448404	556.267204758427	75.1980774045033	613.342357451459
630.96	151.729728203544	674.353310790499	691.212194767155	77.3195976431787	614.494376448551
501.19	165.78154936394	844.610631253428	860.726809467337	78.8950661703592	615.681399445554
398.11	186.303702538139	1057.53568464374	1073.82065256463	80.0088473153234	618.412454438659
316.23	216.395555689171	1322.29303475711	1339.88279572849	80.7058333872672	619.499470435914
251.19	260.175676339584	1650.21322419517	1670.59721892124	81.0403924943024	620.711491432854
199.53	323.040238253653	2054.17249919168	2079.41810417395	81.0628308193386	621.883515429895
158.49	412.2148008626	2548.62558687584	2581.74619669099	80.8125412170682	623.090537426848
125.89	537.120819376071	3151.96246422749	3197.39990468916	80.329214954732	624.342561423687
100	706.703443648073	3879.91202008568	3943.74784194799	79.6770732368333	625.574581420576
79.433	929.280268781953	4746.88721446089	4836.9928721014	78.923502923443	626.851607417352
63.096	1213.57489317942	5783.88264222523	5909.82761511618	78.1500928272272	628.178630414001
50.119	1551.75759857018	7004.35500615211	7174.18571664606	77.508346933363	629.760659410007
39.811	1940.84360911796	8470.00427849244	8689.52509592637	77.0938705569657	631.182688406417
31.623	2377.88869366444	10235.8276664955	10508.4024788572	76.9215766011531	633.376728400877
25.119	2840.18524168851	12370.1010368756	12691.9680061689	77.0689600429051	634.813753397249
19.953	3329.53665464279	14976.4271968069	15342.0724126784	77.4659363171568	636.585786392775
15.849	3847.17833896009	18221.114929974	18622.8303558585	78.0777607681349	638.377819388251
12.589	4373.84008910398	22216.7406916958	22643.1897948833	78.862533772568	640.209855383625
10	4937.32726444262	27250.5059303	27694.1740077858	79.7303884635223	642.371895378167
7.9433	5508.13543521656	33500.5009457426	33950.3036744649	80.6629969094335	644.538933372696
6.3096	6185.24391498681	41390.6916867199	41850.2879391884	81.5008617085985	646.815978366947
5.0119	6860.65153063565	51234.0153752126	51691.3229748701	82.373000531668	649.053016361299
3.9811	7610.7388682445	63552.1863514301	64006.278880806	83.17102359527	651.325059355562
3.1623	8505.28038621069	78969.3126037652	79426.0166920087	83.8527339472767	653.732105349485
2.5119	9575.28116973068	98298.6959669015	98763.9592071559	84.4363680281434	656.239151343155
1.9953	10597.1565394326	122618.645345921	123075.716179878	85.0605602156369	658.761199336788
1.5849	12026.3376938832	153155.191801692	153626.643438371	85.5101269683637	665.329320320205
1.2589	13161.5807388789	191268.114822046	191720.418722486	86.0635564220132	667.94136831361
1	15444.7894528606	238771.073747955	239270.071634533	86.2990066971433	672.790458301367
0.79433	17743.1427689377	298796.033604562	299322.382746659	86.6016457010622	675.772513293838
0.63096	20658.9314558566	374060.708024928	374630.757863003	86.8388331924728	679.179578285236
0.50119	24418.9123234175	468314.789905828	468950.984350815	87.0151813400017	682.831644276016
0.39811	29421.6549033165	586993.979706221	587730.861865019	87.1305888007979	686.898719265747
0.31623	35908.3025245584	735967.68683431	736843.159874908	87.2067198177752	691.560804253977
0.25119	45191.0002715458	922409.354529496	923515.697662506	87.1951878692809	696.847905240628
0.19953	57785.0509684242	1156682.86547752	1158125.36601385	87.1400204806326	702.900016225348
0.15849	75922.5024208396	1450412.78934924	1452398.52860077	87.003561739003	710.067150207253
0.12589	100930.469309823	1820125.39048382	1822921.66499797	86.8260574580087	718.454302186077
0.1	138783.667899214	2280376.57355514	2284595.85565908	86.5172758156706	728.54148816061
