Frequency (Hz)	Z' (Ω)	-Z'' (Ω)	Z (Ω)	-Phase (°)	Time (s)
10000	116.191422390972	48.0677133259216	125.741606883403	22.4745941451165	24296.2688626578
7943.3	118.10185010951	57.9990044177357	131.574813367672	26.155336482964	24297.4708826548
6309.6	117.760271703442	72.1086158054096	138.083793636475	31.4805516235365	24298.7579076515
5011.9	118.752045430473	89.5115392184969	148.708990808174	37.0078324447195	24300.0399306483
3981.1	119.240627653885	112.533774765869	163.957853567153	43.3424953020581	24301.3219556451
3162.3	119.952093765516	139.804725645953	184.211471172865	49.3704916642102	24302.5939796418
2511.9	119.813378659952	173.386433996963	210.756022927213	55.3547770724493	24303.8660016386
1995.3	123.51552306012	217.11406120684	249.789111072806	60.3645850836857	24305.1580246354
1584.9	124.091548728674	274.535895977906	301.278393925407	65.6768022038684	24306.3800476323
1258.9	125.407998301777	343.804915252396	365.963093480429	69.9598005741086	24307.6370706291
1000	131.38980218178	430.642599736462	450.240301200533	73.0329616344174	24311.5801456192
794.33	137.408501156705	540.013144874607	557.221044853383	75.723825835703	24312.8871686159
630.96	146.355552846646	677.347522462664	692.978797680965	77.8074481620544	24314.1691956126
501.19	159.303305497051	848.465825254852	863.291260101528	79.3662569550185	24315.4662186093
398.11	178.297812232207	1063.33192732482	1078.17665413192	80.4812848782029	24318.2672706023
316.23	206.211940445659	1329.93624208164	1345.82828488058	81.1862453875391	24319.4842905992
251.19	247.015453744533	1661.11393226951	1679.37968618431	81.5418301099048	24320.7913165959
199.53	305.833482227332	2070.8104561901	2093.27257286707	81.5988411106224	24322.0783405927
158.49	389.440807084392	2572.91619291903	2602.22248818342	81.3929503486325	24323.4103655893
125.89	506.889267720053	3186.5997340384	3226.66307424611	80.9617409048088	24324.7873905858
100	666.384538713065	3928.43638601113	3984.55528163082	80.3725049966349	24326.1194135825
79.433	878.862317967447	4821.65725439967	4901.09963710676	79.6698798486818	24327.5114405789
63.096	1145.22758082042	5883.76171785384	5994.18035801011	78.9855487629553	24328.9534675753
50.119	1470.40194623248	7155.93550511868	7305.44282277963	78.3884810050987	24330.5754965712
39.811	1851.68206140074	8672.28316369107	8867.76306222448	77.9473462333397	24332.0825235674
31.623	2274.1078667489	10505.8762633642	10749.1861389935	77.7861572970567	24333.6895535633
25.119	2731.40588332246	12726.9120817905	13016.7149940787	77.8871211975755	24335.2565835594
19.953	3203.87148231738	15459.5884499232	15788.0862524945	78.2916680288493	24337.0986165547
15.849	3702.2359283135	18843.8540681532	19204.0981826992	78.8847210601049	24339.0006555499
12.589	4235.33836156197	23053.2362484359	23439.0655223948	79.5897150003106	24340.947687545
10	4780.25685774608	28282.2476111399	28683.381696792	80.4065532222265	24343.2097335393
7.9433	5375.15105192733	34869.4542007147	35281.3135397022	81.2367923121132	24345.4717745336
6.3096	6053.42175056152	43066.4231982574	43489.7772123699	81.9989162591431	24347.7688155278
5.0119	6718.08829309752	53360.971690744	53782.2090481066	82.8242777628128	24350.1758585217
3.9811	7543.98963576733	66266.2967708895	66694.3315983613	83.5052077247004	24352.5679055157
3.1623	8433.75230993048	82405.3086197581	82835.7595893394	84.1564227348558	24355.0599515094
2.5119	9577.79817984745	102717.096172508	103162.667976774	84.6728903502401	24357.6469975029
1.9953	10734.0358128754	127991.180390346	128440.498996797	85.2060828138426	24360.2940484962
1.5849	12154.7870995996	159794.271365834	160255.882920953	85.6501600457533	24364.4981284856
1.2589	13640.9656543141	199677.225450611	200142.624914425	86.09190631056	24367.3151794784
1	15919.5042064311	249345.289292002	249852.964573748	86.3468967236281	24372.3592714657
0.79433	18472.3719721885	311837.236264526	312383.883142804	86.6099187358112	24375.4563264579
0.63096	21715.5104178532	390455.218684662	391058.616054927	86.8167242153167	24378.8883924492
0.50119	25961.2911726809	488815.82937764	489504.753490201	86.9598443828711	24382.6404594397
0.39811	31643.9468753938	612631.693914719	613448.393724094	87.0431585709088	24386.7875384293
0.31623	39593.1906488763	767541.232897439	768561.750898052	87.0470462235514	24391.5646244172
0.25119	50553.1217660127	962117.101907853	963444.30866753	86.9922378955288	24396.8917234038
0.19953	65749.6704846294	1205814.47699674	1207605.71881047	86.8789131343011	24403.138839388
0.15849	86615.3961278332	1510914.69254716	1513395.33334858	86.7190265502074	24410.3509743698
0.12589	116404.116151914	1893444.07476566	1897018.81448822	86.4820290696023	24418.9031323482
0.1	159104.399778844	2374331.72312359	2379656.55956065	86.1663307496357	24429.0853193225
