Frequency (Hz)	Z' (Ω)	-Z'' (Ω)	Z (Ω)	-Phase (°)	Time (s)
10000	118.82242257946	48.7040222021792	128.416704078255	22.2881918799419	9798.56042926101
7943.3	119.35801377588	58.4116083536805	132.884353642507	26.0762725065982	9799.70744925812
6309.6	119.115001411464	71.793548984548	139.078025715962	31.0784065355995	9800.93947025501
5011.9	119.66095243406	89.2889744558444	149.302593737694	36.729676140847	9802.16149425192
3981.1	120.706886434846	111.906792817846	164.600372756477	42.8334555021597	9803.37851724885
3162.3	122.313504896448	138.165673952657	184.527360949116	48.4825953200196	9804.5855372458
2511.9	121.56253851804	173.951161355589	212.217947657375	55.0529402035128	9805.79756024274
1995.3	123.003639573814	217.111270501763	249.53396387525	60.4664277337203	9807.01458223967
1584.9	126.597278720639	272.016017886533	300.032639834932	65.0425541295394	9808.19660623668
1258.9	129.706493024905	342.040958911381	365.808408741293	69.2326045704806	9809.39862723365
1000	133.744652948127	429.690930057757	450.024363302828	72.7108390668329	9813.27670022386
794.33	140.148722881594	538.988269809742	556.911141491927	75.4246115805049	9814.5287212207
630.96	149.406353060607	675.517461499338	691.84253925686	77.5284815441557	9815.74074621764
501.19	163.024477515935	846.114455762449	861.676651952186	79.0942205133291	9816.97776721451
398.11	182.971616726775	1060.25595694263	1075.92811412284	80.2087312193536	9819.74882120752
316.23	212.22360079787	1325.68400348489	1342.56356789216	80.9049123197108	9820.88084120466
251.19	254.801332747514	1655.03043204787	1674.52962057244	81.2477076436633	9822.13786520149
199.53	315.910020039883	2060.28843641592	2084.36742969918	81.2825667702675	9823.36988619838
158.49	403.343942859024	2559.37944355182	2590.96689911636	81.0441619811169	9824.63691019518
125.89	524.637187107263	3165.50887553947	3208.68986024124	80.5895957545121	9825.95393519185
100	690.66966309546	3897.46339980781	3958.18715277106	79.9509372354601	9827.23095818863
79.433	909.44665256665	4775.22215586791	4861.05336853613	79.2170854467891	9828.58298418521
63.096	1187.40105239908	5827.40593137713	5947.14899328139	78.4829885605178	9829.9750091817
50.119	1524.25087021214	7068.54754979229	7231.02379881418	77.8311583499521	9831.52203817779
39.811	1907.55902114162	8548.92104788372	8759.15706572773	77.4213932990996	9832.99906317406
31.623	2332.91760481985	10339.7053378624	10599.6231548437	77.2854229000398	9835.2431071684
25.119	2795.16473375857	12507.7601527546	12816.2790983844	77.4028398090011	9836.76013516457
19.953	3281.87591007618	15166.6178315764	15517.635320442	77.7901221666548	9838.57216815999
15.849	3777.28204551037	18463.4103333822	18845.8319208832	78.4378575236263	9840.43920315528
12.589	4335.41200786217	22554.9778337194	22967.8649934531	79.1195774977006	9842.30623615057
10	4878.89325816843	27652.8028841203	28079.9057472174	79.9940559947646	9844.50827914501
7.9433	5470.69761643281	34023.5611654448	34460.5752533124	80.8655138947834	9846.7303201394
6.3096	6127.29355499236	42044.8937510829	42489.019956324	81.7085307057412	9848.95736113377
5.0119	6796.65134224995	52041.4195235951	52483.3670366044	82.5592389108059	9851.30940312783
3.9811	7586.88811168313	64619.2268563757	65063.0874669728	83.3036089822387	9853.69144912182
3.1623	8477.55471992979	80383.0481644408	80828.8523129966	83.9795869518209	9856.14849211562
2.5119	9551.50255254957	100051.798054778	100506.683832497	84.5467517035387	9858.6905411092
1.9953	10653.3120225771	124774.308479784	125228.276014879	85.1198843731179	9861.22258810281
1.5849	12063.5700577275	155776.581920281	156242.994074307	85.5717678619362	9865.31666409247
1.2589	13344.9750799844	194704.492753991	195161.286782175	86.0791001629437	9867.99371108571
1	15637.2923588264	243010.866503925	243513.461950882	86.3182004334807	9872.9078040733
0.79433	18023.9064326842	303890.500948642	304424.535426944	86.6057333169482	9875.94485906564
0.63096	21111.9975593272	380431.544794298	381016.898202063	86.8236364541169	9879.39692505692
0.50119	24973.0093132498	476520.96554475	477174.896445591	87.0000475164155	9883.17399204738
0.39811	30308.4357133325	596924.469052465	597693.418927259	87.0933416969841	9887.30106903696
0.31623	37516.1679329953	748094.326243703	749034.434331557	87.1290801582384	9892.02315602504
0.25119	47399.7814375885	937075.249025256	938273.287276195	87.1042936524827	9897.41525901143
0.19953	61102.5847166442	1175829.22453625	1177415.76816882	87.0252703954727	9903.50236999606
0.15849	79602.1868716224	1473292.22654478	1475441.11809046	86.9073080629945	9910.61950097809
0.12589	107184.908976199	1848248.55072172	1851353.91266964	86.680980962499	9919.05665695679
0.1	147290.005952233	2315252.93916453	2319933.30036952	86.3599059277375	9929.18884693121
