Frequency (Hz)	Z' (Ω)	-Z'' (Ω)	Z (Ω)	-Phase (°)	Time (s)
10000	120.254532288262	48.2780435448568	129.583648753952	21.8737572217315	1044.16933636373
7943.3	120.45825867247	59.1884414289197	134.214245448046	26.1676830755337	1045.25135536099
6309.6	120.810293680104	71.2318764704516	140.24659455607	30.5243500672674	1046.42837635802
5011.9	120.812823248562	89.4204801099379	150.305557197265	36.5072603290173	1047.61539735503
3981.1	121.447684700079	110.216028705542	164.00339357047	42.2243258567586	1048.78742035207
3162.3	123.194738960801	138.541191902003	185.393110878607	48.3556013115375	1049.94944234913
2511.9	123.87798402084	173.94512036801	213.547792835489	54.5427828210893	1051.1114613462
1995.3	125.48377853755	216.974153264671	250.647086280655	59.9576960990171	1052.28848534323
1584.9	127.70281272868	272.00683384059	300.492472509377	64.8507032521266	1053.43050434034
1258.9	133.658479490368	341.168473738062	366.415770147023	68.6064034263065	1054.57752533745
1000	135.440824312232	429.002555395526	449.874881968607	72.4785203890711	1058.39559932781
794.33	142.015376213858	538.079114771658	556.504717711014	75.2150563629738	1059.60261832476
630.96	151.571896204866	674.283471607791	691.109426793321	77.3310924451062	1060.83964332164
501.19	165.486435276314	844.555564336571	860.615977955514	78.9136394951896	1062.05166531858
398.11	186.109163308898	1058.33807610467	1074.5771745205	80.0264854036555	1064.67271531196
316.23	216.011140047143	1322.36474601977	1339.89153820017	80.7225510282918	1065.77473530918
251.19	259.589454774611	1649.75507839465	1670.05344337213	81.0578111559269	1066.99675530609
199.53	322.340124111461	2054.67131288541	2079.80224050424	81.0840186539838	1068.1837773031
158.49	411.704335184245	2549.1927154257	2582.2246145502	80.8257315837067	1069.39580230004
125.89	536.156940689688	3153.04288873285	3198.30325692211	80.3494883258766	1070.66782629682
100	705.976361518837	3881.14664843535	3944.83230691551	79.6906759855711	1071.89984729371
79.433	927.654755392703	4751.09264027974	4840.80826120215	78.9519469091062	1073.17686929049
63.096	1206.8375285382	5782.80780042223	5907.39560863435	78.2119051583367	1074.49889428715
50.119	1544.4898737782	7015.25100709117	7183.25801170312	77.5837425276597	1076.08092528316
39.811	1938.00255143605	8481.08993832058	8699.6977206829	77.1284159494524	1077.4879492796
31.623	2369.65396660566	10249.1127596205	10519.4853619778	76.9816384859289	1079.68699527405
25.119	2840.80114209945	12380.1223938291	12701.8731537967	77.0763680596195	1081.12901927041
19.953	3327.45537954275	15000.9726280039	15365.582940096	77.4933750595544	1082.88105126599
15.849	3835.90759679935	18244.1014475868	18642.9993488446	78.1262461827142	1084.68308526144
12.589	4381.55079419186	22271.8917869658	22698.7918430122	78.8703276708514	1086.51011725683
10	4943.54148746936	27307.8210852788	27751.6791359357	79.7388604932923	1088.65715625141
7.9433	5556.2005879154	33594.4679671236	34050.8390934386	80.6088439996495	1090.82920024592
6.3096	6158.14060822152	41420.6155918951	41875.8891459294	81.5435890905226	1093.10124024018
5.0119	6860.37664764996	51328.833342213	51785.2672100888	82.3872256780922	1095.41328523435
3.9811	7657.10547455897	63631.6309479417	64090.6835768162	83.1383117900806	1097.6903242286
3.1623	8523.14875615657	79172.0769997023	79629.5287011443	83.8555741166088	1100.10236822251
2.5119	9625.88477613142	98626.2704030195	99094.8983113303	84.425609919458	1102.57441621627
1.9953	10646.1955512709	122804.439605833	123265.047221905	85.0452865378092	1105.12646420982
1.5849	12095.7544137664	153360.779802011	153837.043836389	85.4903465570617	1110.42756319644
1.2589	13371.2824954669	191685.991393987	192151.790239563	86.0097290406208	1113.11461118966
1	15520.1535914272	239248.221631648	239751.09326426	86.288394238968	1118.02370417726
0.79433	17852.0626337215	299330.474826039	299862.350587499	86.5869238838635	1121.07075916957
0.63096	20809.6884307708	374537.496387583	375115.154762994	86.8198572807156	1124.40781816114
0.50119	24617.8663837945	469274.245976303	469919.522133224	86.9970479024135	1128.07488815188
0.39811	29655.5611961589	587945.366365717	588692.794367976	87.1124872336849	1132.1469621416
0.31623	36370.3758710322	736515.844692489	737413.312684339	87.1729357163342	1136.78904912988
0.25119	45565.3070091953	924142.050370903	925264.679141368	87.1772875218661	1142.10614611646
0.19953	58239.3028153841	1158470.66996022	1159933.66601306	87.1220165758056	1148.24825910095
0.15849	76356.4384843653	1452764.95528835	1454770.19525834	86.9913372619335	1155.43039308282
0.12589	101524.439675511	1820749.78918355	1823578.07802774	86.8085100876031	1163.81754806164
0.1	139554.663316492	2283220.70348116	2287481.64688996	86.5023275083698	1173.90973703616
