Frequency (Hz)	Z' (Ω)	-Z'' (Ω)	Z (Ω)	-Phase (°)	Time (s)
10000	110.515912942282	47.8527032836554	120.431093265069	23.4123116458962	69943.7070544091
7943.3	111.231288464771	59.3608191238345	126.079761978621	28.0875096543955	69945.0690774057
6309.6	112.096984190918	72.5897800583845	133.547781837152	32.9255716199941	69946.6011074018
5011.9	111.757223987191	90.5044245547919	143.807955194827	39.0016128525041	69948.0481323982
3981.1	113.065285435695	111.675525805675	158.918790061557	44.645696987817	69949.4651623946
3162.3	113.592299266564	138.418090647092	179.060822825797	50.6261110833502	69950.9021863909
2511.9	114.187341858551	174.389842704985	208.447994184139	56.7839399028266	69952.3492123873
1995.3	117.455149357232	217.436099028398	247.131886391087	61.6228639130725	69953.7612383837
1584.9	118.033239366674	273.819275909336	298.17585659289	66.6809347411512	69955.1082633803
1258.9	120.296704110487	344.488801264806	364.888792944794	70.7506182975496	69956.4902893768
1000	124.537288690744	432.810644893913	450.37161390115	73.9473131001784	69960.5883693665
794.33	129.975694838373	542.753260901435	558.099259512014	76.5327263382179	69962.0353943628
630.96	137.981755518646	680.716408251456	694.560143773575	78.5413527732648	69963.4574203592
501.19	149.825631380275	853.720828232323	866.768119150781	80.0461148009911	69964.8944453556
398.11	167.041086722408	1070.72962298718	1083.68106479521	81.1329444070645	69967.9355043479
316.23	192.365676974576	1339.97609362	1353.71359051721	81.830490290155	69969.3575293444
251.19	229.399631969759	1674.73489202272	1690.37308003477	82.2003530053661	69970.8545553406
199.53	283.037817497322	2089.54766295626	2108.62984942821	82.2860009252186	69972.3315853368
158.49	359.241621314363	2600.3304002197	2625.02813942848	82.1342462697156	69973.8186093331
125.89	467.156405483232	3225.77798888354	3259.42920474576	81.7597271703145	69975.3756383292
100	615.113409308841	3987.88038245171	4035.04082396383	81.2314759598369	69976.8526693254
79.433	811.473460861082	4906.31998987304	4972.97345867738	80.6086676550719	69978.4296953215
63.096	1061.21689145987	6013.96082359515	6106.87367467651	79.9926698468268	69980.0367283174
50.119	1369.51801973484	7327.94773648969	7454.82378296783	79.4141279934834	69981.9187623126
39.811	1730.87030963845	8912.93426732291	9079.44432674197	79.0100885013486	69983.5857913084
31.623	2131.23621691877	10844.314511158	11051.7566490227	78.8813483426002	69985.347826304
25.119	2573.31977409867	13188.5468826513	13437.2520827607	78.9592909478362	69987.0848572996
19.953	3034.96637318839	16065.6313742131	16349.7869202777	79.3022939843783	69989.1068932945
15.849	3505.03354849692	19611.0108210371	19921.7721500604	79.8666439609216	69991.1489342893
12.589	4037.8010277258	24054.6865091445	24391.2234255013	80.4712088515344	69993.255970284
10	4579.81657030021	29580.6747344321	29933.1093867955	81.199080348969	69995.7230162778
7.9433	5172.73729186177	36514.2105432305	36878.7849947092	81.936921815552	69998.1950632715
6.3096	5788.58879968052	45213.5489230931	45582.5928015588	82.7042395416218	70000.7221102652
5.0119	6534.8518153134	56070.3531973367	56449.8786174265	83.3523188447098	70003.2991572587
3.9811	7357.55169668791	69639.6371640006	70027.2277853628	83.968972485134	70005.8012042523
3.1623	8294.20213384479	86698.1874325941	87094.0267362481	84.5352848763261	70008.4732512456
2.5119	9549.44756340503	108071.54326309	108492.628376458	84.9503296752744	70011.1453012389
1.9953	10755.6905961928	134750.219451529	135178.794647815	85.4363569288958	70013.9273552318
1.5849	12363.4455123262	168252.415834787	168706.046777163	85.797371484857	70018.2764352208
1.2589	14333.5837954523	210093.411068135	210581.79645607	86.0970542113988	70021.2384882134
1	16510.8564472802	262308.125639308	262827.245842264	86.3982968790096	70026.3475862005
0.79433	19469.3968655425	328293.68066122	328870.488454648	86.6060594184123	70029.6346431922
0.63096	23249.6984795514	410732.457511013	411389.961146874	86.7602035569523	70033.3017111829
0.50119	28295.9849852868	514602.763088014	515380.118499061	86.8526994652402	70037.2537841729
0.39811	35272.2939801356	644329.598155475	645294.324926089	86.866606098706	70041.590867162
0.31623	44772.5510363867	807107.666559691	808348.542861144	86.8248948132628	70046.5429581495
0.25119	58307.0407078196	1011951.34889602	1013629.7369003	86.7023535906987	70052.1100611354
0.19953	77116.5077020753	1267015.18621576	1269359.85357247	86.5170058756456	70058.5021781193
0.15849	103358.587959825	1585616.46300148	1588981.61268354	86.270444595305	70065.9393171005
0.12589	143320.314877139	1984295.3228471	1989464.41057119	85.8688537292625	70074.6414790785
0.1	197978.496646573	2482119.19304674	2490002.24369888	85.4396354272498	70084.9186670526
