Frequency (Hz)	Z' (Ω)	-Z'' (Ω)	Z (Ω)	-Phase (°)	Time (s)
10000	116.345528851932	48.0809585075907	125.88908076098	22.4533525187148	34112.6856208737
7943.3	116.699499637491	59.1998997702923	130.856415006883	26.8979947121813	34113.8976408707
6309.6	116.320609008511	72.2450233502717	136.930009417192	31.84380907369	34115.2146658674
5011.9	116.342266851625	89.8999298396584	147.028978236776	37.6939590215412	34116.5116888641
3981.1	116.619447276829	112.111980205836	161.768945069278	43.8710540600212	34117.8087128608
3162.3	118.352663202165	139.68178538691	183.080184771373	49.7253252895889	34119.1207388575
2511.9	120.36000111225	174.746006938881	212.185524503497	55.4420520292322	34120.4327618542
1995.3	122.480397238187	218.614769618849	250.587041171579	60.7399767454938	34121.7347858509
1584.9	121.388795827048	274.287319098161	299.947950768791	66.127700247437	34122.9968088477
1258.9	124.492071239671	344.196619285818	366.018563093909	70.1155088310398	34124.2688338445
1000	129.991401857062	431.29357353638	450.457446525801	73.2272518451492	34128.2319068345
794.33	135.84030026208	540.824407481308	557.623194373046	75.9005382692654	34129.5439318312
630.96	144.498651478486	678.448618978137	693.66590580224	77.9765742529374	34130.8609558279
501.19	157.107469974447	850.409766875329	864.800282561658	79.5330060094565	34132.1629788246
398.11	175.572394743644	1065.52933363535	1079.89741486561	80.6431757700983	34135.0290348173
316.23	202.772016931284	1333.46522853767	1348.79427881697	81.3536149940177	34136.2910568142
251.19	242.276344566263	1664.82228267465	1682.35877862792	81.7200502356148	34137.6580808107
199.53	299.509190080258	2076.06697126609	2097.560445881	81.7907166066032	34138.9251058075
158.49	380.528234541425	2581.34940694978	2609.24634675287	81.6141696456363	34140.292129804
125.89	494.797576047745	3198.3271116557	3236.37466224395	81.205766803496	34141.6941548005
100	651.377887974626	3946.79280723694	4000.18332282404	80.6283950904178	34143.0461797971
79.433	858.417184062058	4845.70854581974	4921.15549164254	79.9542737994819	34144.4682077935
63.096	1121.52695424945	5921.36649545157	6026.64117751874	79.2750281120211	34145.9502357898
50.119	1446.73534464768	7211.30509830021	7354.99587887196	78.6558891769725	34147.6872677854
39.811	1815.30278108587	8749.56693449926	8935.89647032131	78.2789378036399	34149.2392937815
31.623	2229.67397905389	10605.3754872994	10837.2245191969	78.1270521783233	34150.8713277773
25.119	2681.10987527237	12872.6744210263	13148.9199903653	78.2346856338399	34152.4433557734
19.953	3154.92778392183	15639.972219388	15955.0086287971	78.5952258255392	34154.3053897687
15.849	3642.26421105456	19074.0388248505	19418.6777530045	79.1892858776945	34156.2474267638
12.589	4173.07151083201	23367.9710599091	23737.6620013696	79.8748067009726	34158.2144627588
10	4729.6350089738	28684.1507733292	29071.4628614591	80.6369344914642	34160.4865047531
7.9433	5296.50393463352	35363.5513614928	35757.9881820347	81.4819567270662	34162.7985487472
6.3096	5960.35739154416	43711.9984705116	44116.4897801371	82.2353096870886	34165.2205907411
5.0119	6673.80429782877	54185.7832252215	54595.2266002845	82.9785143559942	34167.647636735
3.9811	7468.71156227478	67307.0399300321	67720.1541385088	83.6680897211636	34170.1346837287
3.1623	8402.90844169595	83752.0202778076	84172.500086987	84.2706408481314	34172.6567297223
2.5119	9603.56971915916	104296.479929407	104737.692723374	84.7390672198935	34175.2487787158
1.9953	10810.7192811338	130096.904016823	130545.302811468	85.2497812244022	34177.9108257091
1.5849	12262.7206296525	162340.051238818	162802.53853507	85.680238066514	34182.1799056983
1.2589	14036.7461470471	203008.674907413	203493.371710384	86.0446600596133	34184.9419576913
1	16106.3356678868	253102.581930304	253614.532368382	86.3588580921402	34189.9710526786
0.79433	18786.5182669405	316803.297176779	317359.831060379	86.6063195694137	34193.1381106706
0.63096	22168.6921542525	396392.871837818	397012.291693422	86.799007202997	34196.6901726617
0.50119	26608.0819339929	496607.346046306	497319.661959349	86.9330408656989	34200.4622456521
0.39811	32647.8497389072	622526.155681033	623381.662065528	86.9979223141689	34204.6343206416
0.31623	40892.8084667733	779528.169437441	780600.018403015	86.9971070162124	34209.3314076297
0.25119	52113.2059906055	977313.782688909	978702.210109042	86.9477135240661	34214.783510616
0.19953	67431.2131771611	1224392.72095275	1226248.1411332	86.8477230758006	34221.0456236002
0.15849	92186.6149146797	1533531.59234976	1536299.94359963	86.5598652358196	34228.3377585818
0.12589	124033.068180366	1922404.181657	1926401.31843149	86.3084064878567	34236.8549165603
0.1	172130.200881553	2406200.61642317	2412349.52122008	85.9082537740035	34247.0521085345
