Frequency (Hz)	Z' (Ω)	-Z'' (Ω)	Z (Ω)	-Phase (°)	Time (s)
10000	111.379157435113	47.8714198870554	121.231141019783	23.2583188373236	67337.4877989892
7943.3	111.765792559162	58.8185602119392	126.298121172815	27.7563161256415	67338.8298219858
6309.6	112.754044570416	72.4538046760701	134.026222729082	32.7241008391246	67340.2768479821
5011.9	113.681875014316	89.9293758030456	144.951237797736	38.3461709246893	67341.6888739786
3981.1	114.162943028668	111.862007009508	159.83205615008	44.4167485979236	67343.110899975
3162.3	115.998250121947	139.718576138046	181.595359382878	50.2995986403936	67344.5229279714
2511.9	113.975306388269	175.264205941592	209.064373700152	56.9638224289049	67345.9299549679
1995.3	117.422202050096	218.87652300894	248.384592635647	61.7874689641082	67347.3669789642
1584.9	119.672470200239	273.448346265157	298.48869023629	66.3637956465479	67348.7640089607
1258.9	120.90022982072	344.867496572362	365.445557864357	70.6808597696235	67350.1610339572
1000	124.985666200803	432.69709038884	450.38671026866	73.8885024625964	67354.2841109468
794.33	130.499995713897	542.734196306609	558.203060473434	76.4799344224169	67355.7311339431
630.96	138.55275365081	680.716546495901	694.673939497897	78.4951985542002	67357.1431619396
501.19	150.419933159086	853.197028294117	866.355195853003	80.0014147955979	67358.5901869359
398.11	167.717322821147	1070.41994114614	1083.47955715722	81.095087269117	67361.6312479282
316.23	193.195106380418	1339.55177716456	1353.41173071392	81.7931806758416	67362.9682679249
251.19	230.431466051773	1674.29117459088	1690.07384390732	82.1636546285496	67364.4352979212
199.53	284.209856206174	2088.41421619325	2107.6643899736	82.2502921145861	67365.8823249175
158.49	360.960651455566	2598.18950503476	2623.143399811	82.0906522319792	67367.3843519137
125.89	469.129508904474	3222.46178478701	3256.43093747397	81.7170068822081	67368.9313789098
100	617.791731247677	3983.53097145855	4031.15189787826	81.1844293020336	67370.433408906
79.433	815.218112027145	4899.54437002228	4966.90201272323	80.5532961936859	67371.9904359021
63.096	1071.88742849953	6006.42653694685	6101.31972634729	79.8816953787254	67373.5774668981
50.119	1374.91071791484	7328.05140649607	7455.91824649963	79.3735388874482	67375.4594998933
39.811	1739.45330911885	8910.91619566488	9079.10376968824	78.9544889903303	67377.1315328891
31.623	2143.05790282135	10820.39613269	11030.5788444296	78.7971375678386	67378.8585648847
25.119	2579.14057558431	13152.7720650285	13403.2600177427	78.9055820601089	67380.6205968803
19.953	3047.71105683137	16034.8044726003	16321.8717419436	79.238245556238	67382.6476348752
15.849	3537.56035627001	19579.8595119778	19896.8648732166	79.7586569436954	67384.71467187
12.589	4053.40841046425	23989.5277276068	24329.5614497187	80.4095585215577	67386.8167128646
10	4587.90262118902	29517.10615864	29871.5317056548	81.1650979521492	67389.2337548585
7.9433	5199.1716800876	36446.6343318706	36815.6018595393	81.8814376744195	67391.6657998524
6.3096	5781.61782731801	45051.2385349874	45420.7133171364	82.686960935812	67394.0978448463
5.0119	6522.69109049163	55894.6080174889	56273.907848049	83.3439027816275	67396.6348938399
3.9811	7373.02193861254	69485.8751281119	69875.9493304157	83.9431108660887	67399.2119418333
3.1623	8324.73409740795	86450.821835416	86850.7098060308	84.4996935026279	67401.7939888268
2.5119	9536.45852300725	107692.498146931	108113.913065284	84.9395054696033	67404.5510398199
1.9953	10761.3636447413	134381.92256948	134812.121342868	85.4214991394396	67407.3680928128
1.5849	12378.7797709315	167850.189633004	168306.031824331	85.7821306891992	67413.1092007983
1.2589	14214.0059229724	209788.847291266	210269.822875696	86.1239132301658	67415.981252791
1	16500.2668161774	261637.536940213	262157.318305529	86.3913997674299	67421.2203487778
0.79433	19408.453421216	327477.505125779	328052.136752084	86.608245797237	67424.4974077695
0.63096	23188.00846013	409769.118819752	410424.67576239	86.7612014751438	67428.1694757602
0.50119	28158.6558558429	513555.112224741	514326.514183135	86.8615671732826	67432.1415517502
0.39811	35006.2061514408	642893.408236084	643845.764777967	86.8832638322484	67436.4886327392
0.31623	44513.4332497731	805466.163716545	806695.225368249	86.8368129305973	67441.4257237268
0.25119	58035.2350738161	1009257.64635023	1010924.86626182	86.7089510680587	67447.0028247127
0.19953	76165.344152522	1263462.86923256	1265756.52539469	86.550212826771	67453.3899426966
0.15849	104195.451068109	1581998.11239393	1585425.72189341	86.2317594060489	67460.8020806779
0.12589	142131.055408133	1980779.33862298	1985872.10696638	85.8957688788816	67469.4792406559
0.1	194750.983290013	2475766.5766393	2483414.60241674	85.5022096797707	67479.8264346298
