Frequency (Hz)	Z' (Ω)	-Z'' (Ω)	Z (Ω)	-Phase (°)	Time (s)
10000	117.645023466554	47.9579122000824	127.044531126046	22.178231619282	19143.2774536679
7943.3	118.204362837566	57.7488999290446	131.556857810035	26.0378839502205	19144.4394706649
6309.6	119.064189749247	72.3455306644544	139.320339820739	31.2836138176328	19145.7214946617
5011.9	118.184505456631	89.0690469927843	147.989433616834	37.0032881170254	19146.9835186585
3981.1	119.910009686539	111.522791261138	163.755132419418	42.9244860675554	19148.2605436553
3162.3	120.790247669084	139.301364519156	184.377748356078	49.0709636343627	19149.5275656521
2511.9	122.033212667078	174.625179740343	213.040039413241	55.0530175987819	19150.7945916489
1995.3	121.279674533714	217.990997013661	249.457078941475	60.9105478285183	19152.0566126457
1584.9	124.415616511469	271.959062494424	299.066844208406	65.4168904186905	19153.2836366426
1258.9	127.47062594777	342.371814943901	365.331657740603	69.5788782406622	19154.5206576395
1000	132.235967291157	430.432012693687	450.286651586483	72.9221600083219	19158.4337336296
794.33	138.295622292707	539.481087420129	556.92506033517	75.621880236835	19159.7257546263
630.96	147.320235149172	676.662561395133	692.513879772983	77.7174658077032	19160.9777806232
501.19	160.527910348601	847.894440386826	862.956657103806	79.2793453965402	19162.2698036199
398.11	179.789282080006	1062.62277541107	1077.7250803304	80.3968499935957	19165.1058576128
316.23	208.251214816824	1329.11761072919	1345.33348714107	81.0950791827679	19166.3178786097
251.19	249.528793604409	1659.40345428466	1678.05972567413	81.4483575107732	19167.6549036063
199.53	308.89264593334	2067.15021237651	2090.10159256433	81.5012206616227	19168.9369256031
158.49	393.633145866566	2568.44695450927	2598.43545458661	81.2868015724984	19170.2389495998
125.89	512.63629690384	3180.1553906666	3221.20851260659	80.8427803620246	19171.5809755964
100	673.61636876707	3918.71432999143	3976.18925761225	80.2463346537876	19172.8980005931
79.433	888.015805552218	4807.60061566223	4888.92582789169	79.5348037111066	19174.2750235896
63.096	1159.53182149504	5866.37231219366	5979.86940913696	78.8191849432564	19175.697052586
50.119	1491.25245447076	7125.98383060052	7280.3488540691	78.1803028650545	19177.3890805817
39.811	1868.4582786474	8634.64886503903	8834.49474285688	77.7899773314295	19178.886108578
31.623	2290.94313727099	10461.104758187	10709.0211139941	77.6474464209774	19180.463138574
25.119	2750.77885104793	12663.6691067931	12958.9852817927	77.7446996006938	19181.9951685701
19.953	3228.52741466357	15369.7957620129	15705.222412727	78.1371136104761	19183.8272005655
15.849	3730.886776915	18726.6266259568	19094.6605345618	78.7325507619697	19185.7292365607
12.589	4267.34132104766	22898.113066526	23292.3546245915	79.4433381792294	19187.6462715559
10	4816.27371266395	28092.1346150411	28502.0090468179	80.2714719790944	19189.8983155502
7.9433	5431.00799001578	34644.2021592503	35067.3151387246	81.0905234548274	19192.1903585444
6.3096	6061.35708259238	42729.2548946451	43157.0304068091	81.9261775100602	19194.4874005386
5.0119	6739.73439271327	52976.6217706092	53403.6185469721	82.7497266067694	19196.8844435325
3.9811	7552.30176506019	65737.5423797196	66169.945897484	83.4462686668823	19199.3114885264
3.1623	8437.50229145026	81816.8841984403	82250.7992961723	84.1120914028113	19201.7335345203
2.5119	9637.36314068806	101914.562295149	102369.21791299	84.5979936967244	19204.3005795138
1.9953	10739.9915306973	127015.194856386	127468.455480111	85.1667524493259	19206.9226275072
1.5849	12129.1001609551	158689.58221739	159152.438168707	85.6292172777729	19212.3137314936
1.2589	13567.3069720519	198139.148071721	198603.106262367	86.0828642933693	19215.0307784867
1	15869.7905331234	247506.102229224	248014.356222111	86.3312863648728	19220.054872474
0.79433	18339.7642505765	309539.556571363	310082.382658485	86.6092730697849	19223.1469304662
0.63096	21559.284180588	387541.25010509	388140.468474231	86.8158639556102	19226.5639944576
0.50119	25659.0936611232	485322.571992179	486000.399148616	86.9735793719783	19230.3960644479
0.39811	31238.962011769	607854.819366625	608657.008646746	87.0580353233602	19234.5531414374
0.31623	38794.3734182191	761470.209436277	762457.791138526	87.0834922653406	19239.3202294254
0.25119	49422.929517792	954889.150496732	956167.305286314	87.0371422452049	19244.7773304116
0.19953	63644.606447919	1196687.1136239	1198378.35588073	86.9556495020152	19251.0044463959
0.15849	84865.7452542722	1500035.62691327	1502434.3835012	86.7618962276587	19258.2815813775
0.12589	113302.817200013	1879787.11914894	1883198.6463737	86.5507111177173	19266.7387363562
0.1	155393.959504379	2354771.39508225	2359893.13439149	86.2244626176355	19276.8809233306
