Frequency (Hz)	Z' (Ω)	-Z'' (Ω)	Z (Ω)	-Phase (°)	Time (s)
10000	116.546236263764	47.983596966487	126.037497456477	22.3776004409104	32433.612530113
7943.3	115.868513794028	59.829605479339	130.403581931825	27.3099193764192	32434.8395541099
6309.6	116.660687328308	72.7472971316395	137.48412711245	31.946848891374	32436.1515761066
5011.9	117.271903084856	89.7661148261906	147.684307304915	37.4323534177437	32437.4736001033
3981.1	118.613588914579	111.395720052636	162.72120304755	43.2026042528339	32438.7656241
3162.3	117.911669324981	139.772364584045	182.864637544876	49.8490923053006	32440.0526480967
2511.9	119.849835062881	173.457327632068	210.835071735844	55.3575789655589	32441.3946750934
1995.3	120.651233454017	218.715573259445	249.786352950243	61.1173200688465	32442.70669709
1584.9	121.917002753183	276.31813629251	302.018986165582	66.1919836203109	32443.9587210869
1258.9	124.263343928772	342.845410673457	364.670199309201	70.0770954884844	32445.2307430837
1000	130.036997097454	431.155537110504	450.338448053429	73.2166296164068	32449.1788190737
794.33	135.950513769117	540.808543455133	557.634667921704	75.8891581382013	32450.4858430704
630.96	144.605303110373	678.092644563195	693.3399803115	77.9618263314869	32451.7828670671
501.19	157.218577492586	849.782811570845	864.203973579179	79.5182109405936	32453.1298920637
398.11	175.887617247839	1064.97894589325	1079.40567401558	80.6219162565368	32456.0109470564
316.23	203.329689452802	1333.07365816579	1348.49113482755	81.3276882550368	32457.2229680534
251.19	243.05097071207	1663.84669766972	1681.50516136898	81.6891434710495	32458.57499005
199.53	300.42861865685	2074.90582852793	2096.54276182654	81.7613162289142	32459.8870150467
158.49	382.502390771866	2579.09592249705	2607.30586168695	81.5640292116875	32461.2440430432
125.89	497.51628054758	3195.0840852144	3233.58698058368	81.1493752067616	32462.6510660397
100	654.75679739148	3942.28579280419	3996.28874530809	80.5700751760787	32464.0030920363
79.433	862.660076516788	4840.6264582917	4916.89403143179	79.895259923655	32465.4151190327
63.096	1127.99880565532	5910.97999823121	6017.64620470905	79.1960806252117	32466.877145029
50.119	1454.37064129378	7199.66054059077	7345.08719226648	78.5796260120799	32468.6191770246
39.811	1824.57772767656	8729.84546287193	8918.48001006668	78.1948559566289	32470.1812080207
31.623	2240.10892243759	10579.7426497302	10814.298059463	78.0450078725049	32471.8032370166
25.119	2692.89475046013	12832.9104951553	13112.4091575013	78.1488438576875	32473.3502640127
19.953	3167.11954134766	15598.7712584068	15917.0446679427	78.5228798188926	32475.212301008
15.849	3669.57641897066	19001.2458017336	19352.3417991871	79.0694354538191	32477.1393340031
12.589	4192.62299559775	23290.5954164186	23664.9513507743	79.7952737314376	32479.1013729982
10	4739.00567132482	28572.962050615	28963.2928911533	80.5828596133041	32481.3734149924
7.9433	5331.70540913717	35201.2091472658	35602.6994482072	81.3872335921819	32483.6754569866
6.3096	6006.31745063662	43536.5760982483	43948.9397787522	82.1450433486467	32486.0975009805
5.0119	6673.99415498191	53955.8580175894	54367.0563153367	82.9486952835126	32488.5395469743
3.9811	7498.22070498861	67016.8452465711	67435.0121268142	83.6159775561578	32490.9415899683
3.1623	8402.6644918334	83409.2919531407	83831.4663756193	84.2474224133052	32493.4736379619
2.5119	9602.81427879233	103756.654403114	104200.083373288	84.7122640194963	32496.0706859553
1.9953	10685.8300787864	129521.363376603	129961.419411326	85.2836392201011	32498.7177339486
1.5849	12268.4506125585	161713.066267194	162177.774932235	85.6615349372372	32504.1738389349
1.2589	14020.3429673709	202120.849909913	202606.534902574	86.0319691227396	32507.300893927
1	16046.5610205259	252268.402716195	252778.24101288	86.3603716746559	32512.3799879141
0.79433	18657.0837471249	315548.305077466	316099.382491027	86.6162736996813	32515.4970449063
0.63096	22029.3579121573	394983.245708825	395597.089221723	86.8077558829477	32518.9491078975
0.50119	26407.725162227	494620.504149295	495324.955027653	86.9438872842338	32522.8011828878
0.39811	32402.7267973149	619419.140694237	620266.078842208	87.0055029363404	32526.9932578772
0.31623	40547.6214239976	776522.034965222	777579.951123788	87.0109031998121	32531.7153458653
0.25119	51645.7536589678	973515.043036099	974884.004837797	86.9632596732755	32537.0674468518
0.19953	67430.8142684318	1219672.73897675	1221535.30645493	86.8355675825567	32543.334561836
0.15849	89510.0944593257	1526140.9012244	1528763.58780556	86.6433754237083	32550.6366958175
0.12589	121261.587771769	1913870.58765677	1917708.26742928	86.3746229746368	32559.1388557961
0.1	166508.56225524	2396204.99920041	2401983.24296764	86.024995049797	32569.2810407705
