Frequency (Hz)	Z' (Ω)	-Z'' (Ω)	Z (Ω)	-Phase (°)	Time (s)
10000	114.070149159804	48.0351611870559	123.771465369068	22.8360538975276	45061.9693522295
7943.3	114.420858632136	58.9509844492971	128.714223991199	27.2580611060655	45063.2713742262
6309.6	115.445634252757	71.484805236586	135.785757160808	31.7661031607529	45064.6134002228
5011.9	115.989187125472	89.5301747562662	146.523526172132	37.6639688431611	45065.9604242194
3981.1	116.500825947525	112.782691676721	162.14924603063	44.0709548910887	45067.3524542159
3162.3	116.745519876813	140.057006386429	182.333434808966	50.1868614336672	45068.6694742125
2511.9	117.402570594635	172.78746205162	208.899187706578	55.8053688772659	45070.0465002091
1995.3	119.203748742678	215.927625631139	246.646048468263	61.0989230627439	45071.4185282056
1584.9	122.557213372136	272.811621789583	299.075996250127	65.8085956261969	45072.7355522023
1258.9	124.661740444632	343.294487834218	365.228223044226	70.0423429473871	45074.0625781989
1000	127.858242774327	431.643487028155	450.181996684856	73.5000467497163	45078.1156511887
794.33	133.615968280958	541.595552399526	557.834177295194	76.1414148527307	45079.4876771852
630.96	142.046636139292	679.177826350727	693.873019107233	78.1871485487317	45080.8447021818
501.19	154.392877521586	851.394579176066	865.280237888157	79.7216126858019	45082.2217261783
398.11	172.508721837449	1067.57923233103	1081.42714799218	80.8209923976937	45085.107781171
316.23	198.858878873848	1335.041159289	1349.77025848946	81.5278913170146	45086.3798051678
251.19	237.629488469754	1668.16465333862	1685.00477282373	81.8927790307583	45087.7418281644
199.53	293.35929675454	2079.7241736843	2100.31243285354	81.9710104141235	45089.093855161
158.49	373.489785368434	2588.00400771322	2614.81535939237	81.7880128326508	45090.4758811575
125.89	485.067777378644	3207.03003281425	3243.50618621634	81.3991251924969	45091.9129071539
100	639.002852921896	3959.38126684162	4010.6140006561	80.8321105819539	45093.3099341503
79.433	842.635586890868	4867.02608641759	4939.4309042808	80.1776626234964	45094.7469571467
63.096	1100.52866860807	5949.98001265145	6050.90286662908	79.52080823706	45096.2489881429
50.119	1416.86037011221	7249.32668113407	7386.48973722951	78.9411107737555	45097.9360181387
39.811	1787.03513582393	8808.20379101702	8987.65534501384	78.5313233934923	45099.4930471347
31.623	2198.80975238347	10692.3433198246	10916.0876689487	78.3795013074327	45101.1750801305
25.119	2638.20140654588	12975.2646284691	13240.7552216746	78.5069797054701	45102.7971091264
19.953	3110.36361708723	15781.075883817	16084.6733843523	78.8502254367602	45104.7191421215
15.849	3621.39662207284	19254.4883742794	19592.0860566103	79.348209388182	45106.7011811165
12.589	4114.57951872245	23596.8524607957	23952.8956636239	80.1087905640896	45108.7032161115
10	4668.04875202772	28976.9884015349	29350.5798234719	80.8485591446909	45111.0302591056
7.9433	5290.98633408032	35729.7517802394	36119.3812054546	81.5766560987745	45113.3673030997
6.3096	5918.76442346425	44239.6731105559	44633.8486938927	82.3797283058056	45115.7243480937
5.0119	6626.81389048907	54811.5304042827	55210.6740368091	83.1062949361262	45118.1263920877
3.9811	7417.99273437556	68081.0161261679	68483.9497472129	83.7816788314922	45120.5684370815
3.1623	8356.59931068031	84739.970656581	85151.0151373281	84.3680085814554	45123.1704840749
2.5119	9602.29565219521	105475.572700992	105911.758168743	84.7982401333333	45125.8125350683
1.9953	10696.3651633846	131518.447466192	131952.697022933	85.3503810587708	45128.5245880614
1.5849	12264.0838152434	164300.653124618	164757.738419182	85.7311214441131	45132.7136660509
1.2589	14084.1923041919	205348.136918334	205830.565778487	86.0764047636482	45135.4857140439
1	16243.4125240167	256326.906471288	256841.062588454	86.3740201975346	45140.6048090309
0.79433	18978.8667918379	320620.335785387	321181.564078383	86.6123747239059	45143.8218680228
0.63096	22549.2053025754	401506.195676796	402138.896187165	86.7855576641876	45147.3789350138
0.50119	27277.9391982295	502643.162995556	503382.791991423	86.8936627642194	45151.281008004
0.39811	33573.7973188721	629575.786248203	630470.356556478	86.9474421798795	45155.5780839931
0.31623	42100.1593730665	788766.448671692	789889.190943509	86.9447550333398	45160.395174981
0.25119	54486.1335513789	988192.787307536	989693.752448714	86.8440695649755	45165.8722749671
0.19953	71881.1479913399	1238090.25186116	1240175.13730528	86.6772468436341	45172.2293949511
0.15849	95893.0915152708	1551036.40122229	1553997.87738495	86.4621816152601	45179.6015289325
0.12589	130365.394923437	1942755.73478902	1947124.79858102	86.1610171642758	45188.1436879109
0.1	179750.636485762	2430357.06524806	2436995.2310003	85.7700720710095	45198.3208778852
