Frequency (Hz)	Z' (Ω)	-Z'' (Ω)	Z (Ω)	-Phase (°)	Time (s)
10000	117.188215704647	48.1947821705696	126.711542207123	22.3553871687861	10753.3361078504
7943.3	119.067270797805	58.420039432731	132.626980598065	26.13475501259	10754.4931278475
6309.6	119.57033475972	71.8964308824227	139.521187380923	31.0180668084806	10755.7201488444
5011.9	119.68006588041	90.0035728184092	149.746323124202	36.944439001608	10756.9571728413
3981.1	120.629696742595	110.930687207609	163.881484922985	42.6015427803097	10758.1841968382
3162.3	120.50859297254	138.534306590191	183.613929435232	48.9805574366299	10759.4012158351
2511.9	122.781692802851	174.178029861897	213.104036034294	54.8191998520774	10760.6182408321
1995.3	122.570694223772	217.781804199198	249.904960580528	60.6285724664842	10761.835262829
1584.9	125.404457063844	272.115485204803	299.621619947097	65.2573805954364	10763.027282826
1258.9	126.977711559262	344.081533103615	366.763466904436	69.744235294269	10764.2343058229
1000	133.562854459205	429.902885911269	450.172775061008	72.7409493446869	10768.1123808131
794.33	139.87799693121	539.082487577508	556.934271201047	75.4540059872448	10769.35940081
630.96	149.131885526498	675.65312400886	691.915792032253	77.5530992010451	10770.5764278069
501.19	162.71672392614	846.666753325901	862.160845453259	79.1212473212318	10771.8234478038
398.11	182.682492688475	1060.7003624593	1076.3169384787	80.227921139715	10774.5895017968
316.23	211.735178830482	1325.35960960235	1342.1661151734	80.9233114304025	10775.7415207939
251.19	254.37674597888	1655.30177188069	1674.73325783127	81.2634769445181	10777.0035447907
199.53	315.367765398382	2061.47302135687	2085.45626787871	81.3022251706404	10778.2355647876
158.49	402.319704007327	2558.68740928657	2590.1240129913	81.0641597027107	10779.5275917843
125.89	524.221336229806	3166.30565030154	3209.4079641719	80.5992455599873	10780.849613781
100	689.533517066829	3900.449568589	3960.9296015285	79.974656994775	10782.1316397777
79.433	908.32855411618	4781.20957808343	4866.72639376609	79.2432041554454	10783.3986627745
63.096	1182.9947206297	5826.39940770962	5945.28439750335	78.5226614725181	10784.785685771
50.119	1515.93932505447	7074.35137779295	7234.95124059089	77.9051895937428	10786.3577157671
39.811	1907.10233704135	8559.39404648035	8769.27966066038	77.4392075452707	10787.8047447634
31.623	2331.51689850935	10347.0132782413	10606.444023712	77.3014926817522	10790.0587857577
25.119	2785.29770640994	12526.7097801116	12832.6279938474	77.4642865397182	10791.4908107541
19.953	3275.93055094151	15184.4974139355	15533.8560147957	77.8255027834733	10793.2928457496
15.849	3780.03402667544	18480.8885026879	18863.5070199474	78.4403087648077	10795.1448807449
12.589	4299.37243688534	22580.1730164216	22985.8394843996	79.2196515293796	10797.0169157402
10	4875.37688998799	27706.4619171356	28132.1405475146	80.0200971327464	10799.2339537346
7.9433	5466.02779572545	34116.022961093	34551.1285278133	80.8975008585542	10801.4659977289
6.3096	6076.76818862531	42120.3432009222	42556.4380908666	81.7904933340046	10803.6980367233
5.0119	6792.75783795929	52140.5974877131	52581.2082917545	82.5774410384192	10806.0550837173
3.9811	7577.62744245723	64771.2736230694	65213.0226596744	83.3272672294293	10808.3821237115
3.1623	8466.65843583232	80495.8639229307	80939.9061882829	83.995633623474	10810.7591677055
2.5119	9576.7612916559	100296.185380367	100752.365524042	84.5456601603835	10813.2012126993
1.9953	10640.602511893	124988.143148578	125440.258089441	85.1339774415613	10815.8082616927
1.5849	12063.4705401489	156075.01610895	156540.531412417	85.5802379080547	10819.9023386824
1.2589	13519.6435922546	195026.762045104	195494.80473061	86.0344864674897	10822.6793906754
1	15651.2463941236	243643.469412587	244145.656731984	86.324465780721	10827.6134826629
0.79433	18058.8775837402	304668.113694992	305202.854773754	86.6078227373586	10830.7205396551
0.63096	21081.4344242934	381472.714086314	382054.784644512	86.8368646273254	10834.2126016462
0.50119	25138.7286072294	477459.548867327	478120.88061554	86.9861021204493	10837.9196726369
0.39811	30432.2931041946	598249.953136808	599023.481085486	87.0879390724738	10842.0417466265
0.31623	37581.226155203	750011.643008172	750952.603835386	87.1314495175717	10846.7688336145
0.25119	47503.0026746824	940455.717667424	941654.656525661	87.1084120286539	10852.130933601
0.19953	61346.0485966552	1177534.71871689	1179131.60905053	87.0177567718199	10858.2180465856
0.15849	80644.9254726186	1477011.09205125	1479211.06338714	86.8747489581631	10865.4501825674
0.12589	107383.003498898	1852522.54099678	1855632.20341252	86.682514984512	10873.8723385461
0.1	145778.835360473	2318339.09825944	2322917.91575971	86.4019372798499	10883.9795245206
