Frequency (Hz)	Z' (Ω)	-Z'' (Ω)	Z (Ω)	-Phase (°)	Time (s)
10000	119.517529588802	47.717183231205	128.690984356055	21.7642764726866	2385.3381679776
7943.3	119.915563442081	59.4546114293389	133.845407750305	26.3723963208665	2386.44518597481
6309.6	121.278764835677	72.6735972942856	141.385963036503	30.931209715771	2387.6372079718
5011.9	121.976022981457	89.5387808653254	151.312073084806	36.2812270964357	2388.82923196879
3981.1	122.681077651042	112.048001662468	166.148733038123	42.4063112610716	2390.02625396576
3162.3	122.64987075958	138.865356229711	185.274331622452	48.5481334834017	2391.22327696274
2511.9	124.159415323398	173.514129003445	213.360524411786	54.4140835799412	2392.40529695976
1995.3	124.717832709916	219.21324228629	252.208214357753	60.3629872467222	2393.59732095675
1584.9	125.303530570916	272.247418160342	299.699235014887	65.2854609015317	2394.74933895384
1258.9	130.14007527824	343.619628268138	367.438277979526	69.2566720941891	2395.91136095091
1000	135.074320114541	429.287463174294	450.036440738999	72.5339368705895	2399.76943594116
794.33	141.487512343488	538.147244636546	556.436135651752	75.2694007025998	2400.9814559381
630.96	150.950660253338	674.561073998793	691.244344921044	77.3863781751393	2402.16847893511
501.19	164.924427546424	845.342185878589	861.280139111257	78.9603910853923	2403.36549893209
398.11	185.265680291366	1059.20939914115	1075.2896928376	80.0787913278641	2406.08655392522
316.23	214.970393501835	1323.87430064226	1341.21416410034	80.776825792941	2407.2035709224
251.19	258.140587856666	1651.91022839438	1671.95812321151	81.1183381602057	2408.42059591932
199.53	320.071755135307	2056.46482011419	2081.22403522607	81.1533643724302	2409.62261591629
158.49	408.637665792066	2553.70282788393	2586.19080406809	80.908733980631	2410.85963791316
125.89	532.381367279576	3157.10333131321	3201.67633667356	80.4282794088741	2412.13666190994
100	699.569907343708	3885.77332609064	3948.24421699297	79.7941594733041	2413.39368690677
79.433	920.980796565217	4760.64893751048	4848.9157482742	79.0509852243283	2414.70571190345
63.096	1201.83921688657	5802.79743840193	5925.94934287921	78.2986968836633	2416.04273490008
50.119	1539.5921294554	7038.31686509563	7204.73790075466	77.6612210252676	2417.67476689596
39.811	1927.11586155165	8510.39909887655	8725.86204142621	77.2409753835383	2419.09178989238
31.623	2364.39890429661	10284.2966294256	10552.589224482	77.0524703702677	2421.33583388671
25.119	2821.72485661079	12435.3347649582	12751.4580296919	77.2153964807984	2422.77785788307
19.953	3314.2266535988	15070.4719035739	15430.593692656	77.5972129928047	2424.54489387861
15.849	3815.17323048429	18330.3468041111	18723.1717595494	78.2426429140384	2426.371924874
12.589	4369.08124169594	22388.9149207399	22811.2336848464	78.9577964393715	2428.22895886931
10	4932.03845807535	27421.7638879155	27861.7683946392	79.8038770872731	2430.39100186385
7.9433	5537.8621995495	33750.5829117816	34201.8970910423	80.6818275147487	2432.57803985833
6.3096	6144.7191697539	41643.1103701237	42094.016379688	81.6061945585051	2434.87508485253
5.0119	6871.52118773714	51558.2459478409	52014.1377766811	82.4085357538101	2437.20212584666
3.9811	7660.40197032105	63991.2302185187	64448.1132635111	83.1735966374414	2439.49417084087
3.1623	8538.65969189986	79516.0515167534	79973.1902461634	83.8709026464251	2441.83121383497
2.5119	9680.93033319089	98950.8963913093	99423.3388534087	84.4122104021977	2444.25325582885
1.9953	10795.1590781826	123406.049605505	123877.31244566	85.0006779041535	2446.80530282241
1.5849	12197.6360216944	154129.879045364	154611.778138201	85.4751179427183	2452.21140480876
1.2589	13577.4797271703	192597.126726001	193075.117969284	85.9675027080199	2454.85345480209
1	15648.7285057165	240302.668479192	240811.659148942	86.2741075802781	2459.79254678962
0.79433	18003.0242005975	300638.457850073	301177.009778033	86.5730698615635	2462.78959978205
0.63096	20977.0514329864	376261.853548698	376846.147814627	86.8089946511236	2466.20666377343
0.50119	24863.1007658072	471300.722763068	471956.083822087	86.9802052887555	2469.95373376397
0.39811	29952.3998347259	590270.074993474	591029.531993673	87.0951002461867	2474.03580775366
0.31623	36598.4740451234	739502.220508044	740407.308472005	87.1667041382809	2478.71789474184
0.25119	45862.8179161789	927487.598392065	928620.828561525	87.1691187015837	2484.04999472838
0.19953	59021.3264407023	1162513.17674893	1164010.48237965	87.0935625663663	2490.1021047131
0.15849	77460.4613036755	1457959.62849639	1460015.89080075	86.9587713004281	2497.29423769494
0.12589	103476.1242586	1827369.22799573	1830296.58900335	86.7590454712831	2505.77139767354
0.1	140710.826899549	2289974.76709152	2294293.78474568	86.4837984650431	2515.86858164804
