Frequency (Hz)	Z' (Ω)	-Z'' (Ω)	Z (Ω)	-Phase (°)	Time (s)
10000	116.974210374053	48.3738932976184	126.581987049511	22.4672098375133	15130.0031448004
7943.3	116.964050663273	59.0764430255485	131.036694357388	26.7975215526856	15131.1701637975
6309.6	118.909762911202	72.2225830612173	139.124524148809	31.273366651144	15132.4271877943
5011.9	119.825425088875	89.6750868843386	149.665472656332	36.8104886301618	15133.6692107912
3981.1	120.417155839567	111.275691496467	163.959052627501	42.7405612590036	15134.921232788
3162.3	120.520456867332	137.909874653286	183.151068930529	48.849550416791	15136.1682567848
2511.9	121.97538839585	174.411383443402	212.831684786264	55.0328085327822	15137.4402807816
1995.3	122.569810324647	217.77365184195	249.897422634966	60.6278323140824	15138.6873047785
1584.9	125.722745082457	271.668189256252	299.348983103065	65.1662198138476	15139.8993237754
1258.9	128.401625415134	342.990765855579	366.237140213066	69.4761682366373	15141.1113477724
1000	132.611956717234	429.966187710156	449.95205704428	72.8589738545915	15144.9844207626
794.33	138.77576138761	538.992755169185	556.571560604366	75.5615176060816	15146.2464437594
630.96	147.955965802967	676.009654120094	692.011575250196	77.6545347450518	15147.4834667563
501.19	161.333268555913	846.857911079833	862.088594693975	79.2139393767122	15148.7554907531
398.11	180.979450279401	1061.02983745373	1076.35397402087	80.3202378712774	15151.551541746
316.23	209.762199733729	1326.62220476339	1343.10336706019	81.0149203254406	15152.728561743
251.19	251.693240800136	1656.30990094279	1675.32443885523	81.3594243822895	15154.0305877398
199.53	312.13364853578	2063.85745876452	2087.32724426387	81.3998764006746	15155.2926107366
158.49	398.34299412346	2564.15753419089	2594.91444967174	81.1696605494781	15156.5896327333
125.89	518.470410419693	3173.20478291287	3215.28228321898	80.7204309642096	15157.90165973
100	682.088587858245	3908.07141484333	3967.14847531599	80.0997020935883	15159.2036817267
79.433	898.614907343272	4791.21570532006	4874.75709001025	79.3773184656126	15160.5657087233
63.096	1173.38004960363	5841.92784454204	5958.60232618719	78.642975004053	15161.9677347197
50.119	1502.99492456188	7093.85662486343	7251.33060599071	78.0374910040323	15163.5597617157
39.811	1887.73668006607	8590.4508567632	8795.41901763244	77.6063396341171	15165.026789712
31.623	2311.99782869122	10398.0744117719	10652.0085163606	77.4642894729394	15166.608820708
25.119	2767.52239380493	12589.7879639515	12890.3817312549	77.6022661418991	15168.1208487042
19.953	3253.1653093888	15267.5962782372	15610.3356993197	77.971502897643	15169.9578806995
15.849	3766.01795946867	18592.6898119892	18970.266358591	78.5494486398614	15171.8399186948
12.589	4283.59220586543	22724.0033248763	23124.2186742632	79.324718591213	15173.72695069
10	4843.53707808346	27877.1265501572	28294.7704730088	80.1434875173461	15175.9439916844
7.9433	5438.17324059573	34320.180900104	34748.3603240584	80.9961067293591	15178.2210336787
6.3096	6084.05666425188	42400.0771944046	42834.3587740647	81.8342738184594	15180.5680786727
5.0119	6758.78867916587	52514.1218574785	52947.277728621	82.666109247003	15182.9751236667
3.9811	7560.04965518368	65227.2025928318	65663.8584677687	83.3887276929313	15185.3171676608
3.1623	8424.42592413083	81096.1288320533	81532.5276420163	84.0692740298797	15187.8142146545
2.5119	9594.69526544332	100899.238234494	101354.40026727	84.5679719780467	15190.371259648
1.9953	10657.3133889023	125895.032459092	126345.31066306	85.161312283826	15192.9833086414
1.5849	12060.3410216225	157164.502206516	157626.560513702	85.6118903812242	15198.4794116275
1.2589	13623.6133641926	196374.572070546	196846.578321765	86.0314268547209	15201.2914606204
1	15723.0998524515	245359.997911406	245863.263713909	86.3333992058611	15206.2805546078
0.79433	18137.7114018025	306683.716561512	307219.5934163	86.615388522466	15209.3626106001
0.63096	21223.696268912	383854.958492805	384441.249663493	86.8352855807778	15212.7896755914
0.50119	25250.5781611181	480664.73426595	481327.516836952	86.9928667533531	15216.521743582
0.39811	30676.3591373273	602302.196269935	603082.892015276	87.0843399042018	15220.6488215716
0.31623	38048.3027313247	755286.10586078	756243.859510328	87.1161049422386	15225.3909075596
0.25119	48322.0311069611	946049.55837574	947282.843502	87.0760046977905	15230.788009546
0.19953	62510.1714493664	1186147.83850262	1187793.84419986	86.9832944136938	15237.0201235302
0.15849	82130.6738520423	1485908.84117501	1488176.91551424	86.8363082348051	15244.2672565119
0.12589	110731.940085131	1862627.41715396	1865915.9835557	86.5978089248106	15252.7094154906
0.1	151698.933780986	2334777.96690364	2339700.98970979	86.2825121746382	15262.871602465
