Frequency (Hz)	Z' (Ω)	-Z'' (Ω)	Z (Ω)	-Phase (°)	Time (s)
10000	115.520005849221	47.2442528467633	124.807416359978	22.2431043027712	31320.0629139244
7943.3	115.476904092384	58.3697709482527	129.39067021742	26.8150942540361	31321.2699359214
6309.6	116.302444751113	72.4541981488002	137.025068817612	31.9221165783859	31322.5569579181
5011.9	117.060384072513	89.922202648772	147.611436035326	37.5303664107069	31323.8689849148
3981.1	117.094061257206	110.224976467956	160.812202954464	43.2691733809047	31325.1910069115
3162.3	117.963623754212	138.455233042885	181.893562519911	49.5690590429332	31326.4880289082
2511.9	119.768464973996	174.226473353612	211.422206069903	55.4942093949962	31327.8050569049
1995.3	120.391039667321	218.713922262325	249.659332338186	61.1694227407414	31329.1270819016
1584.9	122.038930739413	272.190728445119	298.297323600973	65.8505324379509	31330.3891008984
1258.9	126.071534165803	342.387374999329	364.860447686305	69.7856295531771	31331.6561278952
1000	129.879853327707	431.135651425637	450.274056803893	73.2350431848226	31335.5391988854
794.33	135.744283762398	540.407461557046	557.195419113166	75.8996697198617	31336.8512238821
630.96	144.511178486395	677.836049747961	693.069398433842	77.9650122897894	31338.1532458788
501.19	157.226186202673	849.375751545681	863.805094301734	79.512802741611	31339.4802698754
398.11	176.045845957127	1064.56463628013	1079.02270814705	80.6100418325982	31342.3513248682
316.23	203.642211051144	1332.20677526626	1347.68135780946	81.3089964098188	31343.5733468651
251.19	243.605111481098	1663.32224493124	1681.06642962818	81.6678713272256	31344.9103728617
199.53	301.750254307335	2073.25318912537	2095.09713430978	81.7190693285958	31346.2273968584
158.49	384.112648256062	2577.07138723743	2605.54014773676	81.5224716009545	31347.549421855
125.89	499.92127492128	3192.02151984662	3230.93216646262	81.0988779428754	31348.9214468516
100	658.010587217947	3938.0195065407	3992.61512880793	80.5139819707983	31350.2584728482
79.433	867.801761526411	4834.4100199483	4911.67997107761	79.8234886095467	31351.6554948447
63.096	1132.12085245896	5908.506279986	6015.99069856381	79.1531022822103	31353.117524841
50.119	1453.55586289687	7181.84315484181	7327.46175338432	78.5582847283783	31354.8445548366
39.811	1831.95473064777	8713.27304125118	8903.77365090428	78.1265714356925	31356.3815848327
31.623	2248.38083187573	10565.162943639	10801.7537645879	77.9860633411836	31358.0136158286
25.119	2696.77451567455	12801.576899548	13082.5442442758	78.1040320062445	31359.5656438247
19.953	3174.32908350999	15553.2708440012	15873.8967829981	78.4646997066319	31361.43267682
15.849	3675.71659763516	18963.215874024	19316.1706554629	79.0301628931906	31363.3597138151
12.589	4209.09531869074	23213.5809776298	23592.0924296002	79.722765202019	31365.3217508102
10	4737.52665819556	28482.0248504998	28873.3423493298	80.5562288638275	31367.5887908044
7.9433	5339.51734437523	35102.9123331235	35506.6880986925	81.3510160140169	31369.8608347987
6.3096	5999.16389525885	43400.9763206097	43813.6361538768	82.1300759952757	31372.2578767927
5.0119	6661.6139332725	53792.1306772946	54203.0480969392	82.9404372647282	31374.6699217866
3.9811	7479.1651175985	66839.9410903953	67257.0861383678	83.615353230533	31377.1319667804
3.1623	8399.2987630413	83170.7467291544	83593.7876351824	84.2333295634642	31379.5940167741
2.5119	9580.20776437446	103473.261648142	103915.813314978	84.7102755446692	31382.1910617676
1.9953	10693.0380117879	129157.983370499	129599.867786413	85.2672543100064	31384.8631127608
1.5849	12175.1020760012	161188.004887042	161647.165239685	85.6804487690065	31389.0671937502
1.2589	13898.3061973332	201535.337850931	202013.997826497	86.0550069187791	31391.7942387433
1	15923.2309657578	251478.747998555	251982.360452691	86.3769598288437	31396.8383357306
0.79433	18515.4741350326	314778.074528992	315322.151119494	86.633699540187	31400.0203907226
0.63096	21824.8829456812	393933.728404496	394537.840885079	86.8289168227887	31403.5374577137
0.50119	26214.9272979269	493426.510290625	494122.397256814	86.9588300270147	31407.3195267041
0.39811	32240.5488369086	618200.02073577	619040.15913914	87.0145983647228	31411.5366036935
0.31623	40230.8779214904	774733.603067104	775777.467615341	87.0273770009085	31416.2536916816
0.25119	51095.9460355914	970813.977983799	972157.69068089	86.9871846272582	31421.7007946678
0.19953	66812.8864396831	1215843.01819606	1217677.38202305	86.854651406244	31427.967911652
0.15849	88170.4737739161	1524255.2041519	1526803.18306901	86.6894173664082	31435.2500436336
0.12589	120433.156568169	1908848.75786241	1912644.17119176	86.3898776387811	31443.7622026121
0.1	164231.274458141	2389793.71160437	2395430.21095041	86.0687035436299	31453.9843905863
