Frequency (Hz)	Z' (Ω)	-Z'' (Ω)	Z (Ω)	-Phase (°)	Time (s)
10000	109.258229530522	47.3461394182505	119.075680296006	23.4290930833788	83315.8036466478
7943.3	111.418842254427	58.8283466805235	125.99576493867	27.8337314191031	83317.2506756442
6309.6	110.710167842024	72.2961640523945	132.225098223824	33.1454162755578	83318.7226996404
5011.9	111.700936069826	90.3813613392209	143.68677599698	38.977603218144	83320.1847286368
3981.1	112.136244237038	111.046651541078	157.816019751083	44.720280684292	83321.656753633
3162.3	112.567994823003	138.889543131368	178.778798098968	50.97572621539	83323.1237816293
2511.9	113.681370481887	174.32328286378	208.115499045712	56.890439898965	83324.5758076257
1995.3	115.734209490178	221.394523027934	249.819819215935	62.4016361776467	83326.037834622
1584.9	118.60782338658	274.984906805412	299.473729631304	66.6682629994249	83327.4648636184
1258.9	120.453971109513	341.262846803771	361.8970706771	70.5587319258234	83328.9118906147
1000	123.142946421537	433.00687863238	450.17678993517	74.124763388994	83333.0949676042
794.33	128.611263526689	543.437030622029	558.448442881901	76.6852034589528	83334.6119956003
630.96	136.468989802659	681.658463766444	695.184900873276	78.6789715160016	83336.0840225966
501.19	148.095036828415	854.896408841226	867.628958589346	80.1720973421512	83337.5660495929
398.11	165.02250660186	1071.87067281862	1084.49950066092	81.2476068590916	83340.6471095851
316.23	189.903205085755	1341.57620685062	1354.95016369221	81.9431774324002	83342.0291325816
251.19	226.246247123317	1676.94581318169	1692.13906777338	82.3162982521671	83343.5461615778
199.53	278.945424983144	2094.1672460446	2112.66348586921	82.4127996442455	83345.0181875741
158.49	354.322758096674	2606.39501302973	2630.36871576049	82.258461476687	83346.5102155703
125.89	460.038344982303	3234.99360833419	3267.54019482808	81.9064131860739	83348.0822425663
100	606.275893150513	3998.48709979896	4044.18960310643	81.3781252541197	83349.6542745624
79.433	800.478848020373	4922.06268997045	4986.72913943872	80.7628140675962	83351.2213005584
63.096	1051.7726595154	6031.74322378275	6122.75689905725	80.1086197843812	83352.8383315543
50.119	1351.14383357275	7367.7649024466	7490.63076894901	79.6082310422058	83354.7703695494
39.811	1712.49529533656	8961.46105383425	9123.61903829495	79.1814619770563	83356.4874005451
31.623	2115.46373485509	10904.3899194742	11107.6958154884	79.0209370437788	83358.2794345406
25.119	2545.67308637903	13254.3416309707	13496.5930342882	79.1279747667155	83360.0264635362
19.953	3007.86475062606	16153.6298583606	16431.2813851805	79.4521146698229	83362.068502531
15.849	3497.98172214218	19741.8392611501	20049.3414740118	79.9522611594099	83364.1805405257
12.589	3988.272574669	24204.5333757066	24530.9142525417	80.6432330198332	83366.3775825201
10	4551.77714120647	29789.8338116317	30135.5748853053	81.312606958988	83368.8596285139
7.9433	5124.71885219925	36740.8082329521	37096.4921916433	82.0594430880743	83371.4166765074
6.3096	5766.11913192082	45503.1234568964	45867.0074691718	82.7780171210905	83374.8857434986
5.0119	6500.95710975794	56485.9310792364	56858.7975007488	83.4347230449707	83377.3877854923
3.9811	7309.16519634536	70186.7316666344	70566.2893874377	84.054713882386	83379.9898334858
3.1623	8305.20168664127	87403.0487526696	87796.7499758239	84.5719452953738	83382.6268824791
2.5119	9479.37553902089	108780.036871735	109192.284445495	85.0196777984445	83385.3239324723
1.9953	10682.7992828246	135859.868010241	136279.22048602	85.5040254475598	83388.1409844652
1.5849	12404.2339035224	169722.263767682	170174.944798463	85.8199421905101	83393.8970954507
1.2589	14154.4078967386	211909.892303046	212382.084269827	86.178635318764	83396.8791484431
1	16609.1954525572	264516.307384298	265037.246902781	86.4070680874769	83402.08824543
0.79433	19594.1798247524	330952.033084243	331531.567253556	86.6117301227644	83405.3853044216
0.63096	23567.7866548561	414204.02128804	414873.971006849	86.7434398772308	83409.0223714125
0.50119	28674.4854055343	518543.156330809	519335.374388063	86.8348720626825	83412.9794474025
0.39811	35767.8013950145	649475.910064944	650460.062856529	86.8478030167012	83417.4115293913
0.31623	45662.1539693716	813477.554516477	814758.101529056	86.7872424869438	83422.3786203787
0.25119	59644.3139372159	1018733.73599579	1020478.25505543	86.6493003462803	83427.9957253646
0.19953	79402.542115441	1275476.1347347	1277945.27816028	86.437748231508	83434.4328443483
0.15849	107052.006462563	1597731.50866796	1601313.86863353	86.1667688640518	83441.8849823295
0.12589	146867.626374547	1997992.95138715	2003383.62114439	85.79588715138	83450.6521453074
0.1	204297.804047267	2500578.14307518	2508909.85138244	85.3292955295361	83461.0693362811
