Frequency (Hz)	Z' (Ω)	-Z'' (Ω)	Z (Ω)	-Phase (°)	Time (s)
10000	118.296530229161	47.9048979924485	127.6281642739	22.0457851094763	14145.8689232851
7943.3	119.037550633798	59.1039776841589	132.903042248789	26.4051065937862	14147.0309412822
6309.6	119.121368987355	72.8397421267885	139.626389276951	31.4447443788688	14148.277966279
5011.9	119.467760929136	89.7762838586549	149.440044984238	36.9237161527146	14149.5199872759
3981.1	119.622057431414	111.350280105186	163.426807787547	42.9489514946487	14150.7470112728
3162.3	120.871798426587	138.900960500875	184.12894526104	48.9701663857778	14151.9990352696
2511.9	121.845903749664	173.672983091359	212.15260855437	54.947177143711	14153.2510552665
1995.3	121.618255653028	216.815544408177	248.596018481993	60.7106432137138	14154.4880802634
1584.9	125.463555531235	271.549805708287	299.132747700327	65.2017509413063	14155.7001012603
1258.9	128.676205037009	342.303412792088	365.690021947327	69.3981211522428	14156.9321242572
1000	132.786448970699	429.840656827065	449.88357526339	72.8330263184936	14160.8452012473
794.33	139.077219809445	539.021046083589	556.674196627589	75.5321959703746	14162.1022192441
630.96	148.257288440099	675.91386342037	691.982495688628	77.6284665327822	14163.339245241
501.19	161.760511930313	846.7760443939	862.088239439176	79.1850275143448	14164.6012662378
398.11	181.528817231217	1061.65432183144	1077.06202725225	80.2970153178558	14167.4123222307
316.23	210.400896640422	1327.16165584434	1343.73605966744	80.9916133539999	14168.5743412278
251.19	252.533580316963	1656.69864291758	1675.83519554658	81.3330165320817	14169.8613632245
199.53	313.306755957484	2063.23716852511	2086.88972801922	81.3654841086948	14171.1133862214
158.49	399.449626098517	2562.79168376481	2593.73499381959	81.1408730867584	14172.3954122181
125.89	520.524956456357	3171.49185325816	3213.9238954239	80.6793590052414	14173.7324362148
100	685.39599182945	3906.54323282478	3966.21326904453	80.0488393116147	14175.0344592115
79.433	901.436968452347	4788.7404729344	4872.84556755214	79.3393397476858	14176.401485208
63.096	1176.16629082549	5837.53087517061	5954.84121217723	78.6083604585408	14177.8035122045
50.119	1507.1829323216	7089.36266779428	7247.80404170786	77.997739174245	14179.4155402004
39.811	1893.80089720434	8583.23647900979	8789.67748514451	77.5576377392804	14180.8925671967
31.623	2323.25604367854	10383.3021313541	10640.0414376764	77.3878444462398	14182.4795991927
25.119	2777.31440574787	12567.7958044496	12871.0126521077	77.5386745364963	14184.0116281888
19.953	3260.80499351466	15239.3495511218	15584.3069767958	77.9223902512361	14185.8486611842
15.849	3769.21695748757	18565.2232591047	18943.9835075154	78.5234742309356	14187.7306981794
12.589	4297.16673148947	22678.4200034306	23081.9491328228	79.2706457515017	14189.6177291747
10	4850.14315284975	27807.9076095687	28227.7100421809	80.1062258810682	14191.844770169
7.9433	5451.71079067967	34251.8103007562	34682.9592080059	80.9563420188225	14194.0818131634
6.3096	6056.08698611751	42300.2881942831	42731.6109092885	81.8523916226056	14196.3238531577
5.0119	6792.91212625795	52402.4023834868	52840.8500188625	82.6139481241037	14198.7059001517
3.9811	7541.99402438822	65065.4748239829	65501.127379109	83.3881288770074	14201.0479431458
3.1623	8447.17711418671	80967.6824282263	81407.1274459218	84.0440060842408	14203.4549871397
2.5119	9581.83023429094	100727.210204357	101181.926974097	84.5660026533464	14205.9870331333
1.9953	10685.4101242768	125656.291760468	126109.799970169	85.1394431962479	14208.5740811268
1.5849	12137.4768453354	156875.57092089	157344.409166408	85.5758342839321	14214.025184113
1.2589	13596.1272459214	196023.705111431	196494.650414968	86.0323415579951	14216.7822341061
1	15682.657130086	244854.392460629	245356.106999446	86.3352734852109	14221.7013260937
0.79433	18142.382557513	306226.223162994	306763.17542615	86.609472859108	14224.748379086
0.63096	21251.0365466171	383234.876485063	383823.627606257	86.8261004287482	14228.2154460772
0.50119	25259.8298496941	480250.227342293	480914.067028986	86.9891753284524	14231.9425140678
0.39811	30683.0263192241	601420.155796073	602202.334686506	87.0794376859245	14236.0645890574
0.31623	37984.4964486398	753548.018924313	754504.763931424	87.114303570733	14240.8316790454
0.25119	48163.3967261062	944425.882904903	945653.192816955	87.0805853287991	14246.2037800318
0.19953	62397.8975629237	1184304.65814611	1185947.30950698	86.9840247510761	14252.3208910163
0.15849	81860.8421606885	1484097.98164517	1486353.93382684	86.8428413787115	14259.5530259981
0.12589	109790.99941221	1859271.01219797	1862509.80141088	86.6205763175775	14268.0151829767
0.1	149569.571706915	2332132.06991412	2336923.4151556	86.3304031631117	14278.0723689513
