Frequency (Hz)	Z' (Ω)	-Z'' (Ω)	Z (Ω)	-Phase (°)	Time (s)
10000	114.372745075338	47.1324942836992	123.703665400307	22.3963389378943	42129.9230646322
7943.3	114.742698497464	59.5614895081223	129.280539490312	27.4332576489818	42131.165084629
6309.6	115.224447244871	73.1743547163164	136.496005183432	32.4179678307813	42132.4821116257
5011.9	116.375943263227	89.154148493901	146.600894827004	37.4552720349578	42133.8191356223
3981.1	116.691539815613	111.109127446527	161.12775572963	43.5962083911323	42135.136160619
3162.3	117.042131345927	139.592853167199	182.167574407073	50.0217278635256	42136.4381846157
2511.9	118.043363458609	174.170503202029	210.403421650574	55.8727001891949	42137.7552076124
1995.3	121.266196041589	218.920360404365	250.263090570651	61.0166880368054	42139.0622316091
1584.9	121.8143805056	276.332285378607	301.990521772666	66.2108806332824	42140.3442546059
1258.9	123.149452055508	342.294243788626	363.773469170581	70.2124568514042	42141.6412806026
1000	128.216018839323	431.533651020029	450.178452893607	73.4524161883891	42145.5493535927
794.33	134.022171027555	541.268550014903	557.614190603301	76.0928437492756	42146.8963765893
630.96	142.36133314253	678.492648757095	693.266920883678	78.1500984217496	42148.2734035858
501.19	154.969626470427	851.143247883855	865.136066492816	79.6810590261182	42149.6204295824
398.11	173.057874703589	1066.41136202096	1080.36207867748	80.7823615214449	42152.5464825751
316.23	199.733000548141	1334.57323371346	1349.43654450751	81.4882548872434	42153.7785055719
251.19	238.658200295351	1666.84171725454	1683.84056458689	81.8517767094219	42155.1705295684
199.53	295.006676832949	2078.85358282721	2099.68120394729	81.9231794327839	42156.5025545651
158.49	375.019311031426	2585.33058581516	2612.38850893159	81.7464356276974	42157.8895795616
125.89	487.554526642448	3205.30025224372	3242.16889188136	81.3511018613388	42159.316606558
100	641.662405419604	3956.00085587683	4007.70176213589	80.7868742444364	42160.7086315544
79.433	846.964013401086	4862.69584727306	4935.90507841096	80.1195799958016	42162.1356605508
63.096	1110.08684796486	5943.56510708212	6046.34261286512	79.4206884744291	42163.6026875471
50.119	1427.45735279567	7242.77938956919	7382.10591769169	78.8506426833757	42165.3947185426
39.811	1793.04544045371	8793.9623758146	8974.89756034991	78.4756424114228	42166.9567495387
31.623	2206.20686339667	10671.1290643107	10896.8043127917	78.3189358450218	42168.6087785345
25.119	2649.477766035	12944.0495074163	13212.4240805069	78.432088954354	42170.1958085305
19.953	3120.69647653324	15742.5670277538	16048.8991249234	78.7874476014588	42172.1178455256
15.849	3603.94146612323	19219.1057238825	19554.0895701389	79.3793104170987	42174.1098835206
12.589	4139.03144763929	23506.9804155357	23868.5925345615	80.0139084334123	42176.1119195156
10	4680.90617983998	28906.5478853279	29283.0905696653	80.8018019742865	42178.4089605098
7.9433	5251.35229442377	35636.1522540072	36020.9945502749	81.6172097521063	42180.7460035039
6.3096	5948.8180159175	44128.6865629389	44527.849864513	82.3224609124935	42183.083048498
5.0119	6615.17613512597	54645.1348356391	55044.0852090751	83.0975320930864	42185.4750934919
3.9811	7444.09116179748	67907.3615558338	68314.1584644053	83.7441426413426	42187.9121384858
3.1623	8354.79573122957	84481.7116583066	84893.8290833193	84.3521142266259	42190.4891864793
2.5119	9531.44053071092	105141.789675212	105572.933532686	84.8201122649913	42193.1262324726
1.9953	10739.7224601795	131266.812592582	131705.42026332	85.3227076537921	42195.8782844656
1.5849	12255.6425096054	163891.2043381	164348.798695689	85.7234307212145	42201.3593884518
1.2589	14048.8350397225	204653.992865826	205135.629674367	86.0729907381809	42204.2464404445
1	16177.8700229578	255567.98188472	256079.512736002	86.3779165749169	42209.3055334317
0.79433	18907.359970366	319799.670649821	320358.108386198	86.6164682475967	42212.4625914238
0.63096	22457.98602287	400449.227783575	401078.477568499	86.7901016038461	42216.0146574148
0.50119	26950.1438908501	501180.32943808	501904.406108773	86.9219786423322	42219.8067274052
0.39811	33285.0743719993	628258.086662893	629139.189395534	86.967308503589	42224.0238063946
0.31623	41978.3977733783	787102.766932033	788221.384886049	86.9471477149226	42228.7458933827
0.25119	53886.2583847676	986065.816963581	987537.100177388	86.872027009636	42234.2129953689
0.19953	70389.3919524283	1234883.99642518	1236888.49583399	86.737624174942	42240.510110353
0.15849	93968.6380716976	1545066.33589749	1547921.2148119	86.5196427806292	42247.7522463347
0.12589	129648.205555164	1937213.20238139	1941546.71555552	86.1711832601301	42256.2794023132
0.1	177328.779086521	2424901.10054409	2431376.32696221	85.8175048208934	42266.5215912873
