Frequency (Hz)	Z' (Ω)	-Z'' (Ω)	Z (Ω)	-Phase (°)	Time (s)
10000	110.307646248907	49.0472292696633	120.720369118077	23.9718608747817	73238.4700600906
7943.3	111.66485118699	59.2583235743152	126.414350069329	27.9540062981447	73239.8370850872
6309.6	112.220643593115	72.7676815145803	133.748302125524	32.9607469626976	73241.2691090836
5011.9	111.799145974553	89.7357253990118	143.358116106226	38.752314155696	73242.70113608
3981.1	112.164701303535	112.415910900307	158.802573159433	45.0640894310689	73244.1131620764
3162.3	113.069115452937	139.188554511311	179.32673692525	50.9114936167561	73245.5351900728
2511.9	115.533257886457	175.127739128765	209.803857662845	56.5868243874361	73247.047216069
1995.3	114.482457166935	218.546420731465	246.715972351839	62.3528395670404	73248.4742450654
1584.9	118.927015364472	275.436388968048	300.014731890384	66.6464383247097	73249.8812700618
1258.9	120.525291335459	343.205032368569	363.752718332946	70.6499609819338	73251.2982970583
1000	124.097067681767	432.901838029458	450.337743895064	74.0043461525862	73255.4913740477
794.33	129.614772810656	543.311402870993	558.558206295821	76.5820646593113	73256.953402044
630.96	137.592187518144	681.301870273542	695.056723227863	78.5824137244168	73258.4104290403
501.19	149.231150495869	854.033350026971	866.973413223619	80.0883810489935	73259.8674550366
398.11	166.450816148905	1070.98117238657	1083.83880065402	81.1658251543161	73262.898513029
316.23	191.610501181841	1340.11758588685	1353.74655241162	81.8629788750702	73264.2755340255
251.19	228.469923338268	1674.56017139499	1690.07404378998	82.2307759481775	73265.7725650217
199.53	281.476245967228	2090.32194541799	2109.18816432766	82.330860164235	73267.224589018
158.49	358.064285452052	2603.3458484849	2627.85456967083	82.1686720918882	73268.7566210142
125.89	465.064413476453	3228.14630867618	3261.47412973058	81.8020617781779	73270.2786460103
100	612.478185721907	3991.45500638948	4038.17317558532	81.2761606402659	73271.7906750065
79.433	808.930056956749	4910.70432857782	4976.88505390279	80.645792039036	73273.3077050027
63.096	1061.97560973874	6018.64636835778	6111.61977736069	79.9932984508243	73274.9197339986
50.119	1363.24100725221	7341.641764072	7467.13665576172	79.4807754135327	73276.7717659939
39.811	1724.20128746619	8930.24242993984	9095.16904390445	79.072115972412	73278.4938009896
31.623	2128.12080967515	10853.4438144492	11060.1148644116	78.9063045844902	73280.2658339851
25.119	2561.79355414977	13204.7528363243	13450.9584670572	79.0206992637313	73281.9778649808
19.953	3023.60960235917	16078.017984769	16359.8556639731	79.3494292391224	73284.0099009757
15.849	3511.74936771686	19651.7393261733	19963.0469158775	79.86823602489	73286.0669389705
12.589	4022.9262534886	24089.059685685	24422.6684082944	80.5189730802649	73288.1889799651
10	4569.80650165351	29662.9431793987	30012.8860579384	81.2419944517854	73290.606022959
7.9433	5137.83094821297	36590.5803077379	36949.5314464126	82.0071246100461	73293.0580709528
6.3096	5827.44221853446	45287.7653770202	45661.1517118698	82.6677071634918	73295.5051159466
5.0119	6530.14012400261	56158.4265364062	56536.816333112	83.367394256858	73298.0621629402
3.9811	7329.33902904965	69801.0656211796	70184.8129758495	84.0057226385788	73300.6742089336
3.1623	8298.47524572506	86911.3937952581	87306.6724989467	84.5458181817456	73303.3512619268
2.5119	9502.82980430258	108309.181953379	108725.262334471	84.9858235281911	73306.0333089201
1.9953	10698.3832914545	135125.768485039	135548.621216608	85.4731342646553	73308.8603609129
1.5849	12329.8264075701	168576.457575094	169026.763170239	85.8167865149948	73313.199441902
1.2589	14186.9219607094	210870.77233558	211347.465989359	86.1510660736212	73316.0664938947
1	16525.1493022144	262978.71078053	263497.405837799	86.4043552136269	73321.2505918816
0.79433	19473.7579705743	329073.10676597	329648.808349285	86.6133227375649	73324.5676508733
0.63096	23296.064002357	411852.482413123	412510.816667701	86.7625657165374	73328.234719864
0.50119	28484.9297791421	515704.611096732	516490.694137808	86.8384817694153	73332.2217958539
0.39811	35566.2284981154	645973.052927225	646951.421451178	86.8485691880992	73336.543874843
0.31623	44995.1826535027	809377.741564749	810627.469928373	86.8180701833857	73341.4909648305
0.25119	58387.0748734495	1013901.45056176	1015581.21386894	86.7041743894746	73347.1180708163
0.19953	77344.356311822	1269952.67179911	1272305.7565157	86.5148006626957	73353.5301878001
0.15849	103951.3288816	1590002.16447308	1593396.61158336	86.2594338644913	73360.9673277814
0.12589	143915.276991181	1988473.90125209	1993675.01436722	85.8604507137663	73369.6144867595
0.1	200453.4599049	2490188.38577271	2498243.34007421	85.3977674474808	73379.9716797334
