Frequency (Hz)	Z' (Ω)	-Z'' (Ω)	Z (Ω)	-Phase (°)	Time (s)
10000	117.782574160762	49.3558244489184	127.705646636974	22.7357223374541	4657.33023424137
7943.3	119.975691491185	58.4661712834146	133.463327297537	25.9807524263016	4658.44725523855
6309.6	120.434015517367	71.5740229074998	140.097083655588	30.7230465876407	4659.65927723549
5011.9	120.839021443878	89.9143135548267	150.620891265288	36.6523243171133	4660.85630023247
3981.1	121.770717938449	110.993845695063	164.765717093772	42.3491297714693	4662.04832022946
3162.3	122.90801838819	139.375932316619	185.827962086545	48.5926903812876	4663.24534522644
2511.9	123.676653734178	174.487614746934	213.87342607009	54.6710223634438	4664.45736722338
1995.3	123.929748754276	219.09208138722	251.713970118629	60.5052671821745	4665.64938922037
1584.9	127.376032571446	270.767259859796	299.231620464189	64.8064741938192	4666.82140921741
1258.9	128.72112776028	341.886407628774	365.315540941234	69.3685126780176	4667.98343021447
1000	134.497574784327	429.503853013093	450.07016939135	72.6122418854505	4671.82650520477
794.33	140.889675623125	538.644927008887	556.765891636331	75.3419237379222	4673.05852620166
630.96	150.202544184661	675.143948021357	691.650312534745	77.4574000308911	4674.23554619869
501.19	163.981642787812	845.960829116051	861.707435020789	79.0297944661746	4675.47757119555
398.11	184.005086304273	1060.11668655408	1075.96712816714	80.1532388666646	4678.21362318865
316.23	213.317482635211	1324.88035412453	1341.94347911638	80.8533710747059	4679.33564218581
251.19	255.919870383122	1653.76050842498	1673.4451886103	81.203240822068	4680.58266618266
199.53	317.289955404064	2059.3067061371	2083.60673490501	81.2409676053024	4681.7946861796
158.49	405.078020653747	2557.59503057924	2589.47495513287	81.0001144459063	4683.03671017647
125.89	526.868119557747	3164.8929824561	3208.44784994336	80.5484940655063	4684.30373417327
100	692.781080934169	3894.86169071707	3955.99459250335	79.9142510568762	4685.56575617008
79.433	912.498470311969	4773.76094186833	4860.19001567112	79.1785206646209	4686.8677811668
63.096	1186.94855728158	5818.43399942815	5938.26751530564	78.4699828551926	4688.20980716341
50.119	1521.45609422114	7060.29325107614	7222.36591691628	77.8390282187881	4689.83183515931
39.811	1914.03891541997	8547.45257915884	8759.13754674005	77.3779320888695	4691.25386315572
31.623	2347.93997347375	10326.7408376195	10590.2973728973	77.1907040007464	4693.51790715001
25.119	2805.94473689729	12500.4083242597	12811.4610462563	77.3486189586398	4694.9849301463
19.953	3297.38299019458	15146.4560919952	15501.2214593161	77.7183403541931	4696.75696514183
15.849	3812.19797189464	18447.4727236079	18837.2530711135	78.3240953767608	4698.58399713722
12.589	4347.83313895706	22513.5512160323	22929.5364401708	79.0695581787744	4700.43603413254
10	4917.92409263721	27593.8004747715	28028.6246901707	79.894526771584	4702.62307112702
7.9433	5505.77378538888	33944.931979962	34388.5439078209	80.7870159669767	4704.8101111215
6.3096	6161.08972028689	41957.7191932804	42407.6552811353	81.646362149483	4707.02215311591
5.0119	6877.50506874393	51902.2442967552	52355.9264936708	82.4517776819313	4709.36419711
3.9811	7657.30356937178	64434.5971589674	64887.9927952154	83.2228463246876	4711.66624010419
3.1623	8561.12684245847	80046.9373431849	80503.4475711223	83.8953455016569	4714.09828309805
2.5119	9689.46636654115	99707.3368697873	100177.0372098	84.4494782108545	4716.60533009172
1.9953	10845.6286461847	124208.92647532	124681.534626754	85.009725406045	4719.17738008522
1.5849	12227.4807769542	154971.997078559	155453.630271756	85.4886388639734	4723.31645607477
1.2589	13940.4256067373	193550.464152214	194051.842659725	85.8803990071785	4726.0385050679
1	15873.6125356819	241853.029044549	242373.388046123	86.2448747270632	4730.97260005544
0.79433	18250.7029019745	302371.928497461	302922.219884395	86.5459057024322	4733.98965204783
0.63096	21399.891603778	378521.193118028	379125.637487296	86.764198004429	4737.44171603911
0.50119	25318.9219859616	473955.745291958	474631.537411693	86.9421411173322	4741.14878402975
0.39811	30506.3765447717	593666.80044142	594450.089541792	87.0583657526154	4745.25586301938
0.31623	37671.6417744288	744010.451326	744963.559025741	87.1014058013606	4749.94794800753
0.25119	47290.006881425	932669.099805749	933867.225296675	87.0973634429445	4755.28504599406
0.19953	60384.0071448274	1168475.38022253	1170034.59030281	87.0417229969779	4761.38215997867
0.15849	79817.1945568154	1464943.1542131	1467115.95643383	86.8813321583896	4768.56429396053
0.12589	105590.580672827	1836220.75411496	1839254.2044452	86.7088710164488	4777.05645193909
0.1	144137.24017922	2302298.24056312	2306805.74225628	86.4176269372869	4787.17363691355
