Frequency (Hz)	Z' (Ω)	-Z'' (Ω)	Z (Ω)	-Phase (°)	Time (s)
10000	115.130415416085	48.2919772329862	124.848418568084	22.7558350508413	38086.9202088398
7943.3	115.838758355861	59.0908654031866	130.03979510721	27.0267228576402	38088.1572288366
6309.6	115.925609043047	72.5339149999095	136.747634923663	32.0339528206465	38089.4742538333
5011.9	116.060880469749	89.5490279103741	146.59180186868	37.6526800713254	38090.79627683
3981.1	116.77162990723	112.065247740669	161.846326193611	43.8217903187573	38092.1033008267
3162.3	117.506647051483	140.524287598625	183.179932051475	50.0975752291051	38093.4053258234
2511.9	119.071794019128	174.110642140398	210.932709264057	55.6323303578256	38094.73734782
1995.3	119.195148517332	218.870134858009	249.222028245562	61.4275971020764	38096.0493728167
1584.9	121.113923928595	275.214558138539	300.685276627861	66.2471012362245	38097.3213958135
1258.9	122.675300046094	341.676420986696	363.031687184022	70.2498618599676	38098.6184228102
1000	129.061424682716	431.386537641188	450.279020385343	73.3439662170215	38102.6414968001
794.33	134.889188654404	541.049408246513	557.610576818397	76.0009551016924	38103.9635207967
630.96	143.520376618951	678.82165106781	693.82773976202	78.0620042503952	38105.2605457935
501.19	156.004431554317	850.473347071585	864.663111705207	79.6056465603609	38106.5975697901
398.11	174.330514856245	1066.5057607505	1080.65982905077	80.7165600894006	38109.4836247828
316.23	201.326171024053	1333.80018420301	1348.90887702587	81.4164691836452	38110.7256467797
251.19	240.662237207581	1666.61306210677	1683.89946588348	81.7831736977242	38112.0876697762
199.53	297.316208433078	2077.91123215095	2099.07408551869	81.8571503878661	38113.4146957729
158.49	378.253783797906	2583.47632615804	2611.02007896847	81.6703528742308	38114.7817187694
125.89	492.017920155103	3201.20920717258	3238.79947231073	81.2621570412974	38116.2137457658
100	646.822143861964	3951.22408804745	4003.81701377031	80.7030449504347	38117.5957707623
79.433	852.605905140006	4851.35995022793	4925.71113608534	80.0323009541363	38119.0178007587
63.096	1117.59593727125	5934.21020743869	6038.53222770855	79.334354086051	38120.484826755
50.119	1431.32289130638	7219.96504475775	7360.47420121159	78.7867796722926	38122.2418587506
39.811	1807.12278398636	8767.29312774428	8951.59882614244	78.3532519427075	38123.7988857467
31.623	2223.79267219879	10641.8967884292	10871.762557401	78.196984164871	38125.4309187425
25.119	2663.88774871333	12909.0069121896	13180.9998633147	78.3401776812091	38127.0129477385
19.953	3139.52871765675	15691.7355960811	16002.7249737759	78.685919113512	38128.9249827337
15.849	3632.037407505	19136.3598169163	19477.9866200797	79.2532194614459	38130.8770197288
12.589	4155.21068170094	23420.7275237933	23786.4720703405	79.9394991958752	38132.8540547238
10	4703.18515925808	28781.8045731834	29163.5427397151	80.719419333583	38135.136098718
7.9433	5298.72061281341	35487.093815796	35880.4998240515	81.5076771730557	38137.4631387122
6.3096	5963.4452530128	43868.4538478543	44271.9315400514	82.2587062993903	38139.885184706
5.0119	6654.17993117832	54401.7592839242	54807.2032103676	83.0264759545407	38142.3222286999
3.9811	7424.62754614938	67566.8269686772	67973.5330905655	83.7291726497531	38144.7892766937
3.1623	8367.09011293037	84058.3704699469	84473.7701480213	84.3155572077309	38147.2713216874
2.5119	9556.45993786756	104638.251546183	105073.734173609	84.7817356719935	38149.8733706808
1.9953	10712.0397680828	130669.242886703	131107.584954407	85.3134703125196	38152.560419674
1.5849	12279.6976737071	163143.395426575	163604.885154049	85.6955005646842	38158.1915266598
1.2589	13953.2973216862	203835.214680037	204312.234704151	86.0839945980106	38160.9435766529
1	16095.7567198365	254416.158570749	254924.802885636	86.3799804224218	38166.0076726401
0.79433	18783.5824545261	318162.894070793	318716.880841491	86.6213148676422	38169.1647266321
0.63096	22191.7779049198	398451.925400964	399069.432382783	86.8122052450868	38172.6317896234
0.50119	26708.4257608748	499217.530383543	499931.477953597	86.9375624118753	38176.4338606138
0.39811	32779.3015907752	625411.965078866	626270.395816845	86.999739676676	38180.6359386032
0.31623	41264.7710268531	783251.503038096	784337.745068624	86.9842210279605	38185.4180265911
0.25119	52801.51906516	981269.233797928	982688.816265841	86.9199183289035	38190.8701275773
0.19953	69454.8766580178	1230636.37695815	1232594.77209027	86.7697573364143	38197.1472465615
0.15849	92217.531452501	1540025.38783044	1542783.93440867	86.5731904437235	38204.3843785432
0.12589	124673.90457345	1931235.44830277	1935255.52298987	86.306307467773	38212.9065385217
0.1	172583.05254442	2418309.1321425	2424459.52093026	85.9179971899809	38223.1437264958
