Frequency (Hz)	Z' (Ω)	-Z'' (Ω)	Z (Ω)	-Phase (°)	Time (s)
10000	110.652161074413	49.1403240567309	121.073003592207	23.9458769050111	75226.6008720711
7943.3	111.689089537113	57.8844226766981	125.797691195999	27.3960766903197	75227.9778970676
6309.6	111.607260197232	72.6092394377249	133.147595473811	33.0471463039121	75229.404923064
5011.9	112.181089028833	90.0000242342526	143.821420858859	38.7391821999012	75230.8769470603
3981.1	111.237375593672	112.930529851794	158.515167418056	45.432750389256	75232.3839780565
3162.3	112.923482810838	139.397211396163	179.397033183819	50.9896134405686	75233.8010020529
2511.9	114.8713373958	174.145762953791	208.619680063645	56.5900573730995	75235.2730320492
1995.3	115.958980112509	219.231035034475	248.009539717771	62.1240670866784	75236.7300590455
1584.9	116.350871187992	274.025641102437	297.703841439452	66.9939965019236	75238.1420820419
1258.9	120.049195858175	346.58117157596	366.783748163901	70.8948771675005	75239.5441110384
1000	123.700035949137	432.839904240034	450.168947836632	74.050750151535	75243.7021900279
794.33	129.127682353228	543.121048259916	558.260182542931	76.6261579773997	75245.1842150242
630.96	137.105126470529	681.129503889326	694.791491580761	78.6189704150494	75246.6262400205
501.19	148.881487046958	853.986128214769	866.866774290355	80.1106099600737	75248.0682660169
398.11	166.034850214194	1071.28271271649	1084.07297819421	81.1899966617268	75251.1343260092
316.23	191.131130607116	1340.4165639009	1353.9747685489	81.8848507868798	75252.5063500057
251.19	227.990260576601	1675.97083364549	1691.40704567179	82.2533350207621	75254.0383780018
199.53	281.16034484289	2090.81526090388	2109.63494347736	82.341151006774	75255.5004059981
158.49	356.875677706836	2601.90764537201	2626.26800696045	82.1900861474643	75256.9974309943
125.89	463.853675089485	3230.09813168512	3263.23369868138	81.8279893476199	75258.5144609905
100	611.181006896534	3993.39655998412	4039.89582891491	81.2985214781078	75259.9314879869
79.433	806.987200833975	4912.38702267346	4978.23006728702	80.6710033370797	75261.478515983
63.096	1054.7935541297	6021.82443222883	6113.50627172506	80.0647602413814	75263.1105459789
50.119	1365.94665886688	7339.0253673117	7465.05884885808	79.4566918553002	75264.8975779744
39.811	1722.52923542602	8932.88598475245	9097.44793793754	79.0856118395497	75266.5696109702
31.623	2125.20967226082	10862.6464480106	11068.5863598541	78.9302582884968	75268.3666419656
25.119	2562.54653862835	13214.8666164114	13461.0305865554	79.025751681538	75270.0586759614
19.953	3020.11576412792	16099.7776645256	16380.5964505536	79.3755060809747	75272.1057129562
15.849	3501.48722745766	19668.1225089165	19977.3735968919	79.9054749118681	75274.2527539508
12.589	4019.42068902095	24124.6381452736	24457.1852083538	80.540802798282	75276.3797909454
10	4570.88374396496	29675.2601949305	30025.2234935507	81.2435415219294	75278.8118349393
7.9433	5142.68382772413	36612.6909797122	36972.1021545683	82.0044416905635	75281.2688819331
6.3096	5832.28142622985	45331.8561076538	45705.4995027926	82.6687443599283	75283.8409279266
5.0119	6500.04820053933	56218.06178574	56592.5887157904	83.4046297917943	75286.44297892
3.9811	7371.43955184118	69907.2273795324	70294.7975383676	83.9806313006661	75289.0550259134
3.1623	8315.49257009985	87018.4379958573	87414.8498135314	84.5413835882765	75291.6420739069
2.5119	9541.31731000191	108334.734747702	108754.08722832	84.9668010709195	75294.3091239001
1.9953	10791.1005884849	135248.47188577	135678.284921894	85.4381923879338	75297.151177893
1.5849	12346.4184814344	168816.047839434	169266.925468163	85.8171010706586	75301.6102598817
1.2589	14283.776098838	210953.771549369	211436.799045353	86.1263892021077	75304.6373158741
1	16548.4060699728	263380.390807129	263899.753704267	86.4047851469084	75309.8614138609
0.79433	19536.7123701952	329553.127378689	330131.711435467	86.6073372669748	75313.1784738525
0.63096	23332.3481272997	412391.331288609	413050.854727508	86.7617618210511	75316.8905408431
0.50119	28504.9418288502	516379.987373107	517166.146483039	86.8403946366343	75320.8426138332
0.39811	35509.0248394143	647045.595557403	648019.207720944	86.8588326363369	75325.2796968219
0.31623	45263.7465744436	809838.296121465	811102.257806544	86.8009340486587	75330.2417888094
0.25119	58634.8994741786	1015200.51604839	1016892.39313767	86.6944421053726	75335.8138907954
0.19953	78086.6245657268	1271607.55401708	1274002.86199419	86.4860046945325	75342.2310117791
0.15849	104654.291614112	1589448.61534298	1592890.27292183	86.2329034034736	75349.6781477604
0.12589	145359.947061151	1990383.93394768	1995684.77438865	85.8230411156342	75358.4153117383
0.1	201281.559405727	2487506.33747891	2495636.60118106	85.3738762408986	75368.7725027121
