Frequency (Hz)	Z' (Ω)	-Z'' (Ω)	Z (Ω)	-Phase (°)	Time (s)
10000	111.862773529407	48.0216446980089	121.734787391252	23.2333962372897	56570.2414391739
7943.3	113.653764582871	59.4222087250537	128.250446757984	27.6021602780305	56571.5384601706
6309.6	113.76920115009	72.5655623183746	134.941439020456	32.5310072007266	56572.945486167
5011.9	114.249206029105	89.1741824662838	144.930727924795	37.9728723009131	56574.3275091636
3981.1	115.40149022897	112.207057765577	160.959397860065	44.1959199956816	56575.73453816
3162.3	115.537385711652	139.804450419024	181.367504956231	50.4289451911217	56577.1215611565
2511.9	116.597072741368	174.096204029466	209.533686144556	56.1886789615681	56578.513587153
1995.3	117.695335559842	219.520532619849	249.081224210589	61.8021369815562	56579.8956131495
1584.9	119.633989047864	273.202437164714	298.247989110143	66.3516277487652	56581.2276381461
1258.9	122.203913113055	345.552297378241	366.524469310745	70.5239560436171	56582.6146631426
1000	126.443375980585	432.363690066702	450.473404117783	73.6986101355574	56586.7027421323
794.33	132.044136595055	542.31200627401	558.155861886333	76.3156857749041	56588.0347651289
630.96	140.239830453291	679.861493886166	694.174949789098	78.3446722375633	56589.4117901255
501.19	152.40522210759	852.376967823677	865.894824445758	79.8626230242892	56590.8238151219
398.11	169.989995256604	1068.6169876268	1082.05307851875	80.9614194020928	56593.7698721145
316.23	196.002846905583	1337.88044621059	1352.16167833131	81.6653159103122	56595.0918971111
251.19	233.88431113575	1671.7729483847	1688.05410515964	82.0358990100768	56596.5389211075
199.53	288.245263842228	2084.05091942721	2103.89010333071	82.1253751589462	56597.915948104
158.49	366.950806077184	2595.14515755929	2620.95999261418	81.9517915156079	56599.3279761004
125.89	476.855502109067	3217.55791118759	3252.70196632547	81.5698900812275	56600.7950020967
100	628.327743007632	3974.07197450362	4023.43681585385	81.0155198388773	56602.257029093
79.433	828.760476910641	4888.5944236584	4958.34643476161	80.3781627885255	56603.7290540893
63.096	1083.15275496246	5981.74578864666	6079.02151423852	79.7363020412863	56605.2660840854
50.119	1400.7005517294	7293.24887036142	7426.53628016743	79.1284684953127	56607.0881160808
39.811	1761.04492009708	8858.25443683152	9031.60843251328	78.7560443249555	56608.7201490767
31.623	2168.06037508375	10764.8027558299	10980.9591640225	78.6128105507186	56610.4371790724
25.119	2603.92268268809	13068.7744207505	13325.6623924622	78.7315216710752	56612.0892110682
19.953	3077.8704422673	15912.2770846077	16207.215938486	79.0526190523854	56614.0812480632
15.849	3574.43210846855	19427.1871720408	19753.2824187667	79.5746773747942	56616.1032850581
12.589	4071.57356667836	23781.4210732205	24127.44701726	80.2846894901686	56618.1703210529
10	4629.33926375266	29259.4277174735	29623.3842153961	81.0093583509448	56620.5773660468
7.9433	5239.59986399132	36099.3068680802	36477.5734265666	81.7415290263288	56622.9994110407
6.3096	5849.30275135508	44677.8122923021	45059.0862524218	82.541152533249	56625.4914600344
5.0119	6582.03797471911	55361.1596850796	55751.0647932174	83.2197775243358	56628.018505028
3.9811	7391.23273776441	68780.1691487631	69176.1663401223	83.8664369869491	56630.5605520216
3.1623	8346.58568577635	85653.5928589028	86059.3020088397	84.4343372665048	56633.1976020149
2.5119	9513.11707592866	106616.763976388	107040.337057098	84.9011599362205	56635.8046510083
1.9953	10763.3316214395	133163.87489394	133598.154494596	85.3789589076643	56638.5066980015
1.5849	12268.8052500377	166160.08562179	166612.417412701	85.7770999061365	56642.8857829905
1.2589	14237.0430426113	207583.460663262	208071.109324513	86.0765320115306	56645.7478349832
1	16387.1134889876	259177.282795694	259694.823602358	86.3821510209252	56650.97193097
0.79433	19216.2465338857	324396.269637674	324964.927162439	86.6099341717533	56654.2389909618
0.63096	22777.7003251037	405747.260326043	406386.100764027	86.7869216498459	56657.7910569528
0.50119	27747.80429848	508378.563209301	509135.251356789	86.8758396595858	56661.678128943
0.39811	34308.1365255677	636438.037789497	637362.082475261	86.9143725504595	56666.030206932
0.31623	43621.8175089839	797726.841224564	798918.629256389	86.8700322041926	56670.9023009197
0.25119	56460.855662226	999698.594943127	1001291.72020614	86.7674899814227	56676.4394009057
0.19953	73651.6783428662	1252417.58901421	1254581.3592569	86.634448616815	56682.7915188897
0.15849	99871.8284776791	1567771.82925537	1570949.67797514	86.3550100039136	56690.0736548713
0.12589	136102.353631916	1963951.47474355	1968661.79061095	86.0357254842252	56698.7108128495
0.1	188901.686094884	2456017.6283168	2463271.49084553	85.6018221791268	56709.0630068234
