Frequency (Hz)	Z' (Ω)	-Z'' (Ω)	Z (Ω)	-Phase (°)	Time (s)
10000	114.191784438491	48.3655958006101	124.012073970218	22.954944429341	51039.9990401364
7943.3	115.189050469741	59.4286519968046	129.615901903578	27.2902386327531	51041.2960621331
6309.6	115.169472941084	72.2162856672592	135.938219103761	32.0895068804857	51042.6430891297
5011.9	117.224748919845	89.2611827576017	147.34042387141	37.2875818088558	51044.0401131262
3981.1	116.542055495161	111.675833533923	161.411097804747	43.77848428843	51045.4671391226
3162.3	116.335796188078	139.360825109047	181.536379411369	50.1455058861127	51046.8141641192
2511.9	115.610375028646	174.959274033586	209.705761448329	56.5438904918504	51048.1911921157
1995.3	118.259790140552	220.558494371971	250.262716767237	61.8005320446946	51049.5482161123
1584.9	120.402333802481	274.127007685497	299.403303802226	66.2879110007084	51050.8702391089
1258.9	121.911487123038	344.727978963993	365.649819052533	70.5240900862053	51052.2022641056
1000	127.829562276456	432.072218421658	450.5849519498	73.5190271377031	51056.3553430951
794.33	133.508728090853	542.01699144019	558.217699008472	76.1624627539864	51057.7323660916
630.96	141.765221730148	679.55989804085	694.189479261598	78.2163391790788	51059.1193940881
501.19	153.965172061738	851.714036770172	865.518384922783	79.7532450437944	51060.5614210845
398.11	171.725726838385	1067.99378632244	1081.71181600347	80.8654374885983	51063.4274740772
316.23	197.912746884247	1336.5691862965	1351.14271827093	81.5771209919615	51064.714496074
251.19	236.16906495602	1670.35190593231	1686.9651202363	81.9523613419404	51066.1065210705
199.53	291.0968473826	2083.30311071035	2103.54206652767	82.0456461719182	51067.493550067
158.49	370.344544665404	2592.13274695878	2618.45512843346	81.8690340730469	51068.9455760633
125.89	480.489725218154	3213.56629187084	3249.28895118435	81.4961802825558	51070.3876010597
100	633.075101605479	3969.65619278919	4019.82019165314	80.9388553356562	51071.8046300561
79.433	835.005429987337	4879.16584481558	4950.10034335904	80.2886553986494	51073.3416550522
63.096	1096.30717684047	5969.77160725154	6069.60150823252	79.5939736882423	51074.8536830484
50.119	1406.51481823177	7279.43334474648	7414.0699858116	79.0642054869679	51076.6357180439
39.811	1774.18145004045	8838.7878578511	9015.09237965777	78.6500331436045	51078.2227460399
31.623	2183.29310339927	10735.5406374074	10955.3001580412	78.5044962606891	51079.9497780355
25.119	2624.07419886566	13031.3147737001	13292.8902098981	78.6147872979103	51081.6768110312
19.953	3098.78366895791	15856.8150237931	16156.7646181342	78.9424539316937	51083.6338460262
15.849	3607.68212628046	19358.1828192071	19691.4857841182	79.4431957969565	51085.6358850212
12.589	4118.00969986511	23712.9411712156	24067.8537239554	80.1482186442369	51087.6479220161
10	4663.34155487569	29165.072091578	29535.5410406577	80.9156037139949	51090.0199650101
7.9433	5238.12691227981	35931.7554899505	36311.5549947773	81.7058540678042	51092.4020100041
6.3096	5885.30560686848	44482.9225969849	44870.5607816036	82.4632638685188	51094.8840539978
5.0119	6615.64907384323	55136.8086751167	55532.2832552802	83.158013298214	51097.4011019915
3.9811	7442.34482101904	68513.9010446677	68916.929217671	83.8005344837837	51099.9281489851
3.1623	8324.72495063701	85261.5145979076	85666.9534711779	84.4234565004469	51102.5201949785
2.5119	9624.96003228317	106193.909189798	106629.199587328	84.8211068309954	51105.1322439719
1.9953	10861.5289980586	132433.903080177	132878.559208119	85.3113965995579	51107.874296965
1.5849	12361.2953514905	165358.913255551	165820.299770033	85.7248438473348	51113.4954029508
1.2589	14240.9491612457	206491.467932647	206981.958059133	86.0547700634013	51116.3074529437
1	16428.5963324832	257706.161169222	258229.286259388	86.352368127253	51121.5115509306
0.79433	19284.6813391987	322539.960410562	323115.962149816	86.5783557134421	51124.7536079224
0.63096	22808.2634708926	403724.99394839	404368.752033568	86.7665375777487	51128.3606759133
0.50119	27683.2949673636	505601.95110316	506359.257622068	86.8660054078631	51132.2177469036
0.39811	34159.0526487496	633070.469126052	633991.371989666	86.911444202686	51136.5198268927
0.31623	43321.3528657468	793580.269714337	794761.84111594	86.8753388176843	51141.3469148805
0.25119	55532.125088463	992419.727340566	993972.198872566	86.7972807005488	51146.8740168666
0.19953	74105.5173196109	1245243.16288525	1247446.25632115	86.5942943967876	51153.1911348506
0.15849	99403.9587888529	1558212.58362064	1561380.03150309	86.3498433401086	51160.553272832
0.12589	134044.299955935	1951179.37612107	1955778.31876491	86.0700054126519	51169.2204328101
0.1	187236.507111044	2445028.33085818	2452186.99292984	85.6209240421167	51179.4076217844
