Frequency (Hz)	Z' (Ω)	-Z'' (Ω)	Z (Ω)	-Phase (°)	Time (s)
10000	116.53576292763	48.9733874036011	126.407977259776	22.7942602418156	17625.1793425007
7943.3	117.221689590497	59.1680855854414	131.30798476215	26.7825317318059	17626.3513624977
6309.6	118.342453621247	71.8884581838396	138.466193524437	31.2770601516353	17627.6433864945
5011.9	119.365772520795	89.9452380468269	149.460140160467	36.9989825506932	17628.8954104913
3981.1	119.003912112848	110.50570739222	162.399022362874	42.8794399918685	17630.1374324882
3162.3	120.466453904674	139.620390014966	184.407211963899	49.2119091006604	17631.384456485
2511.9	121.776271974517	175.312320139665	213.456951183989	55.2152006063623	17632.6514794818
1995.3	123.304186587814	218.285622239108	250.704079157873	60.5389618915062	17633.9235034786
1584.9	125.884133084471	274.347174452615	301.849610058656	65.3519879822841	17635.1505274755
1258.9	125.359794697209	343.569036309462	365.724979782813	69.9542318341971	17636.3925504724
1000	132.112912598224	430.124733749933	449.956784878989	72.9256477462098	17640.2606214626
794.33	138.336774748227	539.569845464276	557.021257567505	75.6200469360125	17641.5326434594
630.96	147.367156798315	676.421042423442	692.287877646312	77.7094190502852	17642.7846674562
501.19	160.606310840055	847.170557576858	862.260019197652	79.2652789823541	17644.066692453
398.11	180.105386235762	1061.97194036648	1077.1361809339	80.3744958270809	17646.8677454459
316.23	208.634618554123	1327.84312774518	1344.13383855899	81.0705234666813	17648.039763443
251.19	250.21619344828	1657.93123403031	1676.70633094678	81.417648228838	17649.3367904397
199.53	310.002995391568	2065.39479060473	2088.52998499158	81.4639772198023	17650.5938134365
158.49	395.46412405209	2566.5259365096	2596.81482901433	81.2404484902243	17651.9008354332
125.89	514.444007408412	3177.55708546419	3218.93175885139	80.8036536351328	17653.2478624298
100	677.314259927495	3913.11231026789	3971.29733959461	80.1800621719891	17654.5548874265
79.433	892.383376808767	4800.09717773584	4882.34380261286	79.4684073554802	17655.9169124231
63.096	1162.26586383702	5860.25278507757	5974.39742930198	78.7820826576577	17657.3289384195
50.119	1493.5780431025	7111.39646479242	7266.54904685161	78.1387949718731	17659.0059694153
39.811	1877.81293369433	8617.47126911718	8819.69344637384	77.7069797824962	17660.5129954115
31.623	2302.6856316528	10432.8094650164	10683.9072652076	77.5534697313093	17662.0850254075
25.119	2756.57421832169	12632.6225263293	12929.8821848398	77.6904010563258	17663.5920524037
19.953	3238.84918564166	15326.5393334833	15665.0232042006	78.0676434888666	17665.4240883991
15.849	3739.82611162257	18649.6602940898	19020.9392099897	78.6608429480364	17667.3161233943
12.589	4262.26201266423	22820.192426673	23214.8241400831	79.4204287439718	17669.2681583894
10	4819.49662697178	28002.9247969871	28414.6325846932	80.2346698149512	17671.4902013838
7.9433	5412.31037543506	34488.9051980967	34910.9966251803	81.0813665428796	17673.7472403781
6.3096	6050.97685138575	42588.5409008756	43016.2543339324	81.9135428598827	17676.0142843724
5.0119	6761.45016235581	52758.6000977462	53190.1033329691	82.6968826501789	17678.3763273664
3.9811	7541.15114790395	65528.6324851086	65961.1297356554	83.4351796006433	17680.7383723604
3.1623	8424.2997451044	81491.5982078433	81925.877503167	84.0979392748493	17683.2204173542
2.5119	9546.07460340144	101485.404885766	101933.384841089	84.6263685023953	17685.7824663477
1.9953	10721.3741097829	126562.935242139	127016.23691445	85.1579316514133	17688.3545123412
1.5849	12048.8855045238	158084.233186869	158542.740055107	85.641449382518	17693.7356133276
1.2589	13856.2840981405	197339.802206681	197825.666039522	85.9835485259848	17696.4326603208
1	15747.0399045797	246509.149612737	247011.599137675	86.3449037223656	17701.3717553083
0.79433	18268.883350132	308454.920665262	308995.45333463	86.6104980364277	17704.4938103004
0.63096	21393.6384803907	385978.798477025	386571.236179307	86.8275142000353	17707.9658742917
0.50119	25535.896887611	483415.706917299	484089.68975202	86.9762245797702	17711.7079472822
0.39811	30950.1887835555	605968.34357045	606758.228288049	87.076125188095	17715.8600192718
0.31623	38538.1587280793	759040.577817644	760018.281656365	87.0934631126734	17720.51710626
0.25119	48921.1980154798	950877.09213332	952134.721538495	87.0548149639284	17725.9042072464
0.19953	62895.8865288924	1192585.96362439	1194243.34755366	86.9810701893355	17732.1113232307
0.15849	83350.7969160904	1494969.73910727	1497291.51343117	86.8088252527404	17739.3634552124
0.12589	112890.012800423	1872463.83152827	1875863.78913065	86.5498391053749	17747.825614191
0.1	151484.581820097	2346718.9452265	2351603.15240778	86.3065872084693	17757.9978021654
