Frequency (Hz)	Z' (Ω)	-Z'' (Ω)	Z (Ω)	-Phase (°)	Time (s)
10000	113.83753734269	48.2538424395064	123.642299470792	22.9712816179519	48028.4572807398
7943.3	114.74748683778	58.6137624235016	128.850917268854	27.0582406700197	48029.7393027366
6309.6	115.005171122948	72.4023392807415	135.898079892036	32.1927641002385	48031.1113267331
5011.9	114.692810667543	90.5019066644668	146.099404272313	38.2762967402878	48032.4583537297
3981.1	115.873639910057	112.129866452838	161.244557665482	44.059298921515	48033.8103767263
3162.3	116.676989998227	138.599995301344	181.172510863483	49.9084772082141	48035.1474017229
2511.9	116.454692132913	174.425958381039	209.728658692406	56.2711265026613	48036.4894267195
1995.3	118.53419871206	219.189837884388	249.187763134738	61.5962186945503	48037.8364537161
1584.9	120.275050792492	276.053116776297	301.116939286126	66.4574684572259	48039.1434767128
1258.9	121.700149718318	345.222003718073	366.045295411077	70.5810591718173	48040.4354997096
1000	127.475382223722	431.886207216726	450.306194779878	73.5555261242817	48044.4585776994
794.33	133.146653956091	541.61918669131	557.744901233404	76.1888044800193	48045.820598696
630.96	141.591275644448	679.472077943814	694.068003904449	78.2289154387639	48047.1476246926
501.19	153.729202733686	851.291442521582	865.060568910415	79.7636457472438	48048.5046516892
398.11	171.793143346609	1067.38948722238	1081.12589532106	80.8568257724167	48051.4407046818
316.23	198.147965517702	1336.08258000088	1350.69584911653	81.5642272305345	48052.7127296786
251.19	236.607708333947	1669.19007090454	1685.87624114267	81.9320726483256	48054.0897556751
199.53	292.316886173696	2081.36977259658	2101.79668194167	82.0054141071077	48055.3917776718
158.49	371.617074132108	2589.31035574978	2615.84161756394	81.8326979866095	48056.7938046683
125.89	483.32130551538	3211.21413133026	3247.38289729133	81.4406330961725	48058.2208306647
100	636.202462787118	3963.94064895829	4014.67047740163	80.8819335230581	48059.6278556611
79.433	838.349262457073	4871.33634031059	4942.94924375042	80.2351420894684	48061.1148826573
63.096	1100.76315939857	5960.20978066709	6061.00488059932	79.5362168697196	48062.6319106535
50.119	1411.70892550146	7266.16310471407	7402.03001578949	79.0052436484249	48064.3939446491
39.811	1779.84788475667	8819.28148012567	8997.08754645415	78.5902065403176	48065.9859746451
31.623	2189.4923848053	10707.6427433843	10929.2035401977	78.4435018042453	48067.6580046408
25.119	2631.00478958445	12999.5815001233	13263.1559359439	78.5583756174318	48069.2850346367
19.953	3101.29046533055	15814.0691672928	16115.2966518855	78.9045583787133	48071.1920706319
15.849	3582.96652331032	19290.5042234992	19620.4281885998	79.4779400185996	48073.1691046269
12.589	4114.41730129577	23655.175406897	24010.3259715537	80.1330792613995	48075.1911446218
10	4663.51557783285	29066.1604145369	29437.9017388856	80.8848733110236	48077.5431886159
7.9433	5266.84567425329	35846.3825314705	36231.2407177689	81.6414378649031	48079.9202296099
6.3096	5922.05046977661	44315.8613769875	44709.8003948905	82.3885015802016	48082.2922746039
5.0119	6611.35579869735	54971.0863365908	55367.2318119832	83.1419940325942	48084.7593205977
3.9811	7410.41650726561	68257.0271530167	68658.1097072939	83.8038739896372	48087.3113695912
3.1623	8356.80789755488	84986.889742737	85396.7661353799	84.384127626893	48089.9534155845
2.5119	9563.47380042113	105848.942955595	106280.095765614	84.8373319629428	48092.6104655778
1.9953	10821.5107080383	132068.563806504	132511.171755127	85.315729717433	48095.3375155709
1.5849	12284.9590769815	164790.680393681	165247.960847133	85.7365507752342	48099.5815965602
1.2589	14077.3248675529	206103.252232472	206583.449618378	86.0926355155054	48102.3586455532
1	16277.1566953952	257281.087986691	257795.469443709	86.3799473989408	48107.4427415404
0.79433	19051.2930214585	321644.493019397	322208.211651247	86.6102797237413	48110.6798025322
0.63096	22598.9343192381	402617.194528246	403250.93572385	86.7873545321892	48114.2168655233
0.50119	27424.3935997332	504258.116824658	505003.312610783	86.8869999252369	48118.0889375135
0.39811	33850.8688220096	631551.653753951	632458.198365201	86.9319092860848	48122.3510175027
0.31623	42586.2698778265	791481.205437952	792626.071324695	86.9201252916509	48127.0981034908
0.25119	54904.7746579822	991512.85535749	993031.860827943	86.8304976090076	48132.6052074769
0.19953	72701.4747283828	1242381.81110685	1244507.15907817	86.6509951297735	48138.8473214611
0.15849	96384.5888590674	1555599.14276631	1558582.26665929	86.4544982468998	48146.1994594425
0.12589	131801.644689061	1946140.71866237	1950598.72100297	86.1255812591501	48154.8366174207
0.1	184594.811233668	2436111.95902117	2443095.72494005	85.6667301516563	48165.1188093948
