Frequency (Hz)	Z' (Ω)	-Z'' (Ω)	Z (Ω)	-Phase (°)	Time (s)
10000	110.179154799399	48.2213939760719	120.269484863391	23.6372398821767	81954.1574350856
7943.3	110.404586447187	58.7939266322033	125.083566136433	28.0367099653155	81955.5594600821
6309.6	110.706636167307	72.4282150734736	132.294390017906	33.1941372624848	81957.0314880784
5011.9	111.973323345459	89.8839868964356	143.58675510445	38.7549461348034	81958.5335150746
3981.1	111.366144064867	112.188023516443	158.07773614397	45.2106425131619	81959.9805430709
3162.3	112.220664427315	139.074478144942	178.70419132129	51.0995740023368	81961.4375690673
2511.9	112.996310248332	173.814224459348	207.315100159496	56.9721782745082	81962.8895960636
1995.3	112.286672392128	218.932540143862	246.048275610175	62.8475054992647	81964.3566230599
1584.9	116.624430442967	274.077837044297	297.858890307183	66.9494843228726	81965.7636490563
1258.9	121.597003516485	345.231920736334	366.020368776776	70.5968029949747	81967.1856750528
1000	123.134081317133	433.113926356634	450.277331414623	74.1295744405842	81971.3537560422
794.33	128.566586218027	543.347263795079	558.350800272872	76.6875434099533	81972.8807830384
630.96	136.460233861072	681.432916180035	694.962023911411	78.676029008576	81974.3428080347
501.19	148.11605306188	854.412150265263	867.155399969083	80.1652676400522	81975.8198380309
398.11	164.953901879499	1071.45358224741	1084.07682783836	81.2478362047507	81978.960895023
316.23	189.913307762026	1341.39822824381	1354.77535820547	81.941699439499	81980.3579190195
251.19	226.3484586195	1676.85138237627	1692.05915478645	82.3124407566515	81981.8399460158
199.53	279.085651654113	2092.47534429721	2111.00494254536	82.4029638692119	81983.4419770117
158.49	354.470224923822	2605.00734312909	2629.01357891397	82.2512031414037	81985.0640070076
125.89	460.933673734066	3232.65751032111	3265.35364556696	81.8850886378916	81986.6210380037
100	607.31340487239	3998.78623348139	4044.64101161252	81.3642293614416	81988.1980659997
79.433	801.094053849762	4920.91679813729	4985.69692393182	80.7537219333876	81989.7700949957
63.096	1052.97657544731	6031.55214535946	6122.77559205227	80.0972140760747	81991.3971249916
50.119	1353.89133148292	7358.30195350012	7481.81992407919	79.5744643274385	81993.3341609867
39.811	1714.74980545168	8957.35507064143	9120.00969061121	79.16270812562	81995.0161929825
31.623	2112.66346363151	10893.1186394985	11096.0975394394	79.0240475898357	81996.8232259779
25.119	2541.21210546188	13246.9990276879	13488.5411444125	79.1407008948996	81998.5552579736
19.953	3008.80876533373	16154.4878412117	16432.2976968593	79.4494263531523	82000.6322939683
15.849	3482.25356879552	19723.6285493541	20028.669777853	79.987475455126	82002.714335963
12.589	4012.07151299081	24215.2006326231	24545.3184844594	80.5924669786637	82004.8513719577
10	4550.84351401219	29779.4056625155	30125.1253657423	81.3113665482948	82007.2934209515
7.9433	5106.47072162112	36737.9658857477	37091.1604112507	82.086754677384	82009.7654659453
6.3096	5788.85962052328	45485.8116183051	45852.6984405723	82.7471074393858	82012.237509939
5.0119	6500.06314485778	56458.890283984	56831.8318637195	83.4325014458387	82014.8345579325
3.9811	7328.41342977141	70182.6761393492	70564.2520932408	84.0388279537267	82017.396606926
3.1623	8267.04866427742	87358.2557485676	87748.5552077621	84.5939790404763	82020.1036569191
2.5119	9534.37754715257	108842.73223108	109259.529171318	84.9937978116897	82022.8557079122
1.9953	10783.4612159595	135744.237814458	136171.880855132	85.4579873513152	82025.7327589049
1.5849	12408.031321452	169495.989390814	169949.550340226	85.8131048767188	82030.1168448939
1.2589	14297.6944518687	211776.425401109	212258.517902841	86.1376423325006	82033.0188958865
1	16590.0542891998	264361.326039826	264881.370818814	86.409099486344	82038.2729948733
0.79433	19571.1078744391	330664.936893157	331243.609378337	86.6127789643903	82041.6250558648
0.63096	23469.884084595	413983.509992833	414648.262995192	86.7552152170146	82045.2471228557
0.50119	28642.1086790278	518321.860329143	519112.628708496	86.837091515604	82049.1941958457
0.39811	35693.6951236808	649633.915223636	650613.759215383	86.8550843944613	82053.5912768346
0.31623	45509.5663778155	813269.283849518	814541.618755607	86.7971377600643	82058.578366822
0.25119	58936.2059259648	1018687.58737243	1020391.04123645	86.6888417597154	82064.1554708079
0.19953	79138.5818173194	1276746.43687435	1279196.7711042	86.4530834887592	82070.5875907917
0.15849	105971.558950654	1597846.50040369	1601356.74044191	86.2056153350197	82078.0697297728
0.12589	145999.207261961	1999951.67650523	2005273.66633016	85.8247361723385	82087.7069077485
0.1	202995.568090342	2500225.32926481	2508452.49063275	85.358285030411	82098.0041007225
