Frequency (Hz)	Z' (Ω)	-Z'' (Ω)	Z (Ω)	-Phase (°)	Time (s)
10000	113.293856300643	47.6990858160818	122.925589944326	22.8321117781822	46245.3102642418
7943.3	114.422673776639	59.1747321113191	128.818466046765	27.3461584568343	46246.5772872386
6309.6	115.43096416604	73.1859498015502	136.676591765586	32.3756598372513	46247.9443102352
5011.9	114.642987746032	89.6623969714372	145.541609411194	38.0289987446266	46249.3413362316
3981.1	115.858453140031	110.702992170249	160.244605648512	43.6964455197543	46250.6783632283
3162.3	115.636626478239	138.638668428883	180.533957379219	50.1689745483418	46251.9903862249
2511.9	116.104422765546	174.957467186513	209.977028053166	56.4311461083696	46253.3474112215
1995.3	118.861351883299	219.171394130901	249.3273370026	61.5280726910409	46254.6944372181
1584.9	120.921958306488	275.671844263428	301.026719279661	66.3156019032458	46255.9864582149
1258.9	122.860950764928	343.594253834676	364.899745808448	70.3241850758257	46257.3134832115
1000	127.544870914805	431.77566629621	450.219857516537	73.5430622569623	46261.3015622014
794.33	133.239734181434	541.553443003187	557.703288849318	76.1779059559832	46262.658584198
630.96	141.625402076796	679.130475467258	693.740554690151	78.2204007475239	46263.9756081947
501.19	153.938999819144	851.549835702111	865.352147018548	79.753016314578	46265.3676361912
398.11	171.96144123644	1067.65155948102	1081.41138783275	80.8502286291194	46268.2836901838
316.23	198.430166169548	1335.45839865069	1350.11987074213	81.548494980545	46269.5557131806
251.19	237.005389963621	1668.97804466077	1685.72218008529	81.9176782704583	46270.9327381771
199.53	292.879106999201	2080.52709861858	2101.04049922958	81.987035212551	46272.2847611737
158.49	372.23556825053	2588.51339637365	2615.14070777781	81.8168041312243	46273.7067891701
125.89	483.966089308874	3209.36824664693	3245.65366577929	81.424527611672	46275.1438151665
100	636.708609843084	3961.40630707164	4012.2484698178	80.8690618065942	46276.540841163
79.433	840.003032723618	4867.58034550455	4939.52867335812	80.2088479338151	46277.9878661593
63.096	1099.60774922967	5960.01223702549	6060.60088338273	79.5466190774673	46279.4998971555
50.119	1411.41182899281	7252.95397906748	7389.00702215742	78.9879704866125	46281.261927151
39.811	1782.75118450216	8811.51896462863	8990.05385133225	78.5622819180026	46282.8289571471
31.623	2193.34260570655	10695.7171481076	10918.2927739794	78.4111693803421	46284.5109891428
25.119	2639.37537080918	12986.4395012606	13251.9399812984	78.5116325321895	46286.1080171388
19.953	3104.65389248374	15797.0685025484	16099.2623764668	78.8811684146283	46288.0550531339
15.849	3610.9416670462	19266.0391584606	19601.5092423555	79.3844837315656	46290.0270891289
12.589	4122.5868926508	23606.7533640209	23964.0256859562	80.0939965988312	46292.0191281239
10	4664.47132286524	29027.6570248911	29400.0368210066	80.8711470235252	46294.3911721179
7.9433	5225.06735586926	35795.3937169846	36174.7362150343	81.695166294906	46296.738214112
6.3096	5892.23772215471	44303.8412772258	44693.9460921947	82.4243424995497	46299.105259106
5.0119	6607.05558806788	54877.3320402289	55273.6352649014	83.1348149812148	46301.5173040999
3.9811	7421.27536644776	68183.1888147193	68585.8772999829	83.7881979826137	46303.9793500937
3.1623	8331.59220586916	84899.6134412378	85307.4427653092	84.3952458856005	46306.5713960871
2.5119	9575.67515212721	105650.589363038	106083.649010469	84.8211287252448	46309.1534440806
1.9953	10724.8373259189	131770.706340368	132206.433977726	85.3469444226167	46311.9554950736
1.5849	12284.7023503924	164646.113316729	165103.775069327	85.7329099311137	46316.1645770629
1.2589	14075.3997757615	205657.057927729	206138.163265167	86.0847182553481	46318.9666270559
1	16247.2383669189	256833.493678989	257346.879192087	86.3803030919577	46323.9957220432
0.79433	19016.79758752	321225.785118827	321788.1968247	86.612002938112	46327.227778035
0.63096	22447.0455662421	402093.310283149	402719.381243458	86.8047530870098	46330.779846026
0.50119	27235.1748717049	503321.501827272	504057.823024256	86.9026949270738	46334.6869160162
0.39811	33667.2337770657	630612.1385701	631510.215231832	86.9439839782849	46338.9389950054
0.31623	42423.7462970709	790393.443973768	791531.155752313	86.9276422532425	46343.7010859934
0.25119	54676.2283789099	990136.5790804	991645.065122991	86.8392858543853	46349.1981859795
0.19953	71585.1883998914	1240001.6383068	1242066.22295342	86.6959867741451	46355.5153039636
0.15849	95764.5580654239	1553858.14195075	1556806.33859453	86.473311357832	46362.852439945
0.12589	131163.7392094	1945831.25024767	1950246.95383016	86.1436649504845	46371.4495959233
0.1	181315.517113977	2433600.31956479	2440345.43295251	85.739047546545	46381.7267888974
