Frequency (Hz)	Z' (Ω)	-Z'' (Ω)	Z (Ω)	-Phase (°)	Time (s)
10000	113.85075802543	48.826600441265	123.879102408824	23.212797261674	49827.1175851986
7943.3	114.382604377758	58.3797503584057	128.419529029461	27.0393169229212	49828.4096041954
6309.6	114.346903133211	72.0864561476201	135.172746572964	32.22810884055	49829.7616301919
5011.9	114.530991081084	91.0809216867994	146.332095636372	38.4935214562471	49831.1136561885
3981.1	115.818797360984	110.677228882781	160.198136116861	43.6995816550364	49832.4706811851
3162.3	116.787373613252	139.781286094919	182.148561833002	50.1212171451707	49833.8127061817
2511.9	116.941943924369	175.812437554323	211.152625954788	56.3700671371997	49835.2097301782
1995.3	118.049486856857	218.606715238903	248.44431427326	61.6305761440337	49836.5867561747
1584.9	119.645203476846	276.208747171351	301.008715370474	66.5792108720907	49837.9037831714
1258.9	124.611606051855	341.706653684023	363.718970545606	69.9643911964618	49839.245807168
1000	127.523960813941	431.863114180513	450.297801428528	73.5487660321814	49843.223882158
794.33	133.267356264115	541.826776357637	557.975307539442	76.1818572082844	49844.6609061543
630.96	141.569165818252	679.216132591582	693.812931187608	78.2263910606653	49846.0529331508
501.19	153.90521589341	851.865109551391	865.656386997867	79.7589288385336	49847.4099571474
398.11	171.753644314119	1067.75926871107	1081.48470643536	80.8620047810155	49850.34101214
316.23	198.088171461371	1336.10768051751	1350.71190770304	81.5668923877614	49851.6230361367
251.19	236.598447720696	1669.27413018166	1685.9581688635	81.932785173492	49853.0100611332
199.53	292.146448360927	2082.71903248679	2103.1091544598	82.0151246190444	49854.3620851298
158.49	371.580370186323	2589.81017337823	2616.3311536656	81.8350486074915	49855.7891131262
125.89	482.493908597768	3210.73788024321	3246.78889173019	81.4538206138509	49857.2461401226
100	635.778725146422	3964.52024380281	4015.17563138539	80.8892144249847	49858.668166119
79.433	838.353299491228	4874.18024714027	4945.75265620716	80.2406838447754	49860.1401941152
63.096	1098.39627410047	5964.51283502223	6064.80731219902	79.5655885611886	49861.6622201114
50.119	1412.60448691903	7268.93067601087	7404.91759637577	79.0025254986418	49863.389252107
39.811	1781.08971610017	8824.19205676015	9002.14674571498	78.5886417507654	49864.986282103
31.623	2194.13740404177	10712.7619607004	10935.1501029681	78.4250306536558	49866.6833150987
25.119	2632.52497334475	13001.1508918434	13264.9957500093	78.5532846308002	49868.3903450944
19.953	3103.37797983965	15822.5013061098	16123.9729120214	78.903045385953	49870.3223830895
15.849	3611.76704974257	19318.30863681	19653.0381826488	79.4101905394642	49872.3444200844
12.589	4105.11702892243	23684.4352707299	24037.5635186793	80.1668707207952	49874.3714560793
10	4666.01452387288	29080.2596434306	29452.2188037902	80.88441846703	49876.7135010734
7.9433	5270.76027768147	35872.8907513768	36258.0364162898	81.6414069127593	49879.0855430674
6.3096	5875.35782080546	44350.6238184076	44738.1007934446	82.4536705735051	49881.5575880612
5.0119	6605.10742300932	54981.5565875611	55376.8815378825	83.1497062361519	49884.0496360549
3.9811	7420.20008457774	68323.4816184923	68725.2319731816	83.8017448600123	49886.5366800486
3.1623	8367.94401991306	85009.0306547197	85419.8910089183	84.3781471834443	49889.1987300419
2.5119	9538.95381105106	105947.55854766	106376.110109456	84.8552647821169	49891.8507810352
1.9953	10711.601161884	132145.527332318	132578.953055859	85.36578620186	49894.5628290283
1.5849	12318.183656932	164941.363719264	165400.698650811	85.7289539366677	49900.1189350143
1.2589	14139.3726677952	206065.947129272	206550.469439609	86.0747586975459	49903.005988007
1	16271.9060373165	257317.726609009	257831.703545775	86.3816259581918	49908.0900829942
0.79433	19081.4294478335	321820.995783216	322386.188098487	86.606787877269	49911.3671419859
0.63096	22640.8264564286	402981.94958371	403617.465817471	86.7843188465486	49914.904205977
0.50119	27327.7632297694	504549.569810443	505289.100455417	86.8997355837886	49918.7512789673
0.39811	33845.048702622	632044.881507986	632950.408454033	86.9348250511611	49922.9983579565
0.31623	42694.3963705279	792073.613078085	793223.436375915	86.9146254785941	49927.8754479442
0.25119	55382.9979565884	992234.796480283	993779.234945533	86.805269433316	49933.3625479304
0.19953	72709.3564243315	1243260.69305407	1245385.00127668	86.6529952241044	49939.6846669144
0.15849	97849.3212185472	1557195.7000497	1560266.9444413	86.4044392622171	49947.0268008959
0.12589	131696.762237213	1949974.82589967	1954417.01251965	86.1362438793854	49955.5889598743
0.1	181892.316648281	2439560.40107414	2446331.90007912	85.7359471446696	49965.8611498483
