Frequency (Hz)	Z' (Ω)	-Z'' (Ω)	Z (Ω)	-Phase (°)	Time (s)
10000	119.100092869061	48.7591391474907	128.694544452448	22.2640118966165	11235.5960366328
7943.3	119.125095587796	58.7400785652343	132.820123583181	26.2477105870638	11236.7630576299
6309.6	120.266993795376	71.6251017345125	139.97965921896	30.7759461717915	11237.9950786268
5011.9	119.223630329514	88.8092770406224	148.665267353967	36.6823007231524	11239.2271036237
3981.1	119.824895531593	111.12167830582	163.419805955885	42.8418309032179	11240.4591256206
3162.3	120.586681332051	138.501217177662	183.64023217795	48.9553997014086	11241.6711476175
2511.9	121.785066225192	174.632196360534	212.903749053835	55.1088377656015	11242.8831686144
1995.3	121.156991283054	217.178410802548	248.687512061788	60.844229166884	11244.1451916113
1584.9	125.959557254922	269.930096719317	297.872568691304	64.9844697931427	11245.3372146083
1258.9	127.742294679461	343.816998221113	366.780891154039	69.6178774139318	11246.5442376052
1000	133.518260259015	430.026570535514	450.277666766995	72.7510376880031	11250.4473105954
794.33	139.79300379477	539.071700365633	556.902488812054	75.4621913056112	11251.6843325922
630.96	148.94969142426	675.694325213834	691.916780907618	77.568566958704	11252.9063545891
501.19	162.594161875892	846.930692632108	862.396926941664	79.1325532501953	11254.163377586
398.11	182.332374508812	1061.32988047365	1076.8779921515	80.2519639312557	11256.924432579
316.23	211.235144257783	1326.1882762255	1342.90566689085	80.9499560779306	11258.0714505761
251.19	253.581042534023	1655.80292982964	1675.10796295792	81.2929812568604	11259.3284745729
199.53	314.338372542129	2062.33482179482	2086.15280591809	81.3337514214719	11260.5604965698
158.49	400.77590291318	2561.51465184156	2592.67788897017	81.1075670333718	11261.8275195666
125.89	521.51578694633	3169.0505625355	3211.67560378392	80.6548624278947	11263.1295445633
100	686.364024688003	3904.71824459614	3964.58322451023	80.0305021134139	11264.3365675603
79.433	903.683691932986	4784.61014441913	4869.20306098894	79.3043680383303	11265.6835915569
63.096	1179.37858806379	5834.28478280751	5952.29474916041	78.5718769740106	11267.0706165534
50.119	1514.84978602303	7084.22144942748	7244.374605081	77.9299718996322	11268.7426495492
39.811	1895.64399606081	8575.08980285062	8782.11997679114	77.5344439517627	11270.2046765455
31.623	2319.32339956097	10370.6816481528	10626.8668420698	77.3936785051441	11272.4887185397
25.119	2779.83423369487	12551.1807031824	12855.3341228752	77.5117291421374	11273.9757455359
19.953	3264.39616127865	15223.6318685056	15569.6900921486	77.897365113793	11275.7927805314
15.849	3767.61069402794	18528.2549236767	18907.4355971005	78.5059549510909	11277.6498125267
12.589	4300.79935719663	22654.1516838611	23058.7827871778	79.2505510361188	11279.5268475219
10	4857.47943153884	27790.3115805349	28211.6380979736	80.0854077419513	11281.7738915163
7.9433	5470.04990598717	34220.3422020962	34654.7726352743	80.9182203309658	11284.0209305106
6.3096	6080.31068463563	42221.4921747579	42657.0577921736	81.8051838609781	11286.3729735046
5.0119	6786.76352882891	52298.9312509461	52737.4475035286	82.6061213773298	11288.7250194987
3.9811	7588.78505689271	64956.7372159321	65398.5272646057	83.3364386840899	11291.1170624927
3.1623	8477.85537570864	80766.499546058	81210.2301480227	84.0077503834095	11293.5041054866
2.5119	9634.66455135517	100544.168585089	101004.735520093	84.5263338537536	11296.0411524802
1.9953	10676.9931623983	125419.721548711	125873.367859711	85.1341365762125	11298.6382014737
1.5849	12112.4182534385	156563.413939726	157031.249311748	85.5761642259077	11302.8122824631
1.2589	13655.6120230994	195160.908088146	195638.073455847	85.997478164979	11305.4993304564
1	15670.2623099234	244221.992601833	244724.209655015	86.3287057903555	11310.5434224436
0.79433	18088.4501644499	305364.857770271	305900.128130751	86.6100152292487	11313.6804824357
0.63096	21142.9675612365	382198.515948957	382782.876668851	86.833662879608	11317.127545427
0.50119	25107.3413458794	478719.027960319	479376.97725353	86.9977632169935	11320.8346134176
0.39811	30539.059927497	599850.124302642	600627.010554096	87.0855222663786	11324.9566874072
0.31623	37568.7142935362	751456.171995564	752394.701419338	87.1379061713274	11329.6687753953
0.25119	47840.7559074481	942325.696771433	943539.324417145	87.0936566482765	11335.0308743818
0.19953	61470.34508591	1180522.54740588	1182121.85846411	87.019274711475	11341.1129893664
0.15849	81255.3649138325	1479796.37296524	1482025.5530079	86.8570547963354	11348.3351233482
0.12589	107830.112956902	1856046.37486351	1859176.02149562	86.6750434917891	11356.7772803269
0.1	147490.255515708	2323327.41699319	2328004.22293954	86.3676042741824	11366.9344673012
