Frequency (Hz)	Z' (Ω)	-Z'' (Ω)	Z (Ω)	-Phase (°)	Time (s)
10000	114.332104367317	48.5047700910981	124.195582895082	22.9888191393564	51648.4143086003
7943.3	114.148739215537	59.1363860152732	128.557562264707	27.387061009734	51649.711330597
6309.6	114.628566127336	71.9500675195169	135.338539922936	32.1156734176815	51651.0733525936
5011.9	115.310508101579	89.7253921809175	146.106670897204	37.8871925397792	51652.4453785901
3981.1	116.193114665589	112.115645314499	161.464416575223	43.9768375466017	51653.8224035866
3162.3	116.636488338517	139.100839176903	181.529925554052	50.0200619471197	51655.1894285832
2511.9	117.1488304394	174.478163007663	210.158220966604	56.1216397527313	51656.5514545797
1995.3	117.790549857309	218.279725360421	248.033570588959	61.6473163682719	51657.9134805763
1584.9	120.298419102571	275.805197136974	300.899013634713	66.4345329912983	51659.2505055729
1258.9	122.236476306914	342.561055181934	363.716692863128	70.3620135816049	51660.5975305695
1000	127.48384392286	432.256885820997	450.664116389373	73.5678352543784	51664.6956055592
794.33	133.126156143693	542.022296789254	558.13147525139	76.2007266795569	51666.0926315557
630.96	141.369580372884	679.622706359133	694.170282606306	78.2493653140738	51667.4696575522
501.19	153.570893777892	852.002681979628	865.732400639031	79.7823211390372	51668.8616825487
398.11	171.388321205298	1068.32512093366	1081.98545307388	80.8858634081075	51671.8327385412
316.23	197.562830049962	1336.80020665807	1351.32004511826	81.5932321760762	51673.1297615379
251.19	235.797251940969	1670.85955594189	1687.41577558859	81.9672749669196	51674.5367895343
199.53	290.844915712037	2084.13142309264	2104.32757756906	82.0555606388436	51675.9338145308
158.49	369.611509641307	2592.2900160101	2618.50724558191	81.8853991475905	51677.3358405273
125.89	480.537937069332	3213.82782452926	3249.55473791123	81.4960214619599	51678.7778655236
100	632.79738732678	3970.37263078588	4020.48397095439	80.9443715898017	51680.22489452
79.433	834.156739424626	4879.83933910639	4950.62111673049	80.2996517641611	51681.7119215162
63.096	1091.45895633024	5968.80618465338	6067.7780054407	79.6373540969473	51683.2339485124
50.119	1410.43027138944	7275.36137815529	7410.81619885457	79.0285109893144	51685.0409815078
39.811	1771.83180653597	8839.59048454821	9015.41723300523	78.6656776975258	51686.6680115037
31.623	2185.71165924107	10738.7799247764	10958.9565986057	78.4954803112386	51688.3800434994
25.119	2624.41221406796	13032.3339717052	13293.9560785874	78.6142262780425	51690.0120754953
19.953	3091.4243202422	15860.236177595	16158.7126942984	78.9703909790084	51691.9641104903
15.849	3577.8085756898	19363.6938573707	19691.4538317072	79.5315847983993	51693.9861484852
12.589	4094.84968487022	23721.1936476854	24072.0340231704	80.2058915835414	51695.9981864802
10	4653.75005358472	29157.1526720397	29526.207706068	80.9315562309806	51698.3402294742
7.9433	5278.48343092589	35963.547824667	36348.8536197177	81.6501355772299	51700.6972714683
6.3096	5893.34440260497	44479.7067729326	44868.4279070906	82.4525486054106	51703.0843174623
5.0119	6604.2742793316	55137.5621448613	55531.677428609	83.1697584758117	51705.561363456
3.9811	7393.29667912247	68528.5674006058	68926.2314780439	83.8423844956655	51708.0684084497
3.1623	8353.54183536957	85275.5482556644	85683.7253596003	84.4051900683985	51710.6554574431
2.5119	9646.02366563032	106261.695613066	106698.611645709	84.8131278166202	51713.2275034367
1.9953	10786.4161370751	132402.038271707	132840.680936168	85.3425618561686	51715.8995544299
1.5849	12329.844018607	165377.082840627	165836.077445165	85.7361479035926	51720.1386354192
1.2589	14054.7478460896	206564.225008871	207041.819424319	86.1075617466381	51722.9506854121
1	16357.7056522764	257955.485469053	258473.609905888	86.371566751062	51728.0397813993
0.79433	19195.8085278475	322766.129653151	323336.440130575	86.5964680257749	51731.2268373912
0.63096	22762.707306017	403959.81776891	404600.636697214	86.7748542023109	51734.7639023823
0.50119	27617.205622698	505803.35525916	506556.753224978	86.8747149198268	51738.5959733726
0.39811	33944.2820485499	633670.525906501	634579.033443757	86.9337266698534	51742.8780523618
0.31623	43138.5454988984	794165.428808555	795336.19458845	86.8907864192294	51747.7451443495
0.25119	55798.5569991388	994739.083876543	996302.827434877	86.7894344907574	51753.2872453355
0.19953	73763.5507265913	1245285.83908148	1247468.58975794	86.6100895010689	51759.6293623195
0.15849	98930.4364373404	1559273.8256723	1562409.06765175	86.3696504926023	51767.0015023009
0.12589	134411.107450113	1953300.64452028	1957919.75159589	86.0635510807969	51775.5936612792
0.1	186216.519216075	2443112.26454083	2450198.79380813	85.6412848237005	51785.8508502533
