Frequency (Hz)	Z' (Ω)	-Z'' (Ω)	Z (Ω)	-Phase (°)	Time (s)
10000	110.145776521541	48.3903805107598	120.306778742967	23.7173407982983	74561.7595617497
7943.3	111.663307415851	58.7571838317892	126.178844799315	27.753325702593	74563.1315847462
6309.6	111.206613551872	71.9508159783791	132.453126869961	32.9029169408122	74564.6036117425
5011.9	111.124259749696	89.2287064700171	142.514431420928	38.7631871945046	74566.0506387388
3981.1	112.594073565689	111.993510060397	158.807971140507	44.846787290686	74567.4876667352
3162.3	113.421463998013	140.174671810009	180.314633661543	51.0221622908266	74568.9396937315
2511.9	114.93602846249	174.737529614615	209.14945587916	56.6645272688884	74570.3817197279
1995.3	118.054095282023	219.576410002338	249.300158929697	61.7355379757972	74571.8237447242
1584.9	118.129775368201	275.046470508913	299.34128477033	66.7569490383748	74573.2307727207
1258.9	121.51761703634	344.145454721589	364.969348378353	70.5518948204135	74574.6427977171
1000	123.780658901462	432.817490534881	450.169558756467	74.0400999025476	74578.7808787067
794.33	129.33405731268	543.28896824911	558.471307590768	76.6095441307412	74580.2829027029
630.96	137.276182267542	681.343031902157	695.034587153456	78.6086200823807	74581.7599296992
501.19	148.971508992606	854.247271599442	867.139499461664	80.10771366418	74583.2319556954
398.11	166.027777257892	1070.45740873248	1083.25633472943	81.1836806644378	74586.2830146877
316.23	191.27502373986	1340.40116933114	1353.97984824405	81.8787307370808	74587.6900386842
251.19	227.894996715936	1675.46742326767	1690.89538882787	82.2542342621639	74589.1970676804
199.53	281.042468795103	2091.22514784518	2110.02547099473	82.3458066246399	74590.8090976763
158.49	357.314290840417	2602.15044452158	2626.56818650547	82.1813267312164	74592.3111266725
125.89	464.23383726855	3229.86098298273	3263.05302210357	81.8207899763187	74593.8381526687
100	611.673530603928	3991.27071297724	4037.86904348214	81.2870496574653	74595.3501806648
79.433	807.11056838624	4914.92895686301	4980.75838809827	80.6743430100735	74596.9222126609
63.096	1055.46358725998	6017.59726093128	6109.45825575389	80.0517309097216	74598.5492426568
50.119	1360.67699042991	7348.07743461953	7472.9969796227	79.5091116979853	74600.426274652
39.811	1721.24827728753	8932.90202218176	9097.2212334297	79.0935527123648	74602.1033056478
31.623	2126.55191966393	10865.7911049503	11071.9302474069	78.926566082102	74603.8753406433
25.119	2558.27475008051	13212.9263153559	13458.313100531	79.0420327850023	74605.6173726389
19.953	3022.59152356722	16093.3308645539	16374.7170306648	79.3628328297727	74607.6694116337
15.849	3510.79441769437	19678.1595852306	19988.8879656953	79.8842525396587	74609.7814496284
12.589	4020.17121315267	24115.5666793315	24448.3605349795	80.5355739536565	74611.8984876231
10	4565.37005478657	29665.2608876729	30014.5016162327	81.2510382615226	74614.3355336169
7.9433	5133.53295101937	36626.282455193	36984.290273666	82.0214091334116	74616.7725766108
6.3096	5783.06883453395	45288.9496436212	45656.6845595189	82.7231268165991	74619.3196266043
5.0119	6522.60269566673	56209.2254442029	56586.406238272	83.3809160484302	74621.9316745977
3.9811	7336.56880841874	69889.5701939306	70273.5886643981	84.0073958526804	74624.5387215911
3.1623	8312.1585852951	86996.065306649	87392.2614376458	84.5421641806277	74627.2557745843
2.5119	9487.5171219097	108337.51571659	108752.150750139	84.995164803269	74629.9328215775
1.9953	10722.6718134344	135087.551242119	135512.442939424	85.4616215733647	74632.7448745704
1.5849	12324.3675779072	168841.773987547	169290.976367487	85.8251793076809	74637.1239555594
1.2589	14303.9023074087	210940.565881241	211424.984227309	86.1207057342351	74640.0010075521
1	16552.4598044565	263350.0422468	263869.71913611	86.4034934383023	74645.2301075389
0.79433	19513.1674086432	329318.687240905	329896.288958198	86.6090097654234	74648.5271645306
0.63096	23322.0989818196	412328.894985538	412987.939219673	86.7626921609039	74652.1742345214
0.50119	28502.2674945707	516044.794546215	516831.316031234	86.8386425268338	74656.1163055114
0.39811	35418.8673334405	646369.340682521	647339.03075401	86.8635206244907	74660.4733865004
0.31623	45059.7067181753	809787.449176503	811040.128485216	86.8151254879006	74665.4304794879
0.25119	58789.3927885301	1014235.15712474	1015937.57025335	86.6826044021517	74670.9875834739
0.19953	78070.2999375681	1270142.65424766	1272539.71799376	86.482695681378	74677.3297014579
0.15849	105051.661517264	1589540.56934818	1593008.18365483	86.2188593601664	74684.7668364391
0.12589	144887.984755508	1990596.3432676	1995862.30235376	85.8369980211748	74693.5790014168
0.1	201317.535643365	2490278.56633445	2498402.7073517	85.3781814606631	74703.9361933907
