Frequency (Hz)	Z' (Ω)	-Z'' (Ω)	Z (Ω)	-Phase (°)	Time (s)
10000	118.186186824856	47.5533764281187	127.394263473338	21.9178744306173	13656.9788705194
7943.3	119.084137709919	58.093575329569	132.498661686401	26.0048040822041	13658.1308905165
6309.6	118.912847320637	72.7443916424385	139.398750974783	31.4560199508806	13659.3879135134
5011.9	119.352799802278	89.7318942932216	149.32147760484	36.9365996765085	13660.6249345102
3981.1	119.309726537908	110.642224149564	162.716049028093	42.8413911260522	13661.8619575071
3162.3	120.523336364347	140.335543375639	184.986322042818	49.3432705680397	13663.103984504
2511.9	122.212184632783	174.262730841931	212.845759725687	54.9576391095273	13664.3560055008
1995.3	122.830138295223	217.007842478183	249.358470019888	60.4893991737075	13665.5930284977
1584.9	124.710418714153	274.036863713552	301.07954299457	65.530369116354	13666.7250494948
1258.9	128.302464655692	343.17672688914	366.376566274466	69.5008870745315	13667.9470754918
1000	132.958126547333	430.012351745911	450.098307116374	72.81859703416	13671.7401444822
794.33	139.099779154414	538.955736533881	556.616595605615	75.5282678761128	13672.987164479
630.96	148.427943660999	676.013277131812	692.116179060947	77.6164303941589	13674.2491874758
501.19	161.924761429915	847.226902842313	862.561912713466	79.17993045147	13675.5012094727
398.11	181.53844287512	1061.38057361479	1076.79381883831	80.2940554976518	13678.1972624659
316.23	210.403497619198	1327.06104826756	1343.63710042533	80.9908320645418	13679.3592834629
251.19	252.462650549509	1656.38874736135	1675.5181503964	81.3338174430294	13680.6213044598
199.53	313.022214270407	2063.17844956813	2086.78897385172	81.3729660191633	13681.8683304566
158.49	399.19892738333	2562.70418304351	2593.60993856299	81.1460475429026	13683.1603524533
125.89	519.904527424777	3171.06140809301	3213.39869476752	80.6890323420487	13684.5223794499
100	685.385467580964	3908.25709546429	3967.89954048967	80.0532656413135	13685.8394044466
79.433	900.615971271204	4787.09410852122	4871.07576737905	79.3452475872811	13687.1864264432
63.096	1174.68590451553	5843.06942801404	5959.9788015445	78.6328282099557	13688.5734534397
50.119	1504.33115933455	7093.30700777841	7251.07002748857	78.0262616108858	13690.2204854355
39.811	1892.11743240758	8580.92320696692	8787.055904106	77.5651070357205	13691.6875124318
31.623	2320.45557504637	10390.3423156678	10646.3011188168	77.4108251891217	13693.2545394279
25.119	2774.02094908403	12565.8646032282	12868.4165868463	77.5511375828977	13694.7565684241
19.953	3259.8783630728	15252.7240353667	15597.1919729509	77.9359987924521	13696.5886004194
15.849	3770.15264131903	18565.3216842171	18944.2661556817	78.520760121175	13698.4556354147
12.589	4279.13028653861	22681.0445889919	23081.1771722547	79.3158488841521	13700.4726724096
10	4856.09321078533	27854.8252624843	28274.9523726454	80.1106837512145	13702.689713404
7.9433	5452.71587318685	34279.4834006852	34710.4464478859	80.9618837811529	13704.9467563983
6.3096	6106.51030920733	42373.3235168661	42811.073497653	81.7994421703438	13707.3087983924
5.0119	6768.61558098468	52430.7794365287	52865.8754699576	82.6440157819194	13709.6808433864
3.9811	7555.55623646005	65125.4516990552	65562.2672659227	83.382390676229	13712.0228893805
3.1623	8455.16951608483	80988.7725948109	81428.9332974449	84.0399525848005	13714.4949313742
2.5119	9571.13575599987	100809.758347396	101263.093068107	84.5764495886465	13716.9319793681
1.9953	10676.7219608357	125707.988550244	126160.57536797	85.1453640543336	13719.5390283615
1.5849	12071.5380039046	156853.309495188	157317.14060894	85.59915259289	13723.5531013514
1.2589	13493.5619363013	195928.031549671	196392.132634323	86.0602610996938	13726.2401503446
1	15687.9403668211	244943.051955072	245444.922893137	86.335365575631	13731.1892463321
0.79433	18123.65330389	306522.812944917	307058.140528377	86.6162345679923	13734.3163013242
0.63096	21197.0090720919	383527.518720568	384112.836038524	86.8365638648325	13737.7083643156
0.50119	25340.7920752947	480384.095956951	481052.009029565	86.9803830959008	13741.4354323062
0.39811	30614.6815547358	601966.579077484	602744.573640399	87.0885724884433	13745.5825112957
0.31623	38035.5198104508	754239.929840444	755198.366346862	87.1130801631401	13750.3245982838
0.25119	47926.8784611198	945231.884343824	946446.142608867	87.0973701668597	13755.7166952702
0.19953	62321.6011126202	1184894.71514174	1186532.53977127	86.9892030205944	13761.9238132545
0.15849	81939.7172219392	1485090.78669842	1487349.57625803	86.8419138954104	13769.1359462363
0.12589	108323.073472217	1861474.84492188	1864623.95311317	86.66959589813	13777.5881032149
0.1	149966.142980207	2331447.38437053	2336265.55642302	86.319622677688	13787.7152901894
