Frequency (Hz)	Z' (Ω)	-Z'' (Ω)	Z (Ω)	-Phase (°)	Time (s)
10000	111.738415312463	48.9626716465122	121.995150195837	23.6625586732995	59061.0645548851
7943.3	112.833238717157	58.6013479462475	127.143453392301	27.4456705047591	59062.3615788819
6309.6	114.117253989731	72.4441957018928	135.169926940318	32.4082974500704	59063.7836058783
5011.9	114.25148923772	90.4559014089237	145.724647512827	38.3695833962829	59065.1906318747
3981.1	115.909330954748	111.985332162141	161.16974784941	44.013551472616	59066.5726558712
3162.3	115.46998483756	140.006772222932	181.480615126438	50.4860390339798	59067.9746828677
2511.9	116.932209190516	174.058010997455	209.688656675951	56.1067857396022	59069.3767068642
1995.3	117.420204436138	218.007409395696	247.618123248778	61.6928064881022	59070.7887338606
1584.9	118.311548564151	275.155038753129	299.512800853125	66.7331946360274	59072.1557608571
1258.9	121.768999210445	342.751930639923	363.73970793152	70.4414714989261	59073.5327858537
1000	125.913162791992	432.420761781735	450.37966182342	73.7653883534083	59077.5658598435
794.33	131.417431047152	542.161367398638	557.861532535265	76.3745650194902	59078.9928858399
630.96	139.634349279666	680.217332174275	694.401447643252	78.399532536458	59080.3849128364
501.19	151.662826868599	852.8012309502	866.182170541481	79.9159034810981	59081.8069398328
398.11	169.147271988525	1069.37824311792	1082.67290835004	81.011792049228	59084.8079968252
316.23	194.994892932324	1338.3001181822	1352.43122361034	81.7101441169243	59086.1350168218
251.19	232.400451189335	1672.19040905585	1688.2626376993	82.0877350955428	59087.6170448181
199.53	286.851914389759	2086.68660450235	2106.31075727173	82.1727423383263	59088.9640728147
158.49	364.562776471875	2596.21045144802	2621.681659965	82.006726464522	59090.4110968111
125.89	473.563225913632	3220.14437297446	3254.77985610959	81.6338947301021	59091.8981238073
100	623.018342835225	3977.08951379553	4025.59223670897	81.0968678645422	59093.4101518035
79.433	823.59337042403	4892.63689744433	4961.47174234018	80.4447966802866	59094.9171797997
63.096	1075.45685219644	5989.30359146574	6085.09366827502	79.8202849429827	59096.4792117957
50.119	1388.93187362098	7301.55992614275	7432.49010121198	79.2296468074033	59098.3262457911
39.811	1753.37320456595	8883.28860128263	9054.67470250411	78.8345452128016	59099.9632737869
31.623	2157.92939184052	10786.622374105	11000.3582442442	78.6869779780448	59101.6753067826
25.119	2594.15566777634	13109.7811493975	13363.9816452191	78.806943157498	59103.9473507769
19.953	3061.25343922343	15958.5230056991	16249.4839654244	79.1411114391946	59106.1343877714
15.849	3553.07486563466	19495.1343092649	19816.2711612726	79.6709592760302	59108.1814247662
12.589	4070.4480062514	23883.1799784328	24227.5634939589	80.3279234611491	59110.238463761
10	4614.62831177384	29356.3562931183	29716.8378072824	81.0665783798	59112.6505077549
7.9433	5234.75561108737	36222.0444511517	36598.3492869422	81.7766343187535	59115.0675537488
6.3096	5832.71199878119	44849.113685831	45226.8009886319	82.5901642240051	59117.5745987425
5.0119	6570.35534447069	55562.5080292111	55949.6368875506	83.2560009361356	59120.0616457362
3.9811	7373.62087373298	69054.1557592404	69446.7185143473	83.9050365850648	59122.6286927297
3.1623	8334.74803210016	85955.9980902201	86359.143305411	84.4616127809642	59125.1657397233
2.5119	9581.35627892829	107066.874463969	107494.734734438	84.8862537796833	59127.8227907166
1.9953	10823.1430307469	133576.441597389	134014.201392556	85.3676811469046	59130.6148407095
1.5849	12343.4313299972	166828.860391952	167284.873663687	85.7684766610983	59136.1909496955
1.2589	14080.8556405145	208443.740077148	208918.79588232	86.1354091910367	59139.0379986883
1	16391.4639511639	260030.211260508	260546.331501034	86.3930318108375	59144.1220926754
0.79433	19289.8955785729	325330.548760417	325901.92700901	86.6067216250062	59147.4241526671
0.63096	22983.4333014145	407124.764597488	407772.990958058	86.7689082167111	59151.036221658
0.50119	27869.8746210426	509933.248886386	510694.280593799	86.8716707493346	59154.9032936482
0.39811	34607.1935436785	638537.042491538	639474.168734602	86.8977397487204	59159.2203726373
0.31623	43906.7476688629	800801.753785182	802004.520782945	86.86170138922	59164.1274616249
0.25119	56792.4403731761	1002204.37120555	1003812.22494402	86.7566587463221	59169.7045676109
0.19953	75132.5749334247	1255398.04946838	1257644.29248701	86.5750696063212	59176.0216835949
0.15849	101217.677685437	1571643.57315312	1574899.53308443	86.3151010794826	59183.4788225761
0.12589	138372.557954193	1968063.84967022	1972922.26942005	85.9782106247179	59192.0659805544
0.1	191916.000831626	2462054.2477751	2469522.80215483	85.5428330948387	59202.4231715283
