Frequency (Hz)	Z' (Ω)	-Z'' (Ω)	Z (Ω)	-Phase (°)	Time (s)
10000	119.502212971903	47.8582042298922	128.729121092674	21.8250967973848	5578.12628391658
7943.3	120.332423726091	58.3585823382675	133.737116509696	25.8723663474194	5579.25330491374
6309.6	120.121587825375	72.5347188558879	140.322775418647	31.1254333274	5580.47532591065
5011.9	120.125492832066	89.0291878092968	149.520334102522	36.5434327326703	5581.67234990763
3981.1	120.733101835977	112.006468801266	164.687373323717	42.8526852016942	5582.88937390456
3162.3	123.025226828619	138.589005524296	185.316267198664	48.4045893963941	5584.09139490152
2511.9	122.587584768485	173.402613197072	212.358616973609	54.7414655490911	5585.30841589845
1995.3	124.459595640038	216.758865909605	249.949188631009	60.1362224922491	5586.51043889542
1584.9	125.604414008799	273.363748206925	300.839172403185	65.3222967906933	5587.67745789247
1258.9	126.611533309601	340.996347438963	363.743026508718	69.6300991930632	5588.86448288947
1000	134.423293419225	429.670070057248	450.206609143704	72.6275848650051	5592.66755487987
794.33	140.772071282133	538.609093181366	556.701474140958	75.3527003939033	5593.87957587681
630.96	150.14230248131	675.405786978647	691.892829908386	77.46697838764	5595.08659687376
501.19	163.772748829358	845.761880194744	861.472385657064	79.0409159238024	5596.2986208707
398.11	183.777196343397	1059.59658300793	1075.41572269422	80.1604626975482	5599.05967086373
316.23	213.247648655951	1325.05979133137	1342.10953735544	80.8575321356259	5600.1816928609
251.19	256.049875123717	1653.75331725085	1673.45796865923	81.1988044305885	5601.41371285779
199.53	317.772015557632	2060.00904043456	2084.37431872101	81.2308110518422	5602.62073785474
158.49	405.017182718048	2557.15024316176	2589.02612663509	80.9999044240179	5603.85775885162
125.89	527.795127160402	3162.74941420952	3206.48585734241	80.5258646837209	5605.13978384838
100	693.316148737869	3894.52832072095	3955.76011949641	79.9057752334931	5606.39180484522
79.433	913.377160757195	4773.06071541743	4859.66731689054	79.1667950724363	5607.69882884192
63.096	1193.81749949669	5819.34751918917	5940.53918185864	78.4068307590397	5609.06085383848
50.119	1529.67651895827	7064.3700834737	7228.0865330273	77.7821363219612	5610.70288483434
39.811	1914.10319260397	8538.93994456535	8750.84489685599	77.3653420030359	5612.12491483075
31.623	2349.02867680102	10324.7683349873	10588.6154380821	77.1825932000868	5614.36395682509
25.119	2807.56033516173	12496.9829688392	12808.4729128429	77.3382114967418	5615.73097882164
19.953	3295.89619628933	15144.2517275401	15498.7513085351	77.7219774858998	5617.50301281717
15.849	3812.18349058266	18420.9658052618	18811.2924639562	78.3077997354253	5619.34004781253
12.589	4350.35691191945	22493.7134304298	22910.537949847	79.0539539578406	5621.2120818078
10	4910.85242991999	27604.8066253856	28038.2207069811	79.9126997261837	5623.38912180231
7.9433	5497.2955185299	33954.0742330959	34396.2122194383	80.8033947310055	5625.58116279677
6.3096	6181.94475618802	41921.141337436	42374.5033245446	81.6112772615439	5627.89820379092
5.0119	6860.81533183004	51916.9189271346	52368.2848478365	82.4719886264608	5630.22024778506
3.9811	7673.46453276297	64436.2240397527	64891.5173688887	83.2088462653135	5632.51728877926
3.1623	8579.58980339095	80054.8014477411	80513.2324281649	83.8828763196937	5634.85933477335
2.5119	9734.69229598029	99680.6439223625	100154.855133809	84.4222500399229	5637.33137776711
1.9953	10749.9833715784	124354.752750067	124818.534977861	85.0592860939506	5639.91342876059
1.5849	12294.8616923283	155084.910828884	155571.505073508	85.4671708424468	5643.8675027506
1.2589	13696.3518583774	193941.211847875	194424.236419359	85.9604127288853	5646.5245487439
1	15819.5635056292	242037.407026477	242553.839362746	86.2604671400828	5651.40864073156
0.79433	18233.4859461337	302701.306864573	303249.964859468	86.5529021808529	5654.40069572401
0.63096	21288.5423657964	378943.962764017	379541.471978171	86.7845829753732	5657.76275871552
0.50119	25254.2503258463	474231.053592274	474903.010467147	86.9517043156772	5661.4548247062
0.39811	30391.5743386361	594357.121308289	595133.628221979	87.0728142627751	5665.52190369593
0.31623	37587.6081387546	744965.484712565	745913.132810127	87.1115620593782	5670.21898868407
0.25119	47443.9224380311	933273.198042261	934478.35071784	87.0898141294948	5675.5160846707
0.19953	60576.8564122834	1170040.33593154	1171607.4185663	87.0362542635991	5681.65819865519
0.15849	79930.9464894028	1466496.68627502	1468673.37657571	86.8801982815303	5688.76533263725
0.12589	107369.463792289	1839365.29044325	1842496.36999437	86.6592584232417	5697.16748661603
0.1	145577.348810124	2306505.34024952	2311094.90265678	86.3885111542172	5707.28467559049
