Frequency (Hz)	Z' (Ω)	-Z'' (Ω)	Z (Ω)	-Phase (°)	Time (s)
10000	116.551365015984	48.3129563901896	126.167992938976	22.5150201857287	32993.7509056988
7943.3	116.498318632284	58.7666331434784	130.481322093123	26.7682908920616	32994.9729236957
6309.6	116.375910209948	72.7358531911309	137.236499578777	32.005705136942	32996.2699486924
5011.9	118.58647201014	89.4575748157957	148.544299909944	37.0296520395353	32997.5519706892
3981.1	118.691424537571	111.848680386171	163.088263105859	43.2998824076717	32998.833994686
3162.3	117.69801735156	138.84217451294	182.016407809762	49.7116939393463	33000.1460196826
2511.9	117.844867651389	174.686280850969	210.719504434965	55.9960588855747	33001.4580456793
1995.3	117.640829688985	218.518286837384	248.172533718496	61.7038917563187	33002.785067676
1584.9	121.177493306697	275.143689924434	300.646029392253	66.2305726753081	33004.0570906728
1258.9	125.820287682438	345.917844865388	368.089527409849	70.0122151975627	33005.3341156695
1000	130.006646888649	431.250987429715	450.421072324923	73.2238318380688	33009.3021916595
794.33	135.855089170468	540.66652011398	557.473668638866	75.8951110310449	33010.5492126564
630.96	144.588227099207	678.344607743923	693.582844562168	77.9675470281091	33011.876237653
501.19	157.22083081462	849.815826294307	864.236847318092	79.5184622315488	33013.2232606496
398.11	175.864943461638	1065.25495203958	1079.67429865845	80.6254901267012	33016.0793166424
316.23	203.224766529491	1332.64675427474	1348.05329175443	81.3293608783544	33017.3163366393
251.19	242.974471036554	1664.34880567563	1681.99094543621	81.6941942763664	33018.6633626359
199.53	300.392374308736	2075.39009688995	2097.01684132764	81.7641923221349	33019.9603876326
158.49	382.607824042	2579.44343025643	2607.66507759551	81.5628578431851	33021.3124116292
125.89	497.912504305704	3195.65013372663	3234.20726595111	81.1439823395504	33022.6994366257
100	655.344394572356	3942.46593789653	3996.56276654975	80.5621882003619	33024.0764636222
79.433	863.770215235531	4841.79259896668	4918.23693574603	79.8849112789343	33025.4884896187
63.096	1126.76435673955	5914.39057390917	6020.76521518356	79.2137037371466	33026.950514615
50.119	1448.13653187421	7193.90762486033	7338.21547312235	78.6184433352022	33028.5875466108
39.811	1827.25352179567	8732.75116301392	8921.871906054	78.1818531926695	33030.114574607
31.623	2247.76189970372	10584.7340230392	10820.7683597905	78.01083903249	33031.7266036029
25.119	2693.39715017987	12837.3396191699	13116.8470566102	78.1506693686355	33033.288634599
19.953	3167.04746640733	15596.6747522775	15914.9757455928	78.5216322993009	33035.1656665942
15.849	3665.04672544845	19030.2850558237	19379.9978536022	79.098863599171	33037.1127025893
12.589	4185.29221808815	23285.3519974515	23658.4929485377	79.8104967241817	33039.0547415844
10	4749.78206918265	28587.4132862978	28979.3137963328	80.5665154168994	33041.3367835786
7.9433	5326.41612308708	35220.4013077888	35620.8840007933	81.4002684180681	33043.6588265728
6.3096	5977.0182141575	43498.310151455	43907.0351169894	82.1760938369174	33046.0558705667
5.0119	6693.08470872874	53977.2373164363	54390.6198827803	82.9315018115249	33048.4629155607
3.9811	7497.62576469568	67051.0167129149	67468.905685086	83.6197063329497	33050.8749595546
3.1623	8464.68472070603	83447.3141505858	83875.5335384968	84.2078728121924	33053.4470055481
2.5119	9559.93830382822	103753.618173905	104193.117356903	84.7355873089285	33056.0490555415
1.9953	10815.8199799228	129537.583128494	129988.335648279	85.2271245863076	33058.611102535
1.5849	12227.8612811433	161746.468701473	162208.016845369	85.6767235233639	33064.2322065208
1.2589	13727.6515218552	202195.591779791	202661.061261125	86.1159819608367	33066.9842585139
1	16062.0246694787	252383.200255165	252893.788787945	86.3585263332543	33072.0483525011
0.79433	18686.404366384	315645.299943709	316197.939722412	86.6120073668856	33075.1254064933
0.63096	22046.8607978841	394978.374047869	395593.200189967	86.8051854927841	33078.6574714844
0.50119	26342.9371980371	494584.077465486	495285.130023712	86.9511467921771	33082.4345444749
0.39811	32315.6506012495	619613.838795013	620455.969831924	87.0144722169956	33086.6116214643
0.31623	40355.3627949514	776480.899394297	777528.86919425	87.0248933153227	33091.4087084522
0.25119	51830.4977914623	972985.011829539	974364.528165018	86.9507602353015	33096.8608094385
0.19953	67323.8256074883	1219046.20939264	1220903.8283702	86.838957734193	33103.0529254228
0.15849	90233.3709558274	1527325.37979942	1529988.52185678	86.618933396057	33110.3350584044
0.12589	120870.258783705	1914062.81479212	1917875.40743093	86.3866535064137	33118.847219383
0.1	166128.578628463	2393612.69078539	2399370.83797523	86.0297558435809	33128.9994043573
