Frequency (Hz)	Z' (Ω)	-Z'' (Ω)	Z (Ω)	-Phase (°)	Time (s)
10000	115.041813203674	48.3120334855175	124.774482025351	22.7800653196519	36371.1984381716
7943.3	115.849996633358	58.7814443829482	129.909506671739	26.9029053038853	36372.4104581685
6309.6	116.499460810752	72.2983107975836	137.110065689503	31.8232927299778	36373.7224821652
5011.9	116.411182413943	88.4528857684609	146.20354438857	37.228714602638	36375.0545071618
3981.1	117.523890514206	111.433270565406	161.954433809321	43.4762016777805	36376.3565311585
3162.3	119.072334052577	138.840575118428	182.906878044387	49.382977889582	36377.6685581552
2511.9	120.024057099223	172.292801208445	209.977578876437	55.137835533156	36378.9855821519
1995.3	120.778906655655	217.43291322157	248.725985865881	60.9488506244182	36380.2826051486
1584.9	121.309893318405	273.795808332008	299.466583907287	66.1034474031689	36381.5296291455
1258.9	124.974468080541	341.618356706462	363.760524673634	69.9059311028624	36382.8116531422
1000	129.393923459248	431.158944548427	450.156442686641	73.2951185506154	36386.7947291322
794.33	135.273341915391	540.802407171203	557.464008376438	75.9565035707825	36388.0217481291
630.96	143.858885932742	678.277975562557	693.365986471106	78.0253436469046	36389.3337731258
501.19	156.345499831711	850.232001376529	864.487346051037	79.5805265014801	36390.6707971224
398.11	174.917148277713	1066.27086160131	1080.52281746458	80.6838513564851	36393.4868521153
316.23	201.91420694701	1333.19343590966	1348.39685720475	81.3879143938559	36394.7088761122
251.19	241.40132066798	1665.84906535573	1683.24915154198	81.7545577424385	36396.1208971086
199.53	298.09122600545	2075.95259416447	2097.24522939966	81.8286116152875	36397.4529221053
158.49	379.36986142795	2581.76990141722	2609.49368951598	81.6406782033528	36398.7999461019
125.89	493.297117199421	3199.10765224203	3236.91702341452	81.2341260773785	36400.1869750984
100	649.583191516718	3948.57068235967	4001.64575597233	80.6578938118253	36401.5589980949
79.433	856.217884960221	4848.42331606112	4923.44571598499	79.9849862339058	36402.9610250914
63.096	1116.48982658635	5926.49507142319	6030.7456723422	79.3311153653579	36404.4430530876
50.119	1434.96923779998	7216.74489559302	7358.02579510973	78.7540521112397	36406.0800830835
39.811	1810.99891070389	8759.22350776928	8944.47949931289	78.318498429475	36407.6071110796
31.623	2223.10692349821	10620.8982286973	10851.0683150393	78.1778489687421	36409.2391400755
25.119	2676.55248702745	12888.8714392485	13163.849748204	78.268479692344	36410.8111710715
19.953	3145.95779786318	15656.508620123	15969.4493529965	78.6385050546569	36412.6832060668
15.849	3641.39104263103	19085.6497902482	19429.9191105201	79.198237038165	36414.6302400619
12.589	4165.12461721031	23387.3508588034	23755.3455725162	79.9018926782797	36416.6772780567
10	4718.01041199346	28737.054847785	29121.7778230018	80.6764344670228	36419.0093210508
7.9433	5312.00836365923	35384.0103422076	35780.5201297164	81.4622557808081	36421.321366045
6.3096	5947.63173216327	43771.6434875843	44173.8734641373	82.2621162624112	36423.6434060391
5.0119	6659.26466073582	54257.201530914	54664.3368549179	83.0027901583467	36426.085454033
3.9811	7481.87850600489	67407.4411219623	67821.395035707	83.6663886344701	36428.4774980269
3.1623	8385.5677161995	83898.22339348	84316.2477492045	84.2922836764311	36430.9945430206
2.5119	9544.39231822087	104495.950050961	104930.924906707	84.7812307433783	36433.591592014
1.9953	10768.0831885073	130398.229584668	130842.079983354	85.2793145420501	36436.2486420073
1.5849	12223.5375396159	162649.236284861	163107.905798679	85.7021437426769	36441.7747449934
1.2589	13921.4991685745	203383.38208437	203859.285408288	86.0842381219906	36444.6167949862
1	16065.8512529329	253823.45406134	254331.392887529	86.3782734507103	36449.6108889736
0.79433	18704.8368089614	317536.005629635	318086.443897368	86.62881949279	36452.7579479656
0.63096	22088.7625672003	397389.56299156	398002.987685235	86.8185076214424	36456.2500109568
0.50119	26647.5898449509	497829.845343282	498542.524724883	86.9360239027233	36460.0420819472
0.39811	32674.6265338243	623323.954638276	624179.768692501	86.9993031132606	36464.2341579367
0.31623	40865.2379651674	781241.658414179	782309.719047185	87.0056976970043	36469.0262489246
0.25119	52379.5994271134	979212.985263693	980612.916978549	86.9380793477063	36474.78835591
0.19953	69119.0300161272	1226389.91165329	1228336.13303336	86.7742367079351	36480.9654678944
0.15849	91362.6841834866	1537023.95374021	1539736.91727918	86.5982676845609	36488.267602876
0.12589	122985.889572041	1924530.94119076	1928456.60377267	86.3435227182848	36496.7897608545
0.1	172373.091867935	2408702.59684868	2414862.45630382	85.9067413124485	36506.9669508288
