Frequency (Hz)	Z' (Ω)	-Z'' (Ω)	Z (Ω)	-Phase (°)	Time (s)
10000	112.679109680465	48.5483046355562	122.692785612557	23.30901265921	58431.769903474
7943.3	112.858591481613	59.196243969508	127.441190245976	27.6777718082229	58433.0819284707
6309.6	113.123938728416	72.0319265160063	134.110491577049	32.4870390403871	58434.4739514671
5011.9	113.591656453274	89.1229572368472	144.381321238031	38.1174009486883	58435.8809774636
3981.1	114.30351808152	111.689856448034	159.812134330266	44.3373916165459	58437.2680054601
3162.3	115.298895738386	139.727083676666	181.155991541205	50.471500860069	58438.6450284566
2511.9	115.266876003757	174.171012220303	208.858790098743	56.5032946114822	58440.0320564531
1995.3	117.943395466102	218.916425634277	248.666535638717	61.6859926619453	58441.4140804496
1584.9	118.68475017077	273.740341584897	298.361935464486	66.5600416106663	58442.7761054462
1258.9	119.833023541296	345.912042136612	366.08072118888	70.8925698475356	58444.1431324427
1000	126.034444324149	432.179258952285	450.181733330711	73.7419749558001	58448.2512074324
794.33	131.716146105466	542.425253929775	558.188408376292	76.351147014008	58449.6882354287
630.96	139.870644144814	680.074721297653	694.309314096797	78.3780648345874	58451.0552604253
501.19	151.869479361751	852.546972589656	865.968059014533	79.8994962317638	58452.4172864218
398.11	169.540304919496	1069.24556246229	1082.60333817955	80.9901495135279	58455.2983384146
316.23	195.37897342595	1338.01952912209	1352.20900883299	81.6923257234835	58456.6303634112
251.19	233.217611540401	1672.05369429878	1688.23991510414	82.0596274756974	58458.0673904076
199.53	287.620610053188	2085.43054848059	2105.17129656079	82.1473602709097	58459.499418404
158.49	365.909347060624	2595.44774541976	2621.114009247	81.9752589316627	58460.9064424004
125.89	475.822585199427	3218.3993888045	3253.38312506274	81.5900569433967	58462.3634693967
100	626.45944247092	3975.97298927855	4025.02330981245	81.0460145897845	58463.840498393
79.433	826.865510042235	4890.92154075865	4960.32459518068	80.4042361397626	58465.3325243892
63.096	1084.1156217879	5982.74967967541	6080.18095216424	79.7290593629975	58466.8795533853
50.119	1396.47604719572	7296.87369491062	7429.30084663893	79.1657362743708	58468.7365853806
39.811	1758.19113845037	8868.27923863101	9040.88561666716	78.7861705274648	58470.3636173765
31.623	2168.46111358786	10777.7955934551	10993.7755778187	78.624132518897	58472.0906483722
25.119	2606.32730382031	13093.2721741662	13350.1579856357	78.7419453353093	58473.7726793679
19.953	3071.64321316996	15926.5896683704	16220.0878694801	79.0838170788924	58475.7497153629
15.849	3574.85019399562	19449.9137221994	19775.7097903087	79.5854010002732	58477.7617553578
12.589	4084.25464640507	23837.6650502153	24185.0245206189	80.2775636274221	58479.8487923526
10	4623.1540672143	29288.699091533	29651.3313023811	81.0300023286172	58482.2658363465
7.9433	5197.1630926485	36158.486941338	36530.079141695	81.82073174181	58484.6528813404
6.3096	5862.65615464362	44709.4434748937	45092.1841677945	82.5295462342526	58487.1599283341
5.0119	6572.5510845193	55478.4833511406	55866.4527485091	83.2436448456351	58489.6869763277
3.9811	7390.98817814595	68880.831647679	69276.2273418912	83.8755335160686	58492.1840223214
3.1623	8330.50992562998	85811.6604267358	86215.0709610242	84.4551584394504	58494.731067315
2.5119	9478.29209623062	106870.795716336	107290.283801025	84.9317404033036	58497.3531163084
1.9953	10767.1899148063	133312.320137194	133746.428285107	85.3824347597305	58500.0701713015
1.5849	12353.3067189707	166400.17724311	166858.092921595	85.7542333609809	58505.7112752873
1.2589	14179.8885913842	207727.29545983	208210.707024206	86.0949312784286	58508.59832428
1	16377.1616795623	259370.44223713	259886.971068123	86.3870278246545	58513.6474212672
0.79433	19259.6733135495	324667.513740025	325238.265728795	86.6051228738089	58516.909478259
0.63096	22949.0959272091	406206.169682814	406853.921318524	86.7664448449878	58520.49654525
0.50119	27833.8076875677	508601.487421213	509362.536762823	86.8675465452466	58524.3736182402
0.39811	34578.3967515753	637143.533605863	638081.145261067	86.8935500017524	58528.6956972292
0.31623	43766.4592996356	798575.530881195	799773.956491339	86.8630052797148	58533.5177872171
0.25119	56657.5443466393	1000351.30039876	1001954.49075339	86.7583650727122	58539.0498902031
0.19953	74631.361267897	1253231.4811015	1255451.70568547	86.5919959515778	58545.3420061872
0.15849	100553.617359621	1569486.58163023	1572704.40957017	86.3341932727921	58552.7341431686
0.12589	138035.53013993	1962587.17302234	1967435.44221731	85.9768152863887	58561.3613041468
0.1	188892.557504526	2457942.98303766	2465190.48070219	85.6054653978104	58571.6534931208
