Frequency (Hz)	Z' (Ω)	-Z'' (Ω)	Z (Ω)	-Phase (°)	Time (s)
10000	109.417036698639	48.8635369185875	119.832104046059	24.0646169254763	82630.7549663774
7943.3	111.232193078841	59.5067293612681	126.149322694986	28.145782446339	82632.1619883738
6309.6	110.928626865396	73.085449540438	132.840668444457	33.3789341894806	82633.6540153701
5011.9	111.468647967177	89.7348384081301	143.099967518388	38.8348686297571	82635.1210443664
3981.1	113.08973240231	111.328038823723	158.69221721043	44.5502337760604	82636.6030713626
3162.3	113.375003340485	139.887329727217	180.062090404022	50.9761423310772	82638.0650983589
2511.9	113.606132382239	173.76887240391	207.610149875619	56.8242547315924	82639.5321263552
1995.3	113.140457204724	218.432663144682	245.995104392287	62.617428041907	82640.9991503515
1584.9	116.687002928289	274.049621210246	297.857434921249	66.9362837512367	82642.4761823478
1258.9	120.648217798229	345.415950993454	365.879996253691	70.746515714672	82643.9582073441
1000	123.611699354954	433.117680458382	450.411786416684	74.07126428752	82648.1012843336
794.33	129.040559634257	543.416913577459	558.527893656864	76.6418732506848	82649.5683093299
630.96	137.026243998823	681.597465464729	695.234706032695	78.6329537380538	82651.0003353263
501.19	148.674680716976	854.745014232539	867.578930150841	80.1326722492607	82652.5173673224
398.11	165.492116797081	1071.66371037923	1084.36651961676	81.2214185376229	82655.5884253147
316.23	190.362225828323	1341.44666798448	1354.88631998001	81.9231900763915	82656.9554463112
251.19	226.519255544378	1676.52847254875	1691.76200820299	82.3052453376442	82658.4574763075
199.53	279.044605762547	2093.16859469791	2111.68668552766	82.4065545265514	82659.9495013037
158.49	354.474209748512	2605.44271861084	2629.44551670862	82.2523962189971	82661.4465302999
125.89	460.529696503925	3233.78191696382	3266.40981627293	81.8948879018292	82662.9685592961
100	606.855058243741	3999.91997358873	4045.69312440156	81.3730578338754	82664.5355892921
79.433	800.868740965693	4921.76290595001	4986.49584805216	80.7578392891169	82666.0726152882
63.096	1052.77769566949	6030.45057471672	6121.65623100484	80.0972746494738	82667.6946452841
50.119	1354.46936093383	7365.19611006847	7488.70489400378	79.5796598075228	82669.4966792796
39.811	1715.84788942534	8962.20408940503	9124.97869147067	79.1616608865509	82671.2187122752
31.623	2114.26148433258	10898.2655211466	11101.4545440471	79.0210085363971	82673.0307462707
25.119	2546.97828298673	13251.4734945999	13494.0226823616	79.120235366195	82674.7627792663
19.953	3012.87268278926	16154.9000823338	16433.4475528687	79.4357600839112	82676.8148172611
15.849	3509.47861660975	19746.9452411517	20056.3777018056	79.9224661712438	82678.9268562558
12.589	4013.16313423962	24217.745710519	24548.007773369	80.5909243431109	82681.0438922504
10	4556.94310751738	29798.2463092239	30144.6713962904	81.3053158106917	82683.4659402443
7.9433	5134.84845775722	36761.9213905134	37118.8029576173	82.0484593067304	82685.9279842381
6.3096	5793.44672851157	45458.8700224092	45826.5522236879	82.7371655605119	82688.4200282318
5.0119	6519.8802692846	56460.6626312104	56835.8624767951	83.4128594067085	82691.0320772252
3.9811	7344.82607023502	70128.7303814607	70512.3059821306	84.0210113464775	82693.6691262185
3.1623	8307.74281402372	87354.2234007741	87748.3842393484	84.5672777062506	82696.4211802116
2.5119	9648.37799420673	108806.103673782	109233.050834392	84.9325529273363	82699.1382302047
1.9953	10838.2165274717	135837.002106726	136268.698088883	85.4381258534296	82701.9802811976
1.5849	12400.0300539972	169495.14561193	169948.124824458	85.8157744307706	82707.6663871832
1.2589	14305.6980376744	211942.704323115	212424.958307965	86.1385095197664	82710.5934401758
1	16683.6290340701	264413.727643154	264939.545639934	86.389612527241	82715.8125381626
0.79433	19664.5234851154	330669.434988752	331253.632009789	86.5966953889164	82719.0795961544
0.63096	23543.2825185275	413984.102333584	414653.015347399	86.7450940859844	82722.7816651451
0.50119	29057.7605936669	518096.475693012	518910.697111014	86.7898939253491	82726.753739135
0.39811	36227.119512284	649140.838059545	650150.930034562	86.8057622333843	82731.130820124
0.31623	46029.8836252682	813110.021527938	814411.84746768	86.7599633905136	82736.0779141115
0.25119	59981.0206904024	1018128.23960455	1019893.54107345	86.6284289747733	82741.6800180973
0.19953	79841.1794202314	1275137.77518598	1277634.90858596	86.4171726711102	82748.0221340813
0.15849	108570.477914364	1596134.50119008	1599822.7697354	86.1086846057401	82755.5042720624
0.12589	147708.303030156	1998909.74372876	2004359.7247894	85.773841818648	82764.2014320405
0.1	204228.728123844	2493598.93298168	2501948.24326133	85.3178575950585	82774.6186270142
