Frequency (Hz)	Z' (Ω)	-Z'' (Ω)	Z (Ω)	-Phase (°)	Time (s)
10000	117.26468335991	48.6198510261024	126.944459813339	22.5196938698587	20163.4903430921
7943.3	117.794278247606	58.946528186304	131.720101628769	26.5842664412452	20164.6673630891
6309.6	118.84720700776	72.2449393756355	139.082672820645	31.2946161407881	20165.9343870859
5011.9	118.283165001756	89.9098426593292	148.575526012389	37.2393280184876	20167.2014090827
3981.1	119.162596953983	111.909488019497	163.473111004848	43.2021362388848	20168.4734320795
3162.3	121.565199116425	138.610126239489	184.366116009269	48.7482754550746	20169.7404550763
2511.9	121.924673294416	173.140574546795	211.762330248665	54.8469967585337	20171.037481073
1995.3	122.376405722551	217.509840438644	249.572665500882	60.6368198554332	20172.3045040698
1584.9	122.4096434751	275.12626074397	301.128843133069	66.0146808416528	20173.5215270668
1258.9	127.979459688808	342.082599961763	365.238616932601	69.4882425585978	20174.7585480636
1000	132.201799889195	430.432385617556	450.27697529672	72.926329894111	20178.6316230539
794.33	138.265951470721	539.796789095862	557.223516063623	75.6328964084189	20179.9136440506
630.96	147.191432396134	676.653253730332	692.477395699434	77.7277152175752	20181.1856680474
501.19	160.335717358646	848.273095160561	863.292989797895	79.2965532576497	20182.4726930442
398.11	179.457497430284	1062.56160931206	1077.60946867025	80.4137010257057	20185.293745037
316.23	207.771401839997	1329.20229735798	1345.34296843753	81.1158255584568	20186.4707650341
251.19	248.658358246608	1659.82527662833	1678.34767794406	81.4798835784886	20187.7927910307
199.53	307.890037883362	2068.08458524067	2090.87783649306	81.5321772040452	20189.0748150275
158.49	392.069839060469	2570.09977301229	2599.83299500924	81.3263745163685	20190.3968400241
125.89	509.753244972606	3180.88948075644	3221.47578906735	80.8954814037841	20191.7338650208
100	670.939541118105	3923.69803669404	3980.64896103542	80.2964593896928	20193.0758900174
79.433	883.197525227864	4810.14156488956	4890.55208977952	79.5957209326977	20194.432913014
63.096	1155.45142546917	5872.21652491461	5984.81369067567	78.8683562902331	20195.8599380104
50.119	1484.32901330072	7141.08427040839	7293.71765129419	78.2578343324102	20197.5469730061
39.811	1861.22015860451	8652.69917542713	8850.61260587272	77.8604880365236	20199.0390000023
31.623	2283.68309206812	10475.1995627527	10721.2412688314	77.7014608232175	20200.6560279982
25.119	2737.05237243956	12691.3085658565	12983.0955015844	77.8297871757999	20202.1630559944
19.953	3215.07904522196	15404.3614202134	15736.2982950751	78.210905004795	20204.0150909898
15.849	3722.51122372415	18781.441542803	19146.7918001027	78.7891809156351	20205.922124985
12.589	4251.80223837092	22968.8442629004	23359.0588219558	79.5125927936798	20207.86916098
10	4800.45340370965	28180.185081258	28586.1362218671	80.3325468140863	20210.1212049743
7.9433	5383.45086463046	34679.0893446015	35094.4551315837	81.176050416766	20212.4032469686
6.3096	6015.97667198636	42908.0839378508	43327.7698772454	82.0188062250126	20214.6902899628
5.0119	6742.46528397775	53138.8790885903	53564.9261074582	82.7687326144245	20217.0973319567
3.9811	7534.22490235723	65978.6469331784	66407.427265422	83.4855060094061	20219.4593759508
3.1623	8409.72697559354	82079.4346033893	82509.1333890745	84.1499801356576	20221.9664239444
2.5119	9561.44944959679	102234.245165348	102680.388585677	84.6569590847374	20224.4384679382
1.9953	10731.6971350656	127448.812794155	127899.840523897	85.1868216079512	20227.0155169317
1.5849	12147.2500783125	159193.333271429	159656.108691567	85.6365001949184	20231.2245979211
1.2589	13982.6735488899	198868.195921185	199359.159580195	85.9780804859064	20233.9416449142
1	15853.1143890098	248243.943544375	248749.626617396	86.3459943017955	20238.9557399016
0.79433	18372.2974749543	310514.104766207	311057.150011485	86.6139080541551	20242.1277958935
0.63096	21635.7953494751	388638.432284984	389240.206927977	86.8135897301257	20245.5748588848
0.50119	25879.7808751746	486673.144553408	487360.762359517	86.9560537292996	20249.3319288754
0.39811	31495.0390532989	609872.969616526	610685.661002327	87.0437594382972	20253.6640108644
0.31623	39120.7672360042	764117.614751899	765118.39842162	87.0691690945055	20258.4210978524
0.25119	49660.6340523583	957557.126030467	958844.006179425	87.0311976375834	20263.7531978389
0.19953	64021.5737338648	1199180.16088034	1200887.92988869	86.944006438837	20269.9853138232
0.15849	84848.9820923753	1503383.42643491	1505775.90518685	86.7697285202115	20277.2374468049
0.12589	114925.902579511	1881936.32132574	1885442.19763131	86.5054067635539	20285.7146027835
0.1	155700.331339447	2357059.09535044	2362196.04862794	86.2207014280338	20295.8717927579
