Frequency (Hz)	Z' (Ω)	-Z'' (Ω)	Z (Ω)	-Phase (°)	Time (s)
10000	111.000335193244	48.8283925043805	121.265355017723	23.7444108105444	70596.9121507599
7943.3	111.490707951149	59.1176432615901	126.194586667785	27.9346490830224	70598.2591737565
6309.6	111.836614251436	72.5009321043861	133.280956791394	32.9543512343119	70599.6862017529
5011.9	112.644718990267	90.3777213713504	144.419407410062	38.7409580371146	70601.1282267493
3981.1	113.161858466145	111.027231056037	158.532811264679	44.4544719110254	70602.5402517457
3162.3	114.650489250726	139.181648793369	180.322672025099	50.5201064337737	70603.9722797421
2511.9	113.758972000104	176.372063822767	209.876650934835	57.1782154421465	70605.4293067384
1995.3	117.369441709479	216.96856482706	246.679841029438	61.5887675627661	70606.8513327348
1584.9	118.423005432324	275.966440062318	300.302321430077	66.7748108681051	70608.2233567314
1258.9	119.744713049523	346.022440849216	366.156149579059	70.9112821048384	70609.6303837278
1000	124.363189058544	432.663304396972	450.181894087843	73.9634217708295	70613.8234617172
794.33	129.838651983965	542.749459569282	558.063662507926	76.5463186023978	70615.1854857138
630.96	137.820585745052	680.779538365438	694.590018436896	78.5554169909777	70616.6325147101
501.19	149.685239251951	853.715597902768	866.738710888347	80.0551959610405	70618.1395397063
398.11	166.872688421323	1070.7550794376	1083.68027308906	81.1419489293073	70621.1956006986
316.23	192.049773198595	1340.02568923332	1353.7178299745	81.8440234465759	70622.5426216952
251.19	229.127531919794	1675.41076986197	1691.00581715532	82.2125950075136	70624.0496516914
199.53	282.176038354895	2089.72949388527	2108.694542658	82.3098677698159	70625.5366786877
158.49	358.805756188583	2601.36616814432	2625.99457566841	82.1467595471809	70627.0087066839
125.89	465.73647796474	3226.96409458799	3260.39993477289	81.787409692499	70628.5357356801
100	613.613684077181	3989.3749686674	4036.28968161563	81.2557501951341	70629.9277586766
79.433	810.145528034664	4909.53045884699	4975.92454755304	80.6297855250616	70631.4647876727
63.096	1058.86923920236	6012.9719228202	6105.4922332563	80.0127530833924	70633.0718166686
50.119	1371.89903928565	7337.51058107827	7464.66131190347	79.40964762209	70634.8538496641
39.811	1728.49658835743	8926.06401657333	9091.88205400447	79.0405466202723	70636.5458806599
31.623	2133.05191656404	10849.5692056039	11057.2628812897	78.8773672370098	70638.2979126554
25.119	2568.36525824267	13183.1127591239	13430.970259796	78.9755960085481	70639.9949456512
19.953	3029.02197391958	16069.3927692931	16352.3808080749	79.3252065230765	70642.031984646
15.849	3519.60548130339	19641.187929891	19954.0443529957	79.8407002104112	70644.1390216407
12.589	4033.67087011017	24079.8232673378	24415.331029388	80.4905326063155	70646.2610626353
10	4570.34034105373	29604.4576158319	29955.1651900077	81.2239523318301	70648.6881056292
7.9433	5157.65593559005	36513.149266911	36875.6218135729	81.9598916490053	70651.165151623
6.3096	5816.63480197993	45212.5846151752	45585.2064600346	82.669120162053	70653.6221996168
5.0119	6517.73887988519	56106.8847175634	56484.1874582286	83.3738507521195	70656.1842486103
3.9811	7346.7926176694	69673.5736025421	70059.8474185885	83.9806386782505	70658.7112916039
3.1623	8279.64865164256	86804.222993474	87198.1978672461	84.5514393305234	70661.3883415972
2.5119	9553.21076375061	108057.902341683	108479.371745883	84.9477156145919	70664.0303915905
1.9953	10744.964557047	134806.566546061	135234.110516798	85.4427864057131	70666.8174435834
1.5849	12363.67593157	168469.746665957	168922.810846353	85.8026956646202	70672.4485475692
1.2589	14228.2193875959	210556.64711436	211036.830603056	86.1341544781236	70675.320600562
1	16549.7201286213	262659.244622385	263180.113272143	86.3946547603388	70680.474697549
0.79433	19486.1994700576	328535.648440753	329113.026582317	86.605633164507	70683.7867565406
0.63096	23299.6181511864	411306.602098061	411966.00968459	86.7577846809423	70687.3888225315
0.50119	28354.4557904346	515085.750634003	515865.588762583	86.849160297807	70691.3808955214
0.39811	35250.7877407357	645381.781462603	646343.764478458	86.8736080014713	70695.7179785105
0.31623	44720.4935272863	808324.098020016	809560.232460313	86.8333418910846	70700.665068498
0.25119	58483.0442858361	1012129.49571039	1013817.7264952	86.6930023795754	70706.2621714838
0.19953	77161.4666669037	1268848.86858932	1271192.88200437	86.52000429653	70712.6542904677
0.15849	104879.620426564	1586488.68224609	1589951.59475871	86.2177929952297	70720.0014264492
0.12589	144228.509577958	1985713.09411983	1990944.08639068	85.8457247136952	70728.6785864273
0.1	199931.561900608	2485216.88225274	2493245.99293332	85.4005552670584	70738.9657804013
