Frequency (Hz)	Z' (Ω)	-Z'' (Ω)	Z (Ω)	-Phase (°)	Time (s)
10000	112.626706429171	48.2686804165627	122.534242194739	23.1986300308679	52255.5925470673
7943.3	113.941006773104	58.9651510099707	128.294357078155	27.3618345325188	52256.8595690641
6309.6	115.381298509177	73.0821674706091	136.579087886345	32.3500466467978	52258.2465960606
5011.9	114.810988900744	89.5849242213113	145.626308818513	37.9642677541819	52259.6136230572
3981.1	115.250609502031	111.689918549564	160.490937115458	44.1011044743727	52260.9756450537
3162.3	116.269628161794	139.362487441286	181.49525982434	50.1618776869723	52262.3676730502
2511.9	116.923851862033	174.409268428699	209.975665371225	56.1621275577195	52263.7446990467
1995.3	117.90545139518	219.865665508268	249.484681570021	61.7970620210114	52265.1217230433
1584.9	120.329801953439	273.563152365786	298.857925393422	66.257171142955	52266.4487500399
1258.9	122.755242156192	344.052744552635	365.295962899984	70.3640101484623	52267.7957730365
1000	127.203323398443	431.973205705591	450.312709049138	73.5918592758691	52271.9138500261
794.33	132.879830945335	541.960916891579	558.013158366379	76.2237856531706	52273.3258760225
630.96	141.226757404992	679.827473383165	694.341695834023	78.2643449292203	52274.6978990191
501.19	153.390193064848	852.285033172254	865.978249783389	79.7974010787247	52276.0849250156
398.11	171.045193513026	1067.97716600012	1081.58757635319	80.9008909550155	52279.1159830079
316.23	197.190794953409	1337.04300914299	1351.50590746489	81.610339663213	52280.4030050047
251.19	235.229500276058	1669.96865129138	1686.45433205174	81.9821450015697	52281.8350310011
199.53	290.51763317613	2083.2830764154	2103.44214839987	82.0611961035233	52283.2520599975
158.49	369.269188005396	2592.97980229728	2619.141841965	81.8949426763719	52284.6640859939
125.89	479.41125362191	3213.67474726174	3249.23691522904	81.5152713605277	52286.1111109903
100	631.782531011906	3969.58742867479	4019.54892001388	80.9568957084259	52287.5281389867
79.433	833.293637734141	4880.58065805838	4951.20650412622	80.3109423028008	52288.995167983
63.096	1088.16027262773	5969.23744388956	6067.60977984399	79.6687276581984	52290.5121939791
50.119	1409.22299100106	7277.05009742724	7412.24443463866	79.0401569204843	52292.3192279746
39.811	1767.78837956196	8840.37835250417	9015.39600740526	78.6918578971803	52293.9412579705
31.623	2177.22614900256	10740.5097177437	10958.9626653642	78.5407567704683	52295.6482889662
25.119	2616.12634128791	13045.8759394244	13305.6001766336	78.6607161554058	52297.3753209618
19.953	3089.53159755255	15867.8834152726	16165.8569080937	78.9821607194903	52299.3273579569
15.849	3578.7385220849	19371.4568032617	19699.2565364809	79.5330274527777	52301.3243929519
12.589	4112.23060024607	23726.285116752	24080.0134126003	80.1671991176299	52303.3864329466
10	4645.0862231588	29170.6351350063	29538.1580366861	80.9522735493591	52305.7634749406
7.9433	5240.29682023367	35960.66928809	36340.4794466382	81.7090447903054	52308.1655199346
6.3096	5849.83275425065	44485.4022977176	44868.3804125186	82.5085857986366	52310.6675649283
5.0119	6604.65091212642	55198.1153537835	55591.8460952741	83.176795259959	52313.1946119219
3.9811	7428.23514904086	68563.5326082928	68964.7495548116	83.8166410618156	52315.7216599155
3.1623	8334.88851805438	85316.400563287	85722.5674585382	84.4202603462699	52318.3287099089
2.5119	9520.20921388523	106268.48978208	106694.078111394	84.880744622448	52320.9107549024
1.9953	10833.7584509762	132585.086929006	133026.973197717	85.3286401773782	52323.6478058955
1.5849	12320.3412641082	165521.109554956	165979.00022945	85.7431156688277	52329.0539078818
1.2589	14114.9187320677	206810.806970655	207291.921720713	86.0955954420268	52331.8909578747
1	16340.8179021986	258091.315823579	258608.100478812	86.3772053185268	52337.1100578615
0.79433	19161.0591259649	322946.859999126	323514.791887672	86.6045116830653	52340.2871138535
0.63096	22743.605707692	404061.897237105	404701.48059951	86.778367297679	52343.8941828444
0.50119	27662.864212808	506137.733127866	506893.123796596	86.8716222646107	52347.7412538347
0.39811	34057.1542243602	634240.368901879	635154.103583259	86.9263089737617	52352.0483338238
0.31623	43246.9444050914	794302.880435271	795479.329755428	86.883527273271	52356.8404198117
0.25119	55583.013248147	995601.985941411	997152.338297526	86.8045769292356	52362.3425217978
0.19953	73107.2813010014	1247265.49341234	1249406.21322145	86.6455004140033	52368.6796417818
0.15849	98013.4059497983	1561284.87081088	1564358.35906254	86.4078338531105	52376.0567787632
0.12589	134322.376937573	1955765.10309251	1960372.32163194	86.0710830557096	52384.7089377413
0.1	187610.584718962	2446909.02099884	2454090.76615843	85.6155685640016	52395.0011297153
