Frequency (Hz)	Z' (Ω)	-Z'' (Ω)	Z (Ω)	-Phase (°)	Time (s)
10000	118.501995974996	47.9701911339311	127.843115917455	22.038344615907	6503.85042557936
7943.3	118.871332553861	59.6488223733182	132.997653038143	26.6471849088694	6504.96744457654
6309.6	119.737405708464	72.4502696698665	139.950305112314	31.177139514394	6506.1694655735
5011.9	119.420489717431	88.5704311823701	148.6807810182	36.563168495554	6507.37148957047
3981.1	121.479640886083	111.730996811955	165.048837616036	42.6063220455029	6508.56851156744
3162.3	121.368779578666	138.407297745021	184.084113180616	48.7526122018586	6509.7755325644
2511.9	123.208671959735	173.866920831402	213.096417157761	54.6771719715491	6510.97255456137
1995.3	122.733044160398	217.102105958113	249.392711481964	60.5194792639038	6512.16457655837
1584.9	127.230708078023	273.282882397413	301.448481318904	65.0350020630182	6513.2615965556
1258.9	129.874267990399	343.277499006107	367.024204664937	69.2765604811284	6514.44362055261
1000	134.194205844946	429.734456236477	450.199719856884	72.6578569704681	6518.32169454282
794.33	140.538710393128	538.909690077375	556.933374092679	75.3837475401315	6519.54371453973
630.96	149.726590728307	675.384716265448	691.782167257932	77.5002099210189	6520.75073653669
501.19	163.362278314738	846.370584726743	861.992111719632	79.0753937050999	6521.98275953358
398.11	183.17918836877	1060.2503818361	1075.95793934291	80.1977883511192	6524.72381352666
316.23	212.470559113139	1326.339886989	1343.25025006804	80.8989331855133	6525.84583152382
251.19	254.731923588484	1655.31211167411	1674.79746236674	81.2515208264298	6527.08785252069
199.53	315.853080799541	2061.16810423994	2085.22831425881	81.2877765519177	6528.29487751764
158.49	402.646486384246	2558.79541941251	2590.28148883553	81.0573902640296	6529.55189851447
125.89	523.962094714938	3165.66169873982	3208.73032016814	80.6019343047933	6530.8439235112
100	689.86488953953	3898.77125185	3959.33464613329	79.965706926382	6532.11594650799
79.433	907.716565127561	4779.59454030856	4865.02552227164	79.2467349669261	6533.41797250471
63.096	1183.01161215471	5829.90344209769	5948.72176342745	78.5292175201296	6534.77999550127
50.119	1516.99151115251	7075.74410952056	7236.53355884734	77.8993542570564	6536.39702749718
39.811	1903.75044126116	8557.54851390544	8766.74981452347	77.4579667007693	6537.84405149353
31.623	2331.17492052444	10347.583165292	10606.9248075357	77.3039714632796	6540.06309548793
25.119	2796.10951684338	12515.49260468	12824.0314865483	77.4062548875008	6541.53512048421
19.953	3285.54194305789	15184.3954710063	15535.7861622613	77.7907740049171	6543.30715447974
15.849	3794.82608024163	18457.1309251841	18843.2053262886	78.3817676311173	6545.13418747513
12.589	4331.48623989151	22550.9517311465	22963.1704480647	79.1273004532525	6547.0062234704
10	4899.71137681824	27668.1621194199	28098.6541784945	79.9576932539348	6549.20326246485
7.9433	5489.89139423094	34050.257265829	34489.9830007148	80.8410733834512	6551.41030445928
6.3096	6131.03065524718	42070.6733649485	42515.069025885	81.708557135508	6553.72234645344
5.0119	6832.75099185109	52072.2609961806	52518.6333730324	82.5245445370102	6555.9943904477
3.9811	7657.69406629568	64610.271194294	65062.4885952973	83.240761074235	6558.29643044189
3.1623	8510.48460941534	80297.8646935756	80747.6032005587	83.9500104191612	6560.63847343598
2.5119	9705.87227994477	99935.5865426363	100405.803688509	84.4527583185674	6563.14552242965
1.9953	10741.901740524	124648.769054978	125110.767242169	85.0745699398336	6565.74757142308
1.5849	12193.527208345	155469.617636433	155947.05548294	85.5154556327311	6569.81664841281
1.2589	13729.369008467	194366.745185111	194851.038506918	85.9595428938903	6572.4736944061
1	15753.2541489279	242608.937235726	243119.849956619	86.2848456359315	6577.41778639362
0.79433	18180.9065748269	303510.28269272	304054.332421193	86.5719581910873	6580.434841386
0.63096	21234.5724309012	379762.596415631	380355.802772437	86.7996169213134	6583.87190537732
0.50119	25177.3432135145	475619.604125742	476285.530370195	86.9698256604859	6587.56897436799
0.39811	30351.9654332839	595565.744639775	596338.66048915	87.0825449554521	6591.67104835763
0.31623	37538.284008703	746932.262523286	747874.941126171	87.1229289114409	6596.33813434585
0.25119	47086.0188315451	935392.555739591	936576.919693438	87.1182634685234	6601.69523333232
0.19953	60469.2509936271	1173369.25476536	1174926.35443433	87.0498881052566	6607.79234731693
0.15849	79593.348842458	1469899.09582212	1472052.46274671	86.9005262607355	6614.89948129898
0.12589	106502.67272342	1843106.66205925	1846181.19019353	86.69287969083	6623.40163627752
0.1	143921.399439792	2309834.64972178	2314314.0405468	86.434618253348	6633.45882425213
