Frequency (Hz)	Z' (Ω)	-Z'' (Ω)	Z (Ω)	-Phase (°)	Time (s)
10000	113.895081378501	48.3956895020508	123.750686158075	23.0213502093346	43886.586590197
7943.3	114.454399360421	58.6442052675011	128.603858201889	27.1297179343721	43887.8436131938
6309.6	115.055092722747	72.9395670414238	136.22721755079	32.3727927791483	43889.1856361905
5011.9	115.017435031421	88.9536506433511	145.402071250676	37.7181066737393	43890.537661187
3981.1	116.561081307514	111.165234315705	161.072018041752	43.6426627004273	43891.8846881836
3162.3	117.202733046256	139.036925839104	181.845394168509	49.870411056256	43893.2217121803
2511.9	118.554896188963	173.431901037425	210.080669524426	55.6441979868196	43894.5587391769
1995.3	119.483301793384	219.527203254979	249.936896788773	61.4416255746761	43895.8907621735
1584.9	119.323711570107	273.741505002762	298.617748474606	66.4476498893553	43897.1677861703
1258.9	123.2424952856	341.877521007886	363.41292219006	70.1764119280258	43898.464809167
1000	127.830010209187	431.634205202124	450.165079288198	73.5031566135394	43902.4978841568
794.33	133.554383528472	541.241934121928	557.476102278578	76.1388547909202	43903.7949081536
630.96	142.001226723476	678.956130680343	693.64672260409	78.1870711640512	43905.1269331502
501.19	154.430503221208	851.177762833892	865.073617831491	79.7165983296155	43906.4839581468
398.11	172.581397360915	1067.0791378749	1080.94506113996	80.8129610549233	43909.4000121394
316.23	199.110872844159	1334.89889097223	1349.66669544879	81.5164206610131	43910.6470341363
251.19	238.024030162195	1668.17970535463	1685.0753598257	81.8795701091979	43912.0190591328
199.53	294.006300408313	2079.22846182928	2099.91206986405	81.9516409135533	43913.3710841294
158.49	374.303492992126	2586.66321013496	2613.60472671974	81.7661591367629	43914.7531131259
125.89	486.357331891427	3205.07347324122	3241.76486241046	81.371418027632	43916.1801381223
100	640.07290084095	3957.750284583	4009.17455762502	80.8132999791862	43917.5821631188
79.433	844.502450414248	4862.26693835392	4935.06070566161	80.1468802653187	43919.0091891152
63.096	1104.56746490289	5944.81300791758	6046.55860664792	79.4742708460001	43920.4912171114
50.119	1421.97332026789	7247.6021689337	7385.77994003924	78.8996170438696	43922.238250107
39.811	1789.45500998049	8800.43430423853	8980.5229901138	78.5063368575945	43923.810281103
31.623	2200.75845883965	10675.6921738861	10900.1716126733	78.3518379860181	43925.4823090988
25.119	2643.49883772295	12956.1435605307	13223.0761196525	78.4679779903091	43927.0793410948
19.953	3111.79638825995	15758.9821761684	16063.2747592383	78.829972388072	43928.99137309
15.849	3596.5100811423	19231.9189131748	19565.3159914858	79.4076155934551	43930.968411085
12.589	4124.37307546829	23555.0563978434	23913.4091080973	80.0684720988926	43932.9804500799
10	4675.58280764123	28955.2141624688	29330.2830157764	80.8272639344207	43935.302492074
7.9433	5244.47633653788	35720.8622856684	36103.8022163344	81.6476035069877	43937.674536068
6.3096	5901.52721007937	44117.0816476343	44510.0541059583	82.380794783477	43940.0315790621
5.0119	6612.57205104112	54741.482855885	55139.4237763813	83.1122502969505	43942.5236240558
3.9811	7423.24930760144	68025.3598083741	68429.191193098	83.77225569983	43944.9606690496
3.1623	8361.78298964341	84598.9132852487	85011.1495264646	84.3552017387961	43947.5477190431
2.5119	9495.74981679579	105392.798651914	105819.711170774	84.8516281719356	43950.0997640367
1.9953	10608.0222231868	131478.510663384	131905.757652004	85.3872220060711	43952.8268180298
1.5849	12197.4087869302	164095.467822933	164548.167237265	85.748955118698	43957.0258950192
1.2589	13983.2508933239	205043.242083134	205519.494037691	86.0986635391834	43959.862946012
1	16164.3967209386	256025.413086014	256535.182513464	86.3873740376587	43964.8470399994
0.79433	18922.1530889708	320378.903026684	320937.204733424	86.6199349894569	43967.9890949915
0.63096	22393.0690301239	401069.858676431	401694.512134931	86.8043033275485	43971.5411609825
0.50119	27063.1597325294	502214.754706377	502943.410792402	86.9154500007318	43975.3432319729
0.39811	33443.3126383253	629387.440852205	630275.341309425	86.958375417867	43979.5603109623
0.31623	42228.8479664575	788332.688809761	789462.921134743	86.9337507829778	43984.4023989501
0.25119	53876.0172370775	987696.803335491	989165.102777325	86.8777743290798	43989.8745019362
0.19953	70917.0929016026	1237904.52331938	1239934.20910958	86.7212222817258	43996.1816189203
0.15849	93507.4504737728	1548966.14628796	1551785.9922168	86.5453807095032	44003.443754902
0.12589	129420.485618243	1938459.81658146	1942775.36596455	86.1803391181281	44012.0009098804
0.1	178512.605206274	2428071.38324348	2434624.69229724	85.7951606447387	44022.2431028545
