Frequency (Hz)	Z' (Ω)	-Z'' (Ω)	Z (Ω)	-Phase (°)	Time (s)
10000	116.183828360055	49.6841831483987	126.361386616016	23.1532104630837	16124.8985662885
7943.3	118.010095112942	58.5423457570286	131.733020899473	26.3850501937592	16126.0705842856
6309.6	118.601621290927	72.4620417476791	138.985941976442	31.4236818187211	16127.3476092824
5011.9	119.535555702638	89.865228234227	149.54767909509	36.9353546179764	16128.5996322792
3981.1	119.452075270769	111.484525432399	163.39399529169	43.0240205461736	16129.8466552761
3162.3	120.37196938608	139.598714188353	184.329086193484	49.2297438718092	16131.0936792729
2511.9	120.893453112618	173.87258399802	211.770872576097	55.1891451291654	16132.3807032697
1995.3	122.386385014036	217.203959745121	249.311025359417	60.6003516701365	16133.6427242665
1584.9	125.76284317885	274.10065779578	301.574971323065	65.3533997634943	16134.8547462634
1258.9	128.915336896829	341.420448684053	364.948060505661	69.3142015444415	16136.0867712603
1000	132.484126651805	430.301527006664	450.234880877702	72.8870958474087	16139.9998472504
794.33	138.61418242436	539.224805612355	556.756035043048	75.5835748464879	16141.2718672472
630.96	147.725953602851	676.141513704164	692.091254042435	77.6754702612129	16142.5038902441
501.19	161.005055726426	846.918266580015	862.08652595686	79.2361182814553	16143.7709112409
398.11	180.632980658382	1061.6248416001	1076.88234176439	80.3437323262692	16146.5719652338
316.23	209.208185464875	1327.5322767026	1343.91592391514	81.0443096362055	16147.7339862309
251.19	251.102483978741	1657.84638966452	1676.7549341463	81.3872695908638	16149.0110102277
199.53	311.030159592311	2064.8968783202	2088.1903357387	81.4340782494524	16150.2630322245
158.49	396.706180285298	2565.55656023334	2596.04627409314	81.2100974165451	16151.5700572212
125.89	516.534314648296	3174.54489394371	3216.29336066741	80.758319228207	16152.9020812178
100	679.622277109592	3912.72354701426	3971.3085998073	80.1462946816409	16154.2241082145
79.433	894.69366065768	4794.57267290262	4877.33573400126	79.4298628633799	16155.5711302111
63.096	1166.26527757816	5849.57734851708	5964.70702163724	78.724449641573	16156.9631562076
50.119	1498.84667174924	7100.95245807099	7257.41463313198	78.0811407747781	16158.6151882034
39.811	1881.02626557291	8606.5924440796	8809.74990055128	77.6714964884461	16160.0872151997
31.623	2304.93020261089	10423.2819629093	10675.0882955233	77.5306843642919	16161.6642451957
25.119	2760.34248629552	12613.8276867882	12912.325102538	77.6562845513995	16163.2762731917
19.953	3242.73309465659	15304.716170613	15644.4768204694	78.0372016445018	16165.113308187
15.849	3744.15531317476	18641.3029152281	19013.5970659543	78.6431003028572	16166.9853411823
12.589	4273.32369334132	22765.121425649	23162.729737935	79.3685205105199	16168.8973781775
10	4828.52184198114	27950.6152986108	28364.617373577	80.1987812898482	16171.1344191718
7.9433	5404.891855099	34430.1648778743	34851.8164445259	81.0784438974589	16173.4064621661
6.3096	6035.80680153213	42573.7907582937	42999.5188726152	81.9307908836165	16175.7735061601
5.0119	6748.26987752934	52670.8990263865	53101.4383099721	82.698959619747	16178.1605501541
3.9811	7573.11163570007	65429.4071146272	65866.2230222623	83.3976919989113	16180.5175941481
3.1623	8441.8078536298	81365.6341807808	81802.3871624677	84.0766690341253	16183.0446421417
2.5119	9583.41961929906	101307.345622837	101759.619735652	84.5960447744149	16185.5916851353
1.9953	10648.0852281338	126426.594721867	126874.211611315	85.1857132865386	16188.2287381287
1.5849	12082.9947897587	157687.320105463	158149.580097868	85.6181994692143	16192.437815118
1.2589	13746.3825937469	196881.026690211	197360.334680009	86.0060468986508	16195.219864111
1	15745.6569964761	246096.1612668	246599.363958031	86.3391072155329	16200.1739590985
0.79433	18221.1838049457	307964.951556464	308503.521740724	86.6139612675891	16203.2310130908
0.63096	21340.0088432941	385319.73533425	385910.215484752	86.8300490966454	16206.7330780819
0.50119	25479.8184353719	482537.976427347	483210.223238394	86.9773747150994	16210.4751470725
0.39811	30883.7587281957	604883.804828337	605671.712973941	87.0771678776156	16214.622225062
0.31623	38337.2306650582	757609.248274802	758578.615785191	87.1031379072669	16219.36431105
0.25119	48652.1313423491	949851.832939681	951097.016304344	87.0678291711628	16224.7464110365
0.19953	62877.5794433231	1189903.33845054	1191563.48754583	86.9751557354756	16230.9535260208
0.15849	83118.3788654044	1491968.47560629	1494281.96706919	86.8113169636944	16238.1006580027
0.12589	111978.350649232	1868900.62454444	1872252.30549643	86.5711255055268	16246.5428159814
0.1	153661.633892197	2341542.40422023	2346578.94145751	86.2453991052265	16256.6500029559
