Frequency (Hz)	Z' (Ω)	-Z'' (Ω)	Z (Ω)	-Phase (°)	Time (s)
10000	117.436893925747	48.9358969419037	127.224785574336	22.6214686704676	18636.7910759466
7943.3	118.283638247609	58.7206811938659	132.057326479688	26.4016218200018	18637.9630939437
6309.6	118.555150405456	72.2779659537111	138.850380086142	31.3688619628446	18639.2301169405
5011.9	119.548866890326	90.122782587732	149.713217573188	37.0110793992095	18640.5071399372
3981.1	118.906090009867	110.991255961695	162.658283346988	43.0282175745157	18641.7541659341
3162.3	119.930654642659	139.07638255226	183.645316049278	49.2275991764327	18643.0111889309
2511.9	121.017827158886	175.528953815583	213.203489928873	55.4158135174187	18644.2632099278
1995.3	122.829181205076	217.000643836595	249.351733864046	60.488775779229	18645.5352349245
1584.9	125.229370732408	275.946135680016	303.032448907322	65.5905896111878	18646.7572559215
1258.9	128.513836887269	342.936649123941	366.225820476718	69.4567587941855	18647.9892809184
1000	132.270532355692	430.436354123796	450.300953453404	72.9181181355277	18651.9273559084
794.33	138.380194262066	539.715163522723	557.172806138604	75.6194330943383	18653.2143759052
630.96	147.319629215404	676.490022135442	692.345161896128	77.7144772659066	18654.461400902
501.19	160.598866234935	847.6566783217	862.736251782272	79.2717780422561	18655.7384248988
398.11	179.863376346429	1062.31159835094	1077.43063170752	80.3902044544061	18658.5394788917
316.23	208.151659373191	1328.48891780241	1344.69696140938	81.0951233590129	18659.7264968887
251.19	249.498836300773	1658.78897127838	1677.44762080675	81.4462483502741	18661.0235228854
199.53	308.994530628151	2067.4962772063	2090.45891521934	81.4998606226587	18662.2205428824
158.49	393.500311842416	2569.01914038783	2598.98092318876	81.2916070588552	18663.5125688792
125.89	511.860614524109	3179.83970316009	3220.77348264268	80.8555097218182	18664.8745918757
100	673.823254370707	3919.19718264534	3976.70018163124	80.2445755419191	18666.0916158727
79.433	887.146573268608	4805.40757831145	4886.61140629734	79.5401554189917	18667.4486388692
63.096	1159.43420102388	5865.78897925793	5979.27821862202	78.8190187459251	18668.8606668657
50.119	1492.20859789407	7134.28784173344	7288.67268494989	78.1863169632832	18670.5626978614
39.811	1868.28766519359	8639.13031664747	8838.83880540492	77.7972022286568	18672.0347268576
31.623	2292.20170239825	10460.4307011193	10708.6319900068	77.6400969229099	18673.6117538537
25.119	2749.50808566077	12665.9082815662	12960.9037998961	77.75229037236	18675.1237848498
19.953	3225.32097365746	15373.4328549197	15708.1231573935	78.1512865715836	18676.9508148452
15.849	3735.14600803908	18733.282993904	19102.0210300131	78.7239226400986	18678.8478498404
12.589	4249.2806677835	22906.2859691432	23297.0882964753	79.4906864041272	18680.7598878356
10	4821.97522467075	28098.8356533834	28509.5775160417	80.2624540831778	18682.99192883
7.9433	5418.24462343695	34636.9972564164	35058.2223414194	81.1093073508225	18685.2489688243
6.3096	6030.41349708358	42778.7068589587	43201.6625544727	81.976020730087	18687.6110138183
5.0119	6749.09532780346	52976.1952934291	53404.3776811538	82.7397061267117	18689.9980558123
3.9811	7587.78894741576	65825.3408616067	66261.2257708626	83.4244485874589	18692.3401028064
3.1623	8474.24447911358	81832.463001098	82270.0724462904	84.0877508228898	18694.8221458001
2.5119	9624.98929520546	101852.507294931	102306.273811516	84.6016209940884	18697.3641927937
1.9953	10761.5291289888	127023.547009485	127478.594297493	85.1574229980172	18700.006241787
1.5849	12195.6208285485	158512.795937706	158981.255635318	85.6004578212278	18704.1453227766
1.2589	13788.8105134862	198086.873563647	198566.212567992	86.0180688809779	18706.8923697696
1	15866.8429717689	247332.568549408	247840.989691251	86.329399373974	18711.906463757
0.79433	18411.0263802108	309383.987327051	309931.31094931	86.5944212091954	18715.058520749
0.63096	21541.9500200067	387174.827407851	387773.648652101	86.8154139552478	18718.4855837404
0.50119	25719.2519047621	484894.179174706	485575.786995246	86.9638220892109	18722.2276527309
0.39811	31226.5975107828	607355.873596276	608158.086013822	87.0567860825958	18726.3747317204
0.31623	38950.6528314049	761493.357025209	762488.876082474	87.0718526569382	18731.1518197084
0.25119	49548.5376873873	953886.430865524	955172.434996072	87.0265087835676	18736.5489196948
0.19953	63757.4650140139	1195705.90369855	1197404.53585435	86.9477633323291	18742.7710336791
0.15849	84878.3713214953	1497808.10548725	1500211.13806741	86.7566093906144	18750.0431686607
0.12589	114598.615960603	1876360.07128534	1879856.36682541	86.5050038749874	18758.5753286391
0.1	158835.746042477	2349317.14645123	2354680.41331103	86.1321571960146	18768.7475166135
