Frequency (Hz)	Z' (Ω)	-Z'' (Ω)	Z (Ω)	-Phase (°)	Time (s)
10000	117.519053168055	48.3503706639817	127.07669416876	22.3635302950772	18131.7287232218
7943.3	117.910902341715	59.3652282877344	132.012163154355	26.7241261796302	18132.8957432188
6309.6	117.767567827363	72.7328596340282	138.417010885641	31.6993404707714	18134.1677652156
5011.9	119.15040556383	90.0292951549175	149.338853390926	37.0744643777797	18135.4247882125
3981.1	119.709953499868	110.348857105843	162.81075895501	42.6699192738661	18136.7018142092
3162.3	119.82303989766	138.633817965063	183.239996654351	49.162710935472	18137.963837206
2511.9	120.500624818496	174.986422991234	212.463288153307	55.4475971714913	18139.2258612029
1995.3	123.365923814186	218.707768474902	251.102049274391	60.5740717234624	18140.4878821997
1584.9	125.526328210105	273.036025828149	300.508786017882	65.3097370389508	18141.7199061966
1258.9	126.284344163518	340.767602275107	363.414769019003	69.6659047385376	18142.9619301934
1000	131.994380458353	430.355119307979	450.142249946802	72.9486799710756	18146.8750051835
794.33	138.144412006488	539.59260947884	556.995568001041	75.6397960851323	18148.0620251805
630.96	147.12947693675	676.54490950162	692.358359201532	77.7308193625619	18149.3140461774
501.19	160.359779719143	847.893852650835	862.924819619095	79.2903066897477	18150.5860701742
398.11	179.776291125881	1062.41424372613	1077.51730386252	80.3956812868514	18153.3921231671
316.23	208.097795056855	1327.70027092629	1343.90948420096	81.0921874728148	18154.5741451641
251.19	249.637034975577	1658.75780038705	1677.43735786952	81.4414220815153	18155.8661671608
199.53	309.266087589199	2067.17322278317	2090.17957265027	81.4911895470782	18157.1481911576
158.49	393.815440781957	2566.76319115	2596.7987755775	81.2771979525426	18158.4552141543
125.89	513.205531768859	3176.76615181017	3217.95324719378	80.8231706494693	18159.7972401509
100	675.131031224649	3916.75265054875	3974.5129556844	80.2200243570858	18161.1192641476
79.433	889.560025172775	4804.79406990546	4886.44687810929	79.5110208881649	18162.4812911441
63.096	1160.85173206205	5859.84554225183	5973.72300352805	78.7946270102036	18163.9133161405
50.119	1491.84030385424	7124.68865834152	7279.20160254572	78.1736857465007	18165.6453481362
39.811	1870.01433863386	8629.46758214948	8829.7601540509	77.7729978552977	18167.1273771324
31.623	2292.4447942916	10445.5885202209	10694.1863958249	77.6218034567684	18168.7444061283
25.119	2748.76404113037	12653.4297917101	12948.551627404	77.7437943397213	18170.2464351245
19.953	3227.18991140009	15360.5188667591	15695.8687105972	78.1349302606005	18172.0834691199
15.849	3717.41702131268	18703.0995113559	19068.9569888347	78.7584305142932	18173.9655041151
12.589	4258.20387263343	22869.4143082961	23262.4678618888	79.4525127903411	18175.99254311
10	4805.29677665182	28088.9520700011	28497.0192389049	80.292143432666	18178.2345831044
7.9433	5399.80078980772	34589.6410409052	35008.5863169063	81.1271519715338	18180.5066260986
6.3096	6050.75599147222	42726.8336049261	43153.1454006701	81.9396618755672	18182.7786650929
5.0119	6739.86346350644	52931.2345705938	53358.6108577981	82.7434384336773	18185.1657120869
3.9811	7520.02161532217	65710.989377596	66139.8884945949	83.4714242621837	18187.5327530809
3.1623	8429.59009568085	81727.7719673162	82161.34553379	84.1112051242512	18190.0398000746
2.5119	9527.66319173729	101723.991388491	102169.206661797	84.6491782848844	18192.4868470684
1.9953	10604.491328118	126987.769407125	127429.779939092	85.2264212959507	18195.1238960617
1.5849	12124.1783072499	158535.841087285	158998.769205547	85.6267635718786	18200.6250000478
1.2589	13782.3657977212	197927.779716904	198407.055294527	86.0167351216111	18203.327047041
1	15804.3073824763	247230.09012324	247734.724239831	86.3423155084765	18208.2811390285
0.79433	18285.6108866394	309305.704954899	309845.740140388	86.6167118144091	18211.3331960208
0.63096	21424.1408941285	387107.183527516	387699.581314782	86.8322420241554	18214.810260012
0.50119	25613.6598078369	484776.080644698	485452.27153036	86.9755288812007	18218.5473290026
0.39811	31175.9893471895	607708.344224842	608507.497038677	87.0632490261528	18222.6944059921
0.31623	38444.7732017537	761269.249527786	762239.378976928	87.108968283988	18227.3614919803
0.25119	49073.3037796659	953846.956864089	955108.478793238	87.0548562604652	18232.7685909667
0.19953	63503.8710828733	1195528.87188718	1197214.27704415	86.9594313878193	18239.0207079509
0.15849	83823.5972373865	1498115.93369996	1500459.17847155	86.7974869968287	18246.2778429326
0.12589	113263.202184188	1877474.39383588	1880887.72989735	86.5476770298423	18254.7599999112
0.1	155389.844502574	2354363.25617692	2359485.61042667	86.2239097139814	18264.9321888855
