Frequency (Hz)	Z' (Ω)	-Z'' (Ω)	Z (Ω)	-Phase (°)	Time (s)
10000	116.480990728538	47.6829994813704	125.862979627221	22.2623735587535	21186.0232765104
7943.3	118.200521846833	57.638400980025	131.504937673069	25.9953613187591	21187.2002955075
6309.6	117.565221391355	71.53827989465	137.620153942231	31.3204567371618	21188.4723185042
5011.9	118.698492196097	89.5568620644641	148.69352236214	37.0341995524525	21189.754341501
3981.1	119.035774742923	111.888007818008	163.365975533863	43.2270939868771	21191.0313664978
3162.3	119.961900035699	140.260396311079	184.56390826355	49.4602937108125	21192.2933904946
2511.9	120.177801336592	173.912710433312	211.396156030233	55.3546086169886	21193.5554114914
1995.3	121.401692842903	217.711929330889	249.272652326926	60.8548540903364	21194.8374354882
1584.9	124.61813489812	273.722165577986	300.754889360403	65.5215379148292	21195.9744594853
1258.9	124.936714502856	341.876432079644	363.98994140261	69.9254689571243	21197.2564824821
1000	131.870719443533	430.434924711528	450.182308690573	72.9667050991069	21201.1895544721
794.33	138.059289130312	540.100170865453	557.466197974423	75.6612097837709	21202.4815764689
630.96	146.968568820338	676.961491722776	692.731276539918	77.751146056547	21203.7486024657
501.19	159.999099738377	847.908223118016	862.871987462939	79.3140164480399	21205.0506264624
398.11	179.335233475078	1063.28815905703	1078.30553886941	80.4265358483572	21207.8616794553
316.23	207.493382525787	1329.10712925257	1345.20603062208	81.1268990414525	21209.0437014523
251.19	248.400722503834	1659.37617851703	1677.86537623559	81.4863121337803	21210.350723449
199.53	307.857007420373	2069.06284886093	2091.84057938323	81.537017685355	21211.6377484458
158.49	392.092388261347	2569.23780312398	2598.98428812754	81.323017405289	21212.9397734425
125.89	510.555779522918	3182.19412654962	3222.89104113855	80.8850639600784	21214.2867954391
100	671.143665925648	3919.82025133153	3976.86115209733	80.2841439506258	21215.6088204357
79.433	883.931329452991	4809.99596100784	4890.54145674079	79.5869572424007	21216.9958464322
63.096	1155.76827494924	5875.04713185936	5987.65221993964	78.8706107408484	21218.4178714286
50.119	1479.85998504082	7136.23152687875	7288.05776462722	78.2844689139379	21220.1099044244
39.811	1864.46750672535	8648.2749552529	8846.9711644884	77.8339020203947	21221.6069314206
31.623	2286.31951420675	10474.6285092655	10721.2452321622	77.6870447179786	21223.2139604165
25.119	2743.05356260733	12682.4025244683	12975.6570793149	77.7955931116392	21224.7359924127
19.953	3220.6229928317	15399.8602346435	15733.0260188086	78.1877921104378	21226.5430224081
15.849	3720.40422425673	18752.0010942888	19117.5038284834	78.7782207529814	21228.4550584033
12.589	4249.14552956245	22920.6794674804	23311.2158623779	79.4974656296612	21230.3920933984
10	4805.15092295961	28150.382116473	28557.5469656598	80.3132146393837	21232.6341383928
7.9433	5377.54915350852	34662.3253084722	35076.9843442784	81.1813758472919	21234.906179387
6.3096	6043.31418872051	42883.4159001099	43307.1472813136	81.9784572990531	21237.1832193813
5.0119	6731.9989621933	53057.8885632654	53483.2623240099	82.7689344677951	21239.5152623754
3.9811	7522.78403510899	65907.4075364795	66335.3499110278	83.488342981452	21241.9523103692
3.1623	8447.27423931034	82011.4955022864	82445.3869940318	84.1192100572074	21244.4493553629
2.5119	9593.86216207059	102027.307386711	102477.381132459	84.6281418199294	21247.0014043565
1.9953	10643.2682654023	127310.872707553	127754.989996196	85.2211496973757	21249.6384523498
1.5849	12080.5688602255	158923.641258333	159382.131667241	85.6530253499317	21253.8925323391
1.2589	13370.1015394846	198443.366475725	198893.261106039	86.145527966868	21256.6145813322
1	15860.3223164901	248027.958655686	248534.541057957	86.341162702084	21261.6636763195
0.79433	18401.6004192022	310151.717759086	310697.130541786	86.6045665919048	21264.8007323115
0.63096	21582.7653302692	388232.22763051	388831.683804509	86.818064754511	21268.2277943029
0.50119	25790.4020393474	486013.6405719	486697.445708629	86.9624380947141	21271.9898642934
0.39811	31379.6764849853	609240.451484278	610048.040584567	87.0515161157269	21276.1719412828
0.31623	39035.4181252962	763362.346479685	764359.75554132	87.0726637173697	21280.9190322708
0.25119	49582.5917678878	956867.433474094	958151.198219634	87.0337221321284	21286.3311312572
0.19953	64435.1965026777	1198648.5506498	1200379.20780194	86.9229389588422	21292.5532462415
0.15849	85450.147015428	1501313.23912224	1503743.05304751	86.7424145372892	21299.8253812231
0.12589	114067.640945626	1883024.27475041	1886476.03907662	86.5334394183278	21308.3625402016
0.1	157520.046989857	2355161.30981738	2360423.13165763	86.1735902120564	21318.5447261758
