Frequency (Hz)	Z' (Ω)	-Z'' (Ω)	Z (Ω)	-Phase (°)	Time (s)
10000	116.273004801658	48.1544452681711	125.850157904914	22.4968831379959	34675.5760434526
7943.3	116.05527495382	59.9864255791333	130.641486895885	27.3334505243233	34676.8180624494
6309.6	115.899183154179	72.5363906257437	136.726546876663	32.0407060978584	34678.1350894461
5011.9	117.243020849194	89.1526322456301	147.289231697939	37.249680294476	34679.4321114429
3981.1	116.998948646753	111.76478221236	161.802721013652	43.6892881621154	34680.7341374396
3162.3	117.912839055031	138.563615084026	181.943158813877	49.6033672127987	34682.0461594362
2511.9	120.968077686851	174.531155876013	212.354421170526	55.2740519096918	34683.3631864329
1995.3	120.301009973376	218.818569932986	249.707628133646	61.1990985703927	34684.6852114296
1584.9	121.650939422063	274.770641505632	300.496017437315	66.119288470334	34685.9872344263
1258.9	128.048810095441	342.083850603369	365.264094335162	69.4781225947003	34687.2592574231
1000	129.854701267853	431.321836101062	450.445079603446	73.244937581039	34691.247332413
794.33	135.7359769623	541.070063311641	557.836059119499	75.9170771398582	34692.5643554097
630.96	144.341192756769	678.430123548764	693.615031890773	77.9889774681415	34693.8713804064
501.19	156.966364177896	850.210090855183	864.578300719609	79.5397975653432	34695.1934054031
398.11	175.404377411138	1065.77903315107	1080.11649516125	80.6541233151418	34698.0644593958
316.23	202.595258599293	1333.84440061428	1349.14258840828	81.3634571306843	34699.2764803927
251.19	242.032720753051	1665.47414877497	1682.96879892434	81.7314537547627	34700.6585043893
199.53	299.130954893805	2076.24464520523	2097.68232936236	81.8016347550565	34701.965531386
158.49	380.328073484329	2579.99618616202	2607.87840285756	81.6141843548827	34703.3375553825
125.89	495.136725758898	3199.09842954109	3237.18877099984	81.2019218454986	34704.714581379
100	650.826389614151	3947.22270210067	4000.51772267004	80.6371908637598	34706.0966053755
79.433	857.941044942532	4845.07020072617	4920.44389121163	79.9584365705244	34707.508633372
63.096	1123.62840569052	5927.37660694918	6032.93744660783	79.2660410246545	34708.9606603683
50.119	1442.09131502266	7213.87060658363	7356.59951943797	78.6952821903904	34710.6126893641
39.811	1814.60092159058	8745.12530514605	8931.40487870431	78.2775580436984	34712.1447203603
31.623	2229.9587117387	10611.9518360547	10843.7188098366	78.1327290196301	34713.7517493562
25.119	2675.48478467311	12870.752138959	13145.8921133385	78.2569789278887	34715.3087763523
19.953	3154.56207002159	15642.7495963194	15957.6588754983	78.5984848702601	34717.1808123475
15.849	3662.75454645631	19092.1559105474	19440.3237673717	79.1399824195102	34719.1278463426
12.589	4170.64398184835	23351.3732149442	23720.8958989104	79.8735309471816	34721.0898843377
10	4731.90418175276	28696.177116701	29083.6981537487	80.6363782023281	34723.3719273319
7.9433	5334.91457965566	35383.4960733382	35783.4194557223	81.4258629459546	34725.6789673261
6.3096	5964.18566037722	43700.5127530331	44105.6269139149	82.2283662905514	34728.07601332
5.0119	6664.1261648163	54192.9008204388	54601.1087513294	82.9895069645505	34730.4980593139
3.9811	7466.72938965678	67341.1118963809	67753.7998876761	83.6729334210424	34732.9601053077
3.1623	8396.82466141028	83676.908569312	84097.1562664962	84.2696563738538	34735.5121503013
2.5119	9612.74315176493	104235.493642782	104677.805507453	84.7310064952587	34738.1142012947
1.9953	10678.2941924518	130064.207391102	130501.816121984	85.3065329276043	34740.781249288
1.5849	12266.7640948872	162357.831010928	162820.572385472	85.6792904975757	34746.2823522741
1.2589	13891.5099625852	202834.337437068	203309.474674878	86.0821033904992	34749.0394022671
1	16104.8620118369	253112.667171376	253624.503672315	86.3593350212677	34754.0084962546
0.79433	18747.7718173344	316775.033561131	317329.325521248	86.6130011244277	34757.2105512465
0.63096	22147.0967119474	396404.202732017	397022.39966578	86.8022101670255	34760.6876172377
0.50119	26546.7895134551	496350.504937426	497059.911665696	86.9385118801769	34764.4846862281
0.39811	32626.5598860325	622063.418581823	622918.445021257	86.9976487751551	34768.6867652175
0.31623	40953.9623991952	779028.177818756	780103.921841063	86.9906978892108	34773.4838532054
0.25119	52523.6146888082	976681.515709739	978092.793772171	86.9217341122157	34778.9659541916
0.19953	68288.1835992338	1224083.90945674	1225987.23215627	86.8069400514566	34785.2180731758
0.15849	90512.3764217493	1533520.34397372	1536189.16011889	86.6221722042196	34792.5052051574
0.12589	122996.22823417	1919708.98025655	1923645.14426062	86.3340560132602	34801.0473651358
0.1	168832.653019693	2406689.70345447	2412604.35907744	85.9871948448951	34811.26455211
