Frequency (Hz)	Z' (Ω)	-Z'' (Ω)	Z (Ω)	-Phase (°)	Time (s)
10000	112.132383990884	47.8252791069571	121.90540948267	23.0986010980206	60315.908790717
7943.3	112.322130562456	58.0118889871687	126.418512402057	27.3153502611332	60317.2458147136
6309.6	113.03624649531	71.8576742830829	133.94296687442	32.4443125141872	60318.65783971
5011.9	112.747873166512	89.8470194346189	144.168546517112	38.5507941324021	60320.0548657065
3981.1	114.185935385573	111.838052570208	159.83171726092	44.4048466314524	60321.441891703
3162.3	114.73004912897	139.076914186093	180.292463050072	50.4794291273101	60322.8289146995
2511.9	114.327340609011	174.150150831197	208.324304499637	56.7156145590158	60324.2559446959
1995.3	116.368580055898	221.350309561729	250.075200624331	62.2681374758083	60325.6429716924
1584.9	120.582290389066	275.295219964929	300.545415687898	66.346060158514	60327.0249936889
1258.9	121.824031227788	340.610720544446	361.741285360678	70.319722864755	60328.4170196854
1000	125.557060095336	432.371177886822	450.232618550702	73.8071342376971	60332.5550976749
794.33	131.156641941517	542.456498934444	558.087016478246	76.4077230975933	60334.0521236712
630.96	139.324671768239	680.297861760039	694.41813403641	78.4258979146306	60335.4591516676
501.19	151.321063824684	852.838645269189	866.159234333746	79.938594950196	60336.8561766641
398.11	168.740667778481	1069.1017849581	1082.33638004224	81.0307657715004	60339.8472326565
316.23	194.520109794547	1338.64656623204	1352.70569689024	81.7321598661493	60341.1842546532
251.19	231.941052706398	1672.17911520845	1688.18827305187	82.1031255218758	60342.6162846495
199.53	286.022283081035	2085.79859086305	2105.31814889465	82.191818975946	60344.0483096459
158.49	363.745794625174	2595.91542288793	2621.27600337983	82.0235137952434	60345.5403386422
125.89	473.266323241523	3220.49253062171	3255.08112840599	81.6399568310292	60347.0223636384
100	623.665386055589	3978.93422692116	4027.51487842423	81.0918353668246	60348.4993926347
79.433	822.116357757754	4894.15389539916	4962.72280684139	80.4645198495322	60350.0014206309
63.096	1078.93155206145	5990.2871632546	6086.67672809117	79.7897277425276	60351.553449627
50.119	1385.70157992953	7310.65838992611	7440.82622850556	79.2671748165631	60353.2904826226
39.811	1750.6169936424	8886.28411291949	9057.0803901674	78.8553206864718	60354.9175096185
31.623	2151.45365611074	10794.0196612569	11006.3442287615	78.7275878480476	60356.689543614
25.119	2591.12795541821	13119.3888455316	13372.8197386194	78.8276592217901	60358.3465736098
19.953	3056.49924792253	15962.4943886525	16252.4894942379	79.1602091125173	60360.3336106048
15.849	3546.75729601664	19483.3657520619	19803.5610016347	79.682836106836	60362.4306485995
12.589	4083.95451878623	23901.7834601154	24248.173891775	80.3038480355098	60364.4826865943
10	4609.9811712783	29391.7794477228	29751.1113322364	81.0860129821081	60366.8797315883
7.9433	5180.26973800446	36255.7305192458	36623.9428522197	81.8685353002048	60369.2817775822
6.3096	5840.94251986714	44831.0195578318	45209.9206382304	82.5768632247462	60371.7038205761
5.0119	6564.68008573124	55625.9546445007	56011.9795645543	83.2693876268028	60374.2258675697
3.9811	7372.05083817255	69128.9146478805	69520.8887598148	83.91286504832	60376.7329135634
3.1623	8291.37399272454	86046.3550081193	86444.9078481232	84.4960069520055	60379.284963557
2.5119	9568.96590398935	107137.656669185	107564.132428221	84.8961880613784	60382.0820135499
1.9953	10807.2255032914	133702.874859925	134138.93867512	85.3788193698258	60384.8640665429
1.5849	12389.6681416627	166982.188119311	167441.198710991	85.7565696010273	60390.4351715288
1.2589	14101.6322892906	208520.994033703	208997.275068423	86.131153734464	60393.2772225216
1	16407.6957112923	260469.069641932	260985.34196136	86.3955366786362	60398.3863185087
0.79433	19300.5403384132	325787.306608354	326358.514527322	86.6096024143248	60401.6833775004
0.63096	22988.0428903627	407755.42443945	408402.909240036	86.7732493949127	60405.3454434912
0.50119	28020.0654682134	510673.145819815	511441.282974252	86.8593937059464	60409.2325184814
0.39811	34793.03782161	639931.591997482	640876.741594894	86.887896441843	60413.5995964703
0.31623	44329.5320390652	801423.872672377	802648.946364469	86.8339981026373	60418.3866844582
0.25119	56652.8664096624	1003719.58278281	1005317.13808834	86.7694864536923	60423.9087874443
0.19953	75475.4262448859	1257729.64387119	1259992.22102329	86.565840935054	60430.2859084282
0.15849	101422.576487062	1573521.40027858	1576786.64890211	86.3120564497025	60437.6880424095
0.12589	140199.150114566	1970667.75196301	1975648.54929205	85.9306644339386	60446.3202053877
0.1	192933.112794411	2461602.38558251	2469151.57305461	85.5184879005357	60456.6423943617
