Frequency (Hz)	Z' (Ω)	-Z'' (Ω)	Z (Ω)	-Phase (°)	Time (s)
10000	117.325475676607	47.9369873522942	126.740766918763	22.2240033560139	23771.3011419832
7943.3	116.140232485209	58.2870433601369	129.945884988271	26.6506009973689	23772.4981649802
6309.6	117.778096726732	71.99896183936	138.041771122067	31.4378736983444	23773.755186977
5011.9	118.037234148233	89.4917726784633	148.1268578702	37.1681534476911	23775.0372099738
3981.1	120.057417673311	111.118378924174	163.588134267496	42.7856065998682	23776.3192349706
3162.3	119.181554740598	138.985685151322	183.088130875184	49.3865953567288	23777.5862569674
2511.9	120.895580529919	174.859511434757	212.58313698614	55.3405248135249	23778.8732829641
1995.3	120.658384911646	217.857359315809	249.038701525575	61.0205087852648	23780.1453049609
1584.9	124.310207623288	272.282101405003	299.316839594549	65.4609639229657	23781.3773269578
1258.9	127.742513247047	340.043093210729	363.245722522637	69.4105246922351	23782.6343499546
1000	131.608452706345	430.716576314379	450.374903758789	73.0091024991612	23786.5624269447
794.33	137.668995958888	540.190578962263	557.457275535905	75.702375965678	23787.8444489415
630.96	146.473757248735	677.01310816151	692.67691616299	77.7920491990492	23789.1014729383
501.19	159.676146498526	848.74536850819	863.634860531187	79.3453687242614	23790.413496935
398.11	178.657524983896	1063.45363067573	1078.35621935925	80.4635049291642	23793.2445489278
316.23	206.610628310735	1329.8876689443	1345.84143335724	81.169155842787	23794.4365719248
251.19	247.329358884952	1660.84047620765	1679.15541245475	81.5298631606475	23795.7685939215
199.53	306.384998654046	2070.96211428211	2093.50324723705	81.5845153923258	23797.0456189182
158.49	390.26325366801	2572.44013628953	2601.87502812046	81.3734743665286	23798.3576439149
125.89	507.405513236681	3184.69654403394	3224.86471537098	80.9473707817784	23799.7296669115
100	668.509145311215	3928.33899235599	3984.81514203974	80.3421523275084	23801.0666939081
79.433	880.848485746713	4818.13450686613	4897.99083105475	79.6396331541698	23802.4637179046
63.096	1153.40140604322	5882.2861568112	5994.2993947646	78.9061647732977	23803.9107439009
50.119	1476.79395243112	7145.67916545348	7296.68768096409	78.3231063873132	23805.5277738968
39.811	1857.3745498534	8668.45761538209	8865.21278075822	77.9062040093827	23807.049803893
31.623	2278.56716317253	10497.5117236111	10741.9560930233	77.7534717423114	23808.6468338889
25.119	2732.87136092707	12711.3266406012	13001.7849097512	77.8663949874528	23810.1888628851
19.953	3215.22215821551	15441.0522757108	15772.246159248	78.2376278641412	23812.0658978803
15.849	3717.26543245064	18817.9265144767	19181.564602491	78.8257393537327	23814.0079308754
12.589	4244.04888343293	23014.8359391547	23402.8764093471	79.5517528625088	23815.9299688706
10	4803.03136299705	28235.0398254506	28640.6456669314	80.3458909402528	23818.1870088649
7.9433	5373.90929568413	34802.1023057042	35214.5598583163	81.2220937511427	23820.4740508591
6.3096	6043.01861580491	42982.2936367234	43405.0186068901	81.9970572881188	23822.8510968531
5.0119	6744.50922697201	53237.9734220918	53663.4905573991	82.779885428441	23825.258141847
3.9811	7557.70561009451	66130.6611337686	66561.1242098433	83.4802702877865	23827.635182841
3.1623	8444.88269509356	82231.8608028731	82664.3512938739	84.1365083498651	23830.1372318347
2.5119	9595.84755730374	102376.55447352	102825.284809781	84.645259237144	23832.6142778284
1.9953	10775.9744949476	127691.419682724	128145.309266103	85.1761959956323	23835.2313248218
1.5849	12192.8254250272	159547.335068239	160012.553005138	85.6298725147742	23839.3604028114
1.2589	13855.1105438803	199311.821493559	199792.808367227	86.0234954573396	23842.1674538043
1	15987.4256701556	248878.716274809	249391.686297189	86.3244942493204	23847.1365457918
0.79433	18526.0441635868	311205.130040882	311756.07015119	86.5932023006338	23850.223601784
0.63096	21778.3839480891	389709.496322077	390317.549606723	86.8014303899315	23853.6506647753
0.50119	26020.2416094425	487866.651664068	488560.050330891	86.94703704886	23857.4977357656
0.39811	31785.2016706243	611062.884573606	611888.999695744	87.0223718092838	23861.689813755
0.31623	39469.105078834	765916.957479673	766933.240908649	87.0500528112633	23866.4269017431
0.25119	50420.2783047306	959767.509780553	961090.982839133	86.9927967559799	23871.8290037294
0.19953	64676.1327433393	1202200.48793213	1203938.95830764	86.9205630476621	23878.0661187137
0.15849	86559.249199168	1507304.96050359	1509788.31217514	86.7133136603483	23885.3432516953
0.12589	116309.305218409	1887373.43248081	1890953.81437908	86.473609563568	23893.8304106739
0.1	160764.895520926	2366464.32845941	2371918.79487952	86.1136033896904	23904.0275986481
