Frequency (Hz)	Z' (Ω)	-Z'' (Ω)	Z (Ω)	-Phase (°)	Time (s)
10000	111.802597497573	47.8654184319384	121.617922564352	23.1769479021567	64764.0181504866
7943.3	111.966582140072	58.7145958387574	126.427525802881	27.6722437901935	64765.3651744832
6309.6	112.376041261652	72.6654707364426	133.823186656832	32.8878313786179	64766.7571974797
5011.9	113.294492763332	88.9763095881439	144.057022593228	38.1444692450885	64768.1542264761
3981.1	114.128226025562	111.563522224583	159.598469500484	44.3489333136067	64769.5862504725
3162.3	114.452813929163	139.00725201585	180.062385659253	50.5333729678327	64770.993276469
2511.9	115.184129340045	175.009397775661	209.512942229409	56.6486993802921	64772.4053024654
1995.3	115.592943021566	215.813163401311	244.820444353955	61.8257939876157	64773.7923294619
1584.9	117.102076097798	275.23805745325	299.113497684496	66.9523126326635	64775.1543534585
1258.9	120.281285633912	343.296973832538	363.758711120882	70.6910217477917	64776.5463794549
1000	125.052980240237	432.691128253869	450.399667336213	73.8800652310351	64780.7044594444
794.33	130.521134879149	542.519783544619	557.999536010059	76.4726769472659	64782.1864844407
630.96	138.737381947702	680.984926175715	694.97376269054	78.484696096604	64783.5735114372
501.19	150.443535606876	853.023620326375	866.188521189592	79.9978857378937	64785.0205374335
398.11	167.886794647405	1069.76456699032	1082.8583492798	81.0808605104195	64788.016593426
316.23	193.460721940839	1339.04930466714	1352.95236104728	81.7790098774614	64789.3386174226
251.19	230.736039985919	1673.54556377156	1689.37677093295	82.1499735463005	64790.795645419
199.53	284.594246728008	2089.08355987712	2108.37947377116	82.2423943974642	64792.2076694154
158.49	361.599580854488	2597.64827789925	2622.69533734803	82.0751998543795	64793.6696984117
125.89	469.939757596573	3223.82554044398	3257.89724991272	81.7063610918579	64795.1867244079
100	618.698443410449	3982.97404195547	4030.74062459613	81.1704796628469	64796.6737544041
79.433	817.885694039805	4901.97558094574	4969.73858514744	80.5275593358979	64798.1907804003
63.096	1069.04462487476	6000.74688141927	6095.22924465001	79.8986229035752	64799.7728113963
50.119	1378.92470174924	7320.95653575331	7449.68710292475	79.3331342274168	64801.6248453916
39.811	1740.39437579527	8898.48400156586	9067.08277834846	78.9336012063815	64803.2768753875
31.623	2148.28921053278	10819.6932409997	11030.9069600567	78.769774003717	64805.0089063831
25.119	2580.1920418195	13139.0025669194	13389.9506879668	78.8898291701984	64806.6609393789
19.953	3047.22369456368	16011.6681787793	16299.0518163494	79.2247421329078	64808.6629753739
15.849	3549.02058600906	19553.2215237239	19872.6953148216	79.7124870768639	64810.7000123687
12.589	4055.31747110302	23967.5899573478	24308.2489734451	80.3965068115258	64812.7770503635
10	4592.53339229706	29470.8887228579	29826.5761540684	81.1426721163103	64815.1640933574
7.9433	5173.74235216664	36396.8698717657	36762.7494400085	81.9097197234328	64817.5861413513
6.3096	5807.39523564896	45006.2930437591	45379.4254366862	82.6474558275242	64820.1181853449
5.0119	6543.96010414403	55820.0582037538	56202.3336856673	83.313556952495	64822.7002343384
3.9811	7375.48627998958	69375.4712599074	69766.423230667	83.93153126487	64825.222282332
3.1623	8314.67148424471	86349.1013976469	86748.4932092311	84.4998693678538	64827.8893293253
2.5119	9541.31202517616	107546.313636147	107968.727934927	84.9300971365939	64830.6163813184
1.9953	10739.7996977436	134261.835470965	134690.696640786	85.4265651653569	64833.4284323113
1.5849	12297.7968138035	167512.365606405	167963.175837823	85.8012051306992	64837.7975163003
1.2589	14233.9464654453	209465.396374173	209948.463938583	86.1125167986786	64840.6545682931
1	16509.3152198039	261458.267951565	261978.975051929	86.3869570828699	64845.8736642799
0.79433	19374.9890717872	326977.712975882	327551.240242608	86.6089169142486	64849.1107252717
0.63096	23091.3613402675	409232.796306239	409883.754912501	86.7704541269071	64852.7677922625
0.50119	28114.5809248101	512601.125125705	513371.544926982	86.8606496946248	64856.6448642527
0.39811	35002.7536518094	641919.337851339	642872.949400354	86.8788509815935	64860.9869422417
0.31623	44145.2042488156	804053.887937132	805264.834551334	86.857428260404	64865.9090362293
0.25119	57661.3784427488	1007764.16232048	1009412.42384934	86.7252701202483	64871.4761392153
0.19953	76369.0319883324	1261642.12122146	1263951.37212119	86.5360297618709	64877.8782551991
0.15849	102933.819812743	1580893.98085229	1584241.50619666	86.2746646315824	64885.3503941802
0.12589	138934.256781984	1975544.39961459	1980423.79367552	85.977178914626	64894.0425541583
0.1	197925.851524948	2471000.81889928	2478915.0226869	85.420415918962	64904.4347481321
