Frequency (Hz)	Z' (Ω)	-Z'' (Ω)	Z (Ω)	-Phase (°)	Time (s)
10000	111.173333655274	48.2940872846279	121.209855138442	23.480296010547	71252.6162911044
7943.3	111.859485200082	59.6281086575011	126.759835008169	28.0604091132417	71253.968313101
6309.6	112.399987729433	71.7376784522723	133.341860461365	32.547470088359	71255.4253420973
5011.9	111.827514784703	89.1825581992721	143.034687226174	38.5723966159572	71256.8573660937
3981.1	113.37896750084	111.775547834688	159.212321650371	44.5919796388157	71258.2843940901
3162.3	112.339282990182	138.690108859933	178.479861044119	50.9924539054954	71259.7114190865
2511.9	114.915118377595	173.137880763636	207.803296862825	56.426964735275	71261.1484460829
1995.3	115.601485178727	219.408879963866	247.999919319595	62.2162867678115	71262.5754750793
1584.9	115.063706320274	274.615739164948	297.747310162945	67.2663671710785	71263.9974990757
1258.9	121.803512348461	343.079376766797	364.059822533489	70.4536050785565	71265.3895240722
1000	124.243612254942	432.819604590393	450.299106488055	73.9835385231263	71269.5326040617
794.33	129.62211885413	542.691373085529	557.956826392232	76.566556128419	71271.014631058
630.96	137.698819868341	681.140968191087	694.920127454534	78.5711697608043	71272.4316560544
501.19	149.475316667353	853.901831501651	866.885925675737	80.0709878066824	71273.9036830507
398.11	166.715656104672	1070.47689657102	1083.38123303052	81.1478892424082	71276.934742043
316.23	192.004242028679	1340.14251567366	1353.82701674665	81.8466323300084	71278.2667650397
251.19	228.947046583833	1675.74908786926	1691.31657463472	82.2202057615877	71279.738790036
199.53	282.312810344701	2089.96916978859	2108.95036773071	82.3070567182568	71281.2058190323
158.49	358.70170927972	2600.587332598	2625.20882801909	82.1466865200476	71282.7228450284
125.89	466.541555028354	3226.60987152719	3260.16445683419	81.7725166977109	71284.2298730246
100	614.179914650127	3988.93294143612	4035.93892159357	81.2468512141361	71285.7169030209
79.433	810.139098788273	4908.97921618857	4975.37961409547	80.628825032634	71287.2739290169
63.096	1064.24544305669	6016.03294531619	6109.44111700872	79.9680764302441	71288.8609610129
50.119	1373.18617410853	7332.75143581439	7460.22009649855	79.393213022295	71290.7079960083
39.811	1728.64888506636	8924.82403186822	9090.69364612259	79.0381184609582	71292.405024004
31.623	2135.47945578641	10855.2950698692	11063.3495633109	78.8707519013425	71294.1720579995
25.119	2562.62968848611	13183.6730112313	13430.4246019021	79.0000701320742	71295.8540909953
19.953	3028.11653031876	16068.8798729138	16351.709087778	79.3279913617127	71297.8611279902
15.849	3512.00832295368	19632.0975478544	19943.7573337866	79.8575772505447	71299.9531669849
12.589	4027.25338391169	24080.5880430063	24415.0259126466	80.5056823505418	71302.0402039796
10	4572.16040830506	29614.771173434	29965.6356924749	81.2235217553687	71304.4622499735
7.9433	5168.9405764123	36560.3108364487	36923.8984282569	81.9527887711157	71306.9342979673
6.3096	5810.12069424604	45190.4842917071	45562.4557393555	82.6736986442956	71309.4813439609
5.0119	6531.67583885378	56107.9560361052	56486.8614795811	83.3599340287793	71312.0733909543
3.9811	7334.9785911748	69743.3897455404	70128.042352053	83.996219289841	71314.6104369479
3.1623	8265.66691895631	86810.8778242302	87203.4962500275	84.5609994911833	71317.2124859413
2.5119	9511.21923491349	108138.018003745	108555.489170805	84.9735165445374	71319.9495369344
1.9953	10841.5397645786	134944.692828906	135379.500320967	85.4066875067784	71322.7765899273
1.5849	12410.5105912253	168393.392924114	168850.097878651	85.7849496012347	71328.4026949131
1.2589	14305.532905296	210551.814465081	211037.235686602	86.113123463241	71331.3397469057
1	16519.7993844921	262725.44622261	263244.304524473	86.4020602828179	71336.5688458925
0.79433	19463.2026917483	328661.621424916	329237.418372631	86.6109261692648	71339.8759038841
0.63096	23163.5256292002	411294.425509226	411946.177764207	86.7765871086175	71343.5429728749
0.50119	28384.7724483016	515128.493256571	515909.933875795	86.8460594011262	71347.4750438649
0.39811	35299.1186648908	645411.015160635	646375.592259794	86.8694715738406	71351.827125854
0.31623	44774.4490564143	808317.929662608	809557.055865953	86.8295049448727	71356.7642158415
0.25119	58265.6890754145	1013337.65372042	1015011.37479884	86.7091854063234	71362.3263198275
0.19953	77410.658013266	1268540.68055342	1270900.41631632	86.507947396608	71368.7684398112
0.15849	104320.408878331	1588163.08438748	1591585.60257364	86.2418564296315	71376.2255777924
0.12589	143442.814651321	1988468.98256516	1993636.0589884	85.8739833412918	71384.8577367706
0.1	201765.181632555	2486131.63660978	2494305.4550458	85.3602564696112	71395.2149287444
