Frequency (Hz)	Z' (Ω)	-Z'' (Ω)	Z (Ω)	-Phase (°)	Time (s)
10000	114.409950263754	48.4791737166409	124.257261371732	22.963934917322	43296.8116696861
7943.3	115.269425298752	59.5670223807973	129.75080178565	27.328266639278	43298.0986936828
6309.6	115.009432301223	72.0762201121957	135.728224860974	32.0753038197032	43299.4457186794
5011.9	114.204395223843	90.3208035787128	145.603885413639	38.3394066886324	43300.802743676
3981.1	115.636163524934	111.202046611373	160.42947823054	43.8801541255764	43302.1097686727
3162.3	116.959768241915	139.023885464232	181.67891489321	49.9263458583479	43303.4217936694
2511.9	116.831219620927	172.739638601775	208.539005038351	55.9278261155326	43304.753816666
1995.3	119.512054940153	218.272965415285	248.849791455007	61.2977588989051	43306.0708396627
1584.9	120.843854401443	275.052492431266	300.42821228914	66.2817945995994	43307.2678606597
1258.9	122.632517636912	344.561275793096	365.733792748405	70.4088894477588	43308.6048866563
1000	128.026430653125	431.692974972629	450.277238583629	73.4813153631573	43312.6579636461
794.33	133.740735677392	541.352206797338	557.627829456061	76.1229792855537	43314.0349866426
630.96	142.209011471942	678.804596378924	693.540974282688	78.16770610653	43315.3720106392
501.19	154.610730609888	851.196564233266	865.124308398649	79.705076182191	43316.7540376357
398.11	172.793718541036	1066.98824728256	1080.88925843786	80.8010814840954	43319.5600906286
316.23	199.551280692633	1334.96833581087	1349.80041904117	81.4983658285058	43320.8121146255
251.19	238.229277238065	1667.98581520103	1684.91242153568	81.8717292947666	43322.2141416219
199.53	294.362751753392	2079.57447368494	2100.30460200939	81.9433343487003	43323.6011666184
158.49	374.438080421665	2586.54527406778	2613.50728540638	81.7628687192468	43324.9781896149
125.89	487.168906861899	3206.5411943068	3243.33778299447	81.3611332572089	43326.3852156114
100	640.594665456317	3959.27629401221	4010.76430343871	80.8094222997386	43327.7922446078
79.433	844.934387862941	4863.0663461586	4935.92224482251	80.1435282566738	43329.2492706042
63.096	1103.50560469961	5943.44188346603	6045.01662873988	79.4817919678058	43330.7562956004
50.119	1427.0197349217	7243.39247788413	7382.62283423205	78.8548949541186	43332.5033305959
39.811	1791.65101118577	8795.17600484495	8975.80828126824	78.4859118374602	43334.080358592
31.623	2203.4663276993	10670.9089136255	10896.0341822241	78.3328138641723	43335.7473895878
25.119	2654.02934733697	12954.2844792603	13223.3641009438	78.4216608426847	43337.3644185837
19.953	3116.47542524105	15760.1498985797	16065.3273823422	78.814407841337	43339.2864565788
15.849	3604.44712084746	19223.7609140397	19558.7582102532	79.3803679032957	43341.2634905738
12.589	4126.07358957247	23554.7218274973	23913.372903824	80.064320514032	43343.3755295685
10	4686.8282545602	28948.8906524582	29325.8355225512	80.803604464437	43345.6975745626
7.9433	5286.90865726876	35684.0118437237	36073.5374535589	81.5724207661632	43348.0096185568
6.3096	5905.10847000739	44099.9286669261	44493.5277818081	82.3732951148901	43350.4166625507
5.0119	6622.27663885651	54750.2704943235	55149.3124806024	83.1033356315053	43352.8887085445
3.9811	7421.78375545571	67929.2211417337	68333.4614887561	83.7647326742794	43355.3557515382
3.1623	8342.1735274196	84537.6066964509	84948.212489289	84.3642965433489	43357.832797532
2.5119	9519.69758700719	105301.678365896	105731.112302967	84.8342722519166	43360.4948495253
1.9953	10754.5405872427	131465.392567553	131904.547253624	85.3233262570411	43363.1618965185
1.5849	12274.3145097683	164079.803358345	164538.265053446	85.7218442208115	43368.5780005049
1.2589	14038.7754873004	205025.55317179	205505.631724732	86.0828833881538	43371.3450474979
1	16167.6947508122	255863.808346501	256374.107068421	86.3843627412938	43376.4191434851
0.79433	18936.3971920838	320257.343244187	320816.696947714	86.6161155219678	43379.626203477
0.63096	22371.1742450651	400812.421756082	401436.255053126	86.8053751395099	43383.183267468
0.50119	27097.1318098492	501916.517160993	502647.435834842	86.9097539187935	43387.0203394583
0.39811	33333.7586068396	628913.180990334	629795.942100486	86.9660386903911	43391.3324174474
0.31623	41795.8311320243	787833.821845807	788941.710359002	86.9632150617419	43396.1645104352
0.25119	54148.5853851478	987529.206435957	989012.640396089	86.86147844077	43401.6366114214
0.19953	70870.5187154776	1236683.69666676	1238712.71730953	86.7201433400845	43407.8387264057
0.15849	94638.5607921389	1549186.64273613	1552074.64743834	86.5041914427017	43415.1508613873
0.12589	127867.157637961	1938288.28251045	1942501.3452041	86.2257170703691	43423.7830183655
0.1	179825.506207332	2426296.14359113	2432950.92204671	85.7612597926235	43433.9802103397
