Frequency (Hz)	Z' (Ω)	-Z'' (Ω)	Z (Ω)	-Phase (°)	Time (s)
10000	116.082337409039	47.3978762080028	125.386074694821	22.2108104839023	28560.8988258907
7943.3	116.62717034427	58.9378399323344	130.673508556252	26.8098691277236	28562.0858468877
6309.6	117.160577264428	71.935244093852	137.481926840498	31.5494454229424	28563.4078698843
5011.9	117.628930053515	89.5489280457913	147.836313873436	37.2814087730498	28564.6998948811
3981.1	118.053807997842	111.188492989426	162.171460362331	43.2846270502301	28565.9819168778
3162.3	118.803013899416	139.539762293313	183.263475282062	49.5891984829827	28567.2789408746
2511.9	120.054763214259	173.660556171863	211.11876974905	55.3431757634325	28568.5659668713
1995.3	121.634395156108	218.486901319356	250.06289635435	60.8947654951031	28569.8529908681
1584.9	120.959715902514	272.898206324904	298.504076834081	66.0951080729116	28571.0950138649
1258.9	124.021869676079	344.242139893319	365.901728659871	70.1871714462556	28572.3470358618
1000	130.385788687933	430.831804831416	450.129423550682	73.1622253160072	28576.3351118517
794.33	136.370415125104	540.195206618332	557.142487497422	75.8319014953463	28577.6471358484
630.96	145.139855541797	677.419926152312	692.79386112674	77.9069861829718	28578.9191588452
501.19	158.120160815883	849.23193199915	863.826868986749	79.4527615173728	28580.2311808419
398.11	176.918409594239	1064.45757880128	1079.05980405205	80.563403910832	28583.0922368346
316.23	204.487229656303	1330.65507327052	1346.2755851285	81.263467643174	28584.2942578316
251.19	244.985216555657	1662.66509476429	1680.61684320918	81.6180707227487	28585.6462808282
199.53	302.966826097206	2071.91017272003	2093.94380572549	81.680835051093	28586.9333078249
158.49	386.146297413885	2576.31430941292	2605.09201063844	81.4757779860402	28588.2903298215
125.89	501.922286814944	3189.35149654796	3228.60479937298	81.0564634840669	28589.6573558181
100	661.286711021053	3932.79350556024	3988.00261679326	80.4551833303107	28591.0093808146
79.433	870.824201213895	4828.07799677628	4905.98327885196	79.7756799736199	28592.4264088111
63.096	1136.25153796588	5900.27374273186	6008.68519700449	79.0996450853333	28593.8634328074
50.119	1459.89096579266	7170.63176909669	7317.73473145766	78.4922550087686	28595.5154638033
39.811	1837.89044986322	8698.15935474522	8890.20907888224	78.0690941661831	28597.0324937994
31.623	2254.10001390618	10542.1215081211	10780.4124580037	77.9308426219547	28598.6795227953
25.119	2709.03892708747	12779.1261463366	13063.1143672732	78.0310963740381	28600.2215527914
19.953	3182.48249583582	15522.304773737	15845.1929721629	78.4134213688353	28602.1185887866
15.849	3686.58064854331	18921.4365304701	19277.2310577745	78.9748329487702	28604.0406217817
12.589	4203.15831934475	23156.7006346666	23535.0658410179	79.7122814586026	28605.9976577768
10	4748.64900226556	28445.0256647921	28838.6745953659	80.5223695213137	28608.279700771
7.9433	5325.96170595771	35056.8064225853	35459.0685811676	81.3614672766875	28610.5767457652
6.3096	5997.11737453534	43348.5456248321	43761.4193621745	82.1233308593229	28612.8737867594
5.0119	6687.268197121	53654.2934818082	54069.4254174411	82.8955071012211	28615.3008307533
3.9811	7502.39815992685	66674.6019942887	67095.3689105804	83.5799357687969	28617.7178757472
3.1623	8416.9644585728	82982.5211946465	83408.2976358878	84.2082643042848	28620.1249197411
2.5119	9513.06707597066	103194.602847474	103632.159593631	84.7330345036653	28622.6219657348
1.9953	10689.2267384074	128796.828482489	129239.632448459	85.2557277695182	28625.2690167281
1.5849	12158.3572327569	160839.593333604	161298.482430302	85.6770583299355	28629.5130947174
1.2589	13499.1112550513	200999.266384671	201452.056559004	86.1577850930237	28632.2301437106
1	15935.7016388234	250981.266701875	251486.665296591	86.3669621507768	28637.3092426977
0.79433	18480.4337980854	313663.577183289	314207.52073237	86.6281446903824	28640.4212976899
0.63096	21786.1695897227	392644.670400108	393248.616499793	86.8241592522522	28643.9133626811
0.50119	26137.616201387	491887.207936285	492581.161142045	86.9583108819244	28647.7604336714
0.39811	31945.7332826359	616574.490650467	617401.5163537	87.0340639758895	28651.9325086608
0.31623	39899.2805882291	772429.364659508	773459.162451225	87.0430559199147	28656.7295996487
0.25119	50965.0507222779	968505.925549137	969845.948704698	86.9877402321303	28662.176700635
0.19953	66272.4450694344	1212520.78834739	1214330.55596492	86.8715117573928	28668.4288146192
0.15849	87724.283471784	1520330.96789406	1522859.74464109	86.697650479888	28675.7259506008
0.12589	117893.311059951	1904698.91341141	1908343.98983602	86.4581369005298	28684.2231065793
0.1	163921.464806497	2383856.16213222	2389485.39404618	86.066353691002	28694.3602965537
