Frequency (Hz)	Z' (Ω)	-Z'' (Ω)	Z (Ω)	-Phase (°)	Time (s)
10000	116.907439647854	48.5206233904376	126.576460446693	22.5401374038553	22213.9003079153
7943.3	118.075244864251	57.7453181224195	131.439283377582	26.0611877529266	22215.0823269123
6309.6	118.856724238285	72.3171750100688	139.128338946789	31.3180001994838	22216.3643489091
5011.9	118.093081674316	88.8724404572423	147.798127904797	36.9637520620203	22217.6513769058
3981.1	119.598505570048	111.834298783774	163.739771952471	43.0785373138067	22218.9383989026
3162.3	119.643912643435	139.057648810197	183.443984707186	49.2916021333155	22220.1954208994
2511.9	120.867930155342	173.695109050494	211.610603345153	55.1673869357401	22221.4824448962
1995.3	121.942275311587	218.914762527993	250.586495567608	60.8808442825693	22222.7544698929
1584.9	122.650978936061	275.270098754224	301.358407717678	65.9838757278001	22223.9964918898
1258.9	126.273503385539	342.858957989542	365.372772290072	69.7814611940621	22225.2735148866
1000	131.606013823253	430.374872851305	450.047413120243	72.9966871649372	22229.0165858771
794.33	137.761107306591	539.944118325937	557.241216710601	75.686940160179	22230.2336058741
630.96	146.683897456826	676.953201741357	692.66283509439	77.7740120082708	22231.5206328708
501.19	159.792735857874	848.050903440014	862.973958621213	79.3292365939388	22232.8176538675
398.11	178.933887548789	1062.93099567789	1077.88665345022	80.4444150676387	22235.6387078604
316.23	207.143590809373	1329.42410019162	1345.46531184706	81.1436984533214	22236.8407308574
251.19	248.188992890267	1660.51437828152	1678.9597305092	81.4992083282554	22238.2027558539
199.53	307.292368553396	2068.13205504293	2090.8368651971	81.5485683116316	22239.4997808507
158.49	391.414673715043	2569.86761838386	2599.50476491531	81.3398782270705	22240.8168038473
125.89	509.453690453017	3182.27153887174	3222.79307586282	80.904627837303	22242.1788288439
100	670.89090151988	3922.73748175726	3979.69395211811	80.2948187313277	22243.5008518406
79.433	883.926384614642	4814.15177501852	4894.62799059662	79.5958068396988	22244.8728808371
63.096	1153.0722201055	5876.63742896746	5988.69293054171	78.8988565489567	22246.2949038335
50.119	1479.07059457424	7143.15518336434	7294.67722365829	78.3015823227642	22247.9669348293
39.811	1861.15966956229	8651.78386536149	8849.70504415456	77.8596247079069	22249.4689648255
31.623	2281.42888350673	10478.2307557804	10723.7231184827	77.7166781367996	22251.0659948215
25.119	2732.80079898623	12693.9663245174	12984.7980829476	77.8505980758446	22252.7230258173
19.953	3217.35207640146	15416.8544312373	15748.9921879936	78.2120959577182	22254.5850598126
15.849	3722.95788253512	18762.0344529876	19127.8423302323	78.7765664719476	22256.4720938078
12.589	4244.39927745619	22967.5786584334	23356.4679405469	79.5298845311002	22258.4291288029
10	4800.22219893616	28195.0655747866	28600.7667017106	80.3380093878157	22260.6711717972
7.9433	5385.96446150665	34737.3858339592	35152.4478202864	81.1865777149159	22262.9332137915
6.3096	6050.08657634166	42935.5362089943	43359.7026873465	81.9792065709851	22265.3052557855
5.0119	6732.22488642564	53112.9474987437	53537.9122111212	82.7761113847591	22267.6873027795
3.9811	7526.72278302658	65997.8192899167	66425.6253781402	83.4938114435053	22270.1543457733
3.1623	8423.8871886465	82093.7583953056	82524.8268270455	84.1412137285946	22272.5663907672
2.5119	9542.02215821658	102243.155652324	102687.45329695	84.6682146520012	22275.0984387608
1.9953	10712.4641924581	127488.040362686	127937.31795138	85.1968786246997	22277.7454887541
1.5849	12193.0897110701	159127.121922637	159593.584984121	85.6182824283521	22283.2715907401
1.2589	13818.7052697612	198634.545184737	199114.638226525	86.0204309726042	22285.9936407333
1	15883.6567912789	248323.847840914	248831.316275867	86.3401484926063	22290.9677337207
0.79433	18383.5673841204	310630.938256135	311174.445209842	86.613107177854	22294.0497907129
0.63096	21555.4265824662	388862.948877977	389459.920178224	86.8272309421626	22297.7968597035
0.50119	25781.1040704339	487089.411389512	487771.216878232	86.9702248925197	22301.563929694
0.39811	31462.9791423316	610072.868077529	610883.641474261	87.0477293250074	22305.7960106833
0.31623	39051.8591975874	764789.497078018	765785.885576142	87.076888341539	22310.5830966712
0.25119	49895.8170994754	958562.006427803	959859.735967147	87.0202846321355	22315.9801966576
0.19953	64251.9957815198	1201201.19241195	1202918.37778537	86.9381788574107	22322.2073116418
0.15849	85320.3989266681	1503989.65523952	1506407.7978889	86.75312608799	22329.4744456235
0.12589	116632.440336851	1886895.52413092	1890496.71915194	86.4629438741599	22337.9666016021
0.1	157736.498331669	2363832.38730293	2369089.3520862	86.1823616564438	22348.1387895764
