Frequency (Hz)	Z' (Ω)	-Z'' (Ω)	Z (Ω)	-Phase (°)	Time (s)
10000	113.654686408883	48.4831687538816	123.563770560463	23.1022762386043	55952.4129987337
7943.3	113.128341209488	59.063326621513	127.618565014694	27.568671268974	55953.7150207305
6309.6	114.222531772873	73.0395966477721	135.578646707637	32.5968812678899	55955.087043727
5011.9	113.088883638941	89.8528210276958	144.439001136594	38.468291676792	55956.4740717235
3981.1	114.901573240194	112.136288683336	160.551919243415	44.302181147756	55957.8810977199
3162.3	115.396971247134	139.467403177385	181.018279524625	50.3952439971295	55959.2631237164
2511.9	117.017466651326	174.554857261731	210.148722801633	56.1630306594591	55960.6601477129
1995.3	118.081385448133	219.007467754906	248.812147054292	61.667962075286	55962.0471737094
1584.9	120.510713526169	274.262446580166	299.570895914014	66.2793493577044	55963.399198706
1258.9	122.864797084045	344.356588788377	365.618952742429	70.3638410394945	55964.7712247025
1000	126.495247000371	432.178850285305	450.310566329076	73.6856742400334	55968.8693026922
794.33	132.116115254444	542.11076989549	557.977378346655	76.3036159611832	55970.2713276886
630.96	140.381143192855	680.090014624737	694.427313227531	78.3370623354449	55971.6683526851
501.19	152.415554040905	852.249429536971	865.77109634111	79.8604643668515	55973.0603766816
398.11	170.030317956986	1068.65413607733	1082.0961008985	80.9596198812791	55976.0214346741
316.23	196.026659075379	1337.3880918627	1351.67797915199	81.6612919580994	55977.3434586708
251.19	233.920359389917	1671.78914903829	1688.07514447055	82.0347634661354	55978.7504846672
199.53	288.940825641335	2085.57331287831	2105.49349182383	82.1123015576909	55980.1725076637
158.49	366.682333613103	2593.76657005362	2619.55739652936	81.9533841982962	55981.5895366601
125.89	476.648225574585	3216.26395685059	3251.39160530989	81.5701603937584	55983.0515646564
100	627.926195816552	3972.56280391095	4021.88345659214	81.0178125620721	55984.4835886528
79.433	828.069620296715	4885.33587571173	4955.01825572565	80.3797410410667	55985.980616649
63.096	1087.02690653151	5982.26817850085	6080.22697397288	79.7012560553491	55987.5276446451
50.119	1393.27253006756	7290.49651082704	7422.43543033027	79.1807711225592	55989.3196786406
39.811	1761.86906303085	8857.72047416334	9031.24546193257	78.7502556486779	55990.9417106365
31.623	2164.09018731993	10765.172900356	10980.5388717227	78.633500286998	55992.6637416321
25.119	2604.90075081738	13074.036748204	13331.0143955738	78.7318185738593	55994.3207706279
19.953	3072.94729803708	15901.7523738377	16195.9480628757	79.0626477290349	55996.287807623
15.849	3560.32378748767	19422.299164597	19745.9264232109	79.6123724635227	55998.3148446178
12.589	4089.1583618984	23802.9764684934	24151.6646396959	80.2522002317851	56000.4268856125
10	4631.89917409836	29268.3941570242	29632.640558849	81.0071787814636	56002.7939276065
7.9433	5206.06300122658	36118.4880214108	36491.7561776018	81.7979651765767	56005.1859766005
6.3096	5873.59215999748	44641.3238934887	45026.0689359547	82.5044782649761	56007.5630185945
5.0119	6573.12068806771	55416.6949171342	55805.1609720699	83.235600660944	56009.9900625884
3.9811	7384.49541966946	68796.0956568967	69191.2823283106	83.8733932086763	56012.5371095819
3.1623	8334.06735160688	85656.2255398435	86060.7091090566	84.4428021744391	56015.0741565755
2.5119	9581.5557116378	106695.49735684	107124.858768068	84.8684428893035	56017.666202569
1.9953	10721.8533963899	133125.720116973	133556.787535926	85.3953764807869	56020.423254562
1.5849	12299.765271663	166227.089850286	166681.52154883	85.7681825009507	56025.9993605479
1.2589	14254.8101486574	207812.109955989	208300.438445852	86.0759597748635	56028.8414115408
1	16393.3572136899	259270.795677603	259788.544112385	86.3820781330734	56033.915507528
0.79433	19225.4516342172	324181.253276802	324750.832126197	86.6060697170981	56037.2075655197
0.63096	22794.4609002997	405894.146524643	406533.69556619	86.7857234931314	56040.7396325107
0.50119	27657.8897722121	508593.802335325	509345.280375263	86.8872585828685	56044.6267045009
0.39811	34235.6984555158	636654.71443393	637574.551295522	86.9219209049799	56048.9087814901
0.31623	43394.5144415565	798027.065434773	799206.031665211	86.8874786486172	56053.7808724778
0.25119	56301.1777075015	1000005.29015249	1001588.93910836	86.7775991045715	56059.2829754639
0.19953	74375.2998828844	1251944.49071687	1254151.78230906	86.6001782215755	56065.6550934478
0.15849	100314.408440308	1567785.20973001	1570991.22988924	86.3389323016415	56073.0672294291
0.12589	136108.337556703	1962240.35045376	1966955.17806109	86.0321056819682	56081.6643894074
0.1	187319.839545004	2456558.45294116	2463689.94701115	85.6394659371219	56091.8965773816
