Frequency (Hz)	Z' (Ω)	-Z'' (Ω)	Z (Ω)	-Phase (°)	Time (s)
10000	116.545704624941	48.2981213106156	126.157083783111	22.5097805940482	23250.3024952986
7943.3	117.837041799277	59.5290630420206	132.019990026758	26.8020492501863	23251.5245162955
6309.6	117.155864857347	73.4623431613237	138.283088384751	32.0896834766575	23252.8015422923
5011.9	118.194586225476	89.1534539556488	148.048298082867	37.0270272501011	23254.0835662891
3981.1	118.85966087278	112.567755296902	163.704363153141	43.4426613822279	23255.3756262858
3162.3	120.444405502799	138.682263255901	183.683491252485	49.0259536262418	23256.6176122827
2511.9	121.127997981775	176.384458440009	213.970720133031	55.521556349021	23257.8846362795
1995.3	122.446126501426	216.41130568525	248.650170166035	60.4986962300435	23259.1716612762
1584.9	126.177386882117	273.099136913103	300.838613783339	65.2020971945525	23260.4336812731
1258.9	127.046753842894	342.985957754784	365.759818568119	69.6746718130856	23261.6857042699
1000	131.383402302923	430.511963218295	450.113484440049	73.0288881378758	23265.60877926
794.33	137.354099082358	539.908271431967	557.105995386318	75.7265883319855	23266.9108042567
630.96	146.357066767684	677.086276839218	692.723766935158	77.8027622397177	23268.2028252534
501.19	159.363252641291	848.201031321232	863.042082303531	79.3591016294216	23269.4898512502
398.11	178.425994866405	1063.43595024894	1078.30044789285	80.4754816824653	23272.355903243
316.23	206.421175510319	1329.92688938503	1345.85111836652	81.1773819764896	23273.5529242399
251.19	247.18732291153	1660.73707333995	1679.03222106483	81.5341374373472	23274.8749492366
199.53	306.189468149386	2069.8267416927	2092.35148362598	81.5852619464912	23276.1569722334
158.49	389.959664690248	2572.98923098652	2602.37240280056	81.3818961009297	23277.5139992299
125.89	506.996505663488	3184.46635754387	3224.5730630711	80.9539041676856	23278.8660222265
100	667.557478748538	3925.58452371881	3981.94008497036	80.3490025660895	23280.2080472231
79.433	879.206854148647	4817.56968593258	4897.1402237631	79.6573384114023	23281.5750732197
63.096	1145.39665905751	5882.09264104112	5992.57435034144	78.9809130325348	23283.012101216
50.119	1471.98927458967	7143.28906138705	7293.37583283892	78.3562699555559	23284.7091312118
39.811	1852.05857555602	8665.90606083334	8861.6053185909	77.9363558393285	23286.206159208
31.623	2274.16114076831	10498.6302509427	10742.1155290841	77.7777030798547	23287.8181902039
25.119	2720.85968664009	12724.3781569286	13012.0281630077	77.9301840146676	23289.3602192
19.953	3205.84476013321	15448.8814346209	15778.0029853923	78.2767612814329	23291.2422511953
15.849	3690.69558125162	18819.3083857643	19177.7892884443	78.9044149729625	23293.1492901905
12.589	4224.69691115298	23020.4685060348	23404.9147451651	79.6008419813363	23295.0663231856
10	4782.52516901931	28248.0106278672	28650.0026426596	80.3906696196874	23297.3583651798
7.9433	5403.32420978411	34832.9349382297	35249.5286341106	81.1824897584199	23299.6254071741
6.3096	6017.75614897691	43066.3478652021	43484.7525865693	82.0454382073841	23301.9074491683
5.0119	6712.91204804741	53314.1915344814	53735.1487123669	82.8235231274285	23304.3294951622
3.9811	7514.39307240411	66174.5275656417	66599.8063194066	83.5215760715378	23306.7065401562
3.1623	8387.31860908186	82301.598934635	82727.8689478205	84.1811017799058	23309.2535861498
2.5119	9562.8500071609	102465.833074191	102911.102646154	84.6681891039224	23311.8406331433
1.9953	10706.4766062561	127802.892799213	128250.567441892	85.2113219334036	23314.4826851366
1.5849	12120.8936898208	159633.628344737	160093.13340161	85.6578946388571	23319.9837861227
1.2589	13608.1865139672	199573.527862929	200036.935998966	86.0992489217801	23322.7108341158
1	15846.7216215465	248997.644157773	249501.393547755	86.3584899990375	23327.6699301033
0.79433	18323.0682695252	311230.129638641	311769.030575032	86.6307115720485	23330.7569830955
0.63096	21590.5949880861	389760.95873683	390358.500288379	86.8293720750026	23334.2490490867
0.50119	25770.0441504828	488217.113198861	488896.76292214	86.9785045377711	23338.0111180772
0.39811	31518.4346082422	611638.93602513	612450.487616842	87.0500940284103	23342.1631950667
0.31623	39676.4825465298	766335.325725481	767361.749582323	87.036196908521	23346.9302830547
0.25119	49845.7395226497	959154.383574661	960448.712466755	87.0251049565134	23352.352386041
0.19953	67931.0871131572	1205255.74546312	1207168.60652033	86.7740863257453	23358.5795000253
0.15849	81688.0310982027	1504008.94797953	1506225.6969084	86.8911187368461	23365.8616340069
0.12589	119386.802981387	1886608.09956636	1890381.79479054	86.3790831506899	23374.3937919853
0.1	150647.809626503	2349335.6539122	2354160.7373517	86.3310128273848	23384.5909809596
