Frequency (Hz)	Z' (Ω)	-Z'' (Ω)	Z (Ω)	-Phase (°)	Time (s)
10000	113.682574795557	48.6527560326346	123.656049110905	23.169482427516	48627.3343712278
7943.3	113.950717167264	58.9020439974984	128.273990855578	27.3348068413127	48628.6163922245
6309.6	114.532792071393	72.4355388321322	135.516300663685	32.3110475883755	48629.9684152211
5011.9	114.737326201849	89.3784420647317	145.441259379408	37.9179893861233	48631.3104412177
3981.1	114.863288794384	112.726475881751	160.937358861704	44.462072626983	48632.6474672144
3162.3	116.233147244113	140.163276888981	182.087585261952	50.3321138491445	48634.0544912108
2511.9	117.960026991646	175.364922172739	211.346691236273	56.0730680059975	48635.4115172074
1995.3	118.563279693201	218.489411443736	248.585748192929	61.5135290252617	48636.7735432039
1584.9	120.595359493463	275.397450908	300.644302620193	66.351595480788	48638.0805672007
1258.9	121.886472007095	345.596359837557	366.460306160581	70.5730447641287	48639.4025911973
1000	127.328065594221	431.849182604128	450.229000402928	73.5721728262604	48643.4506671871
794.33	133.087879324868	541.97341725719	558.074877267045	76.2033460435825	48644.7876911837
630.96	141.338320131805	679.223431695789	693.773011079478	78.2451775386641	48646.1347161803
501.19	153.551608074917	851.540023098103	865.27366034123	79.7781434805207	48647.5267411768
398.11	171.536305418583	1067.75704525826	1081.44801621498	80.8733546839829	48650.3577941697
316.23	197.844137107869	1336.00105838361	1350.57066849169	81.5764698557309	48651.6398171664
251.19	236.242712042207	1669.53903420606	1686.17057432834	81.9460165973661	48653.0518441629
199.53	291.459328001198	2081.63330702647	2101.93857303225	82.0295617952072	48654.3238661596
158.49	371.136746187597	2590.59030943511	2617.04043448125	81.8470883014917	48655.7058931561
125.89	482.069440091727	3210.57517934737	3246.56494272204	81.4608018051879	48657.1579181525
100	634.023307460042	3964.1397715597	4014.52234803394	80.9130920664947	48658.4899421491
79.433	836.696147502457	4873.82638937771	4945.12326611178	80.2589113065217	48659.9769701454
63.096	1097.27004050189	5965.98135321934	6066.04772885475	79.5785623926132	48661.5089991415
50.119	1405.24827268563	7264.14430463246	7398.81849935584	79.0513744415795	48663.311034137
39.811	1777.17201659782	8825.89505506123	9003.04192479034	78.6152256181681	48664.893063133
31.623	2184.09532840569	10713.5048157722	10933.867469525	78.4773641503423	48666.5850941287
25.119	2628.32648930304	13006.7967862077	13269.6971620333	78.575890165066	48668.1971251246
19.953	3094.32300683771	15827.5340861646	16127.171795431	78.938055338666	48670.1541581197
15.849	3592.21294011608	19321.0301577166	19652.1296597222	79.4676877518191	48672.1461951146
12.589	4106.85650933188	23668.9656558209	24022.6186250515	80.1564817683098	48674.1532331096
10	4647.35590909924	29085.5370324341	29454.4798190519	80.9218817775904	48676.5002761037
7.9433	5235.68537605487	35895.1944316856	36275.0242542379	81.7013397162542	48678.8723220977
6.3096	5916.84328830346	44402.914091372	44795.399477001	82.4098514325875	48681.2393670917
5.0119	6596.99511117992	55035.4644238817	55429.4388285619	83.164678216304	48683.7314120854
3.9811	7432.19825126905	68375.6813239715	68778.4222511936	83.7965032553407	48686.2434570791
3.1623	8344.13956135765	85094.0579645639	85502.1833984137	84.399603702732	48688.8255050725
2.5119	9536.61850708298	105934.231008231	106362.626856687	84.8558739195401	48691.4975570658
1.9953	10714.0538860185	132158.369010951	132591.95092579	85.3651781325174	48694.2746070588
1.5849	12284.3481691997	165057.444097923	165513.942198478	85.7436268546775	48698.533686048
1.2589	14152.9789619902	206158.523864406	206643.760552912	86.0727520912947	48701.3907380408
1	16288.1802476099	257526.008213463	258040.597042674	86.3809382955591	48706.5598360278
0.79433	19069.2655162881	322172.398093554	322736.256067834	86.612636014099	48709.7268920198
0.63096	22630.3205139992	402986.516410129	403621.436267869	86.7858442266698	48713.3239620107
0.50119	27304.8714714595	504845.395518072	505583.256627305	86.9041391551371	48717.1810300009
0.39811	33749.7139499608	632342.377052442	633242.390406736	86.944877924296	48721.4531079902
0.31623	42660.9910999056	792375.763566545	793523.352428453	86.9182082383368	48726.3152019779
0.25119	54661.5873202766	992542.910902573	994046.940094543	86.8477758607521	48731.8372999639
0.19953	72369.3923568017	1244180.90650033	1246283.85893827	86.6710677430668	48738.164419948
0.15849	96245.797822781	1556887.53929278	1559859.62945506	86.4625130819632	48745.4865559295
0.12589	131167.64517258	1948862.65628693	1953271.76916318	86.1495310080928	48754.1737179075
0.1	183674.013285062	2441537.57021147	2448436.61341485	85.6978092730365	48764.4359048816
