Frequency (Hz)	Z' (Ω)	-Z'' (Ω)	Z (Ω)	-Phase (°)	Time (s)
10000	120.246539602026	48.3115181575652	129.588707351182	21.8888086015078	1936.05184811194
7943.3	120.078473818826	59.9893281631003	134.229502599535	26.5459967316317	1937.14386710918
6309.6	120.098553404384	73.0264395914317	140.557900557837	31.3018719806193	1938.33588810617
5011.9	121.968691597804	88.8593165694124	150.905069070801	36.0749107116915	1939.73291710265
3981.1	122.248243090357	111.081114501442	165.177622387421	42.2599183878162	1940.90993809967
3162.3	121.492286145252	138.473436438397	184.215276760258	48.7372926485041	1942.09195909669
2511.9	123.195036487177	173.884350208945	213.102755173798	54.6828726119875	1943.28398109368
1995.3	127.690956459307	216.659773607892	251.488444786864	59.4865343504845	1944.47100409068
1584.9	128.859989798692	273.565415325977	302.395326407987	64.7777338757177	1945.60802508781
1258.9	133.650107538825	342.105364412351	367.28521833154	68.6609321272426	1946.77004708488
1000	135.2398036841	429.37515210088	450.169774354262	72.5171956424042	1950.49311607548
794.33	141.608475237901	538.176963489788	556.495646245585	75.2581339526185	1951.69513807244
630.96	151.10675440215	674.497493387732	691.216405919511	77.3726007214776	1952.88216006945
501.19	165.044398792474	845.249529800575	861.212181289177	78.9513767964868	1954.0891820664
398.11	185.303714973677	1058.53253437787	1074.62951435343	80.0705759882625	1956.81523505952
316.23	215.017455184775	1323.23819721564	1340.59383580734	80.7704829601633	1957.90725405676
251.19	258.346372115494	1652.16714077304	1672.2437349368	81.1127310162743	1959.14927405362
199.53	320.661364177777	2055.99852917088	2080.85407043098	81.1353482327799	1960.33629905063
158.49	408.811297381652	2552.89450057001	2585.42008345017	80.9021039918602	1961.55832104754
125.89	532.626632693575	3156.3489137575	3200.97322625989	80.421704980929	1962.84534304429
100	699.945552992422	3885.27568505296	3947.82103520634	79.7875141884575	1964.08236704117
79.433	920.687964925106	4758.8799144098	4847.12330857499	79.0504119380608	1965.36938903792
63.096	1200.58788674986	5796.29932885155	5919.33249475441	78.2978010179307	1966.71641603452
50.119	1535.05768684464	7034.51584205415	7200.05661325323	77.6900075963404	1968.23844203068
39.811	1926.20794956608	8501.08456620367	8716.57707283759	77.2332740220909	1969.6554690271
31.623	2355.17385589994	10278.102924651	10544.488779511	77.0937815986371	1971.85951102153
25.119	2824.05424917093	12426.0910969775	12742.9597171397	77.1959854439053	1973.30653801788
19.953	3315.67693372288	15064.5501829963	15425.1219037269	77.5872273842741	1975.07857101341
15.849	3822.3509949353	18321.2496716048	18715.7301930158	78.2154552828879	1976.89060300883
12.589	4362.82350904607	22357.3935739437	22779.0973568161	78.9580593681453	1978.73763800417
10	4932.70364513256	27421.0453266263	27861.1789423132	79.8022691705818	1980.90967899868
7.9433	5524.59002687536	33760.9915779341	34210.0226145846	80.7065854000624	1983.09171699317
6.3096	6162.8833005778	41665.0097191714	42118.3352647655	81.586098373857	1985.28375898764
5.0119	6866.99169973684	51577.6429297662	52032.7668416231	82.4163013786031	1987.56580298188
3.9811	7684.020940062	63989.7173832079	64449.4228724365	83.1525882787658	1989.91784497594
3.1623	8546.38981979339	79523.3916261412	79981.3140344449	83.8659581226658	1992.33489096984
2.5119	9696.58120275989	99015.9778962366	99489.6354690765	84.4068894246273	1994.72193496381
1.9953	10781.558512267	123485.750078296	123955.526203364	85.0101509265197	1997.28398295734
1.5849	12137.2085886187	154056.523692381	154533.893772546	85.4953068233473	2001.23805594736
1.2589	13653.3804370973	192342.344996674	192826.327238216	85.939681906323	2003.94510594053
1	15619.01663595	240221.059987367	240728.293605319	86.2799021477592	2008.904198928
0.79433	17993.0249557154	300440.064276736	300978.373259054	86.5727124087908	2011.90625292043
0.63096	20948.9687296806	375981.051319151	376564.217952119	86.8108826354624	2015.31831591181
0.50119	24749.3349619341	471006.39029868	471656.176979853	86.9921225225497	2018.99538490253
0.39811	29880.0519012744	590034.313177984	590790.409730082	87.1009489086083	2023.07745889222
0.31623	36857.0913630434	739596.275432644	740514.075367634	87.1470783251538	2027.75454688041
0.25119	45791.1652578909	926848.46907492	927978.941270866	87.1715883931452	2032.9866428672
0.19953	59398.5571040896	1161259.47840392	1162777.60761419	87.0718661076602	2039.0487558519
0.15849	76960.4787416659	1457798.06058311	1459828.10656873	86.9780306988131	2046.22588883378
0.12589	102694.846897855	1826726.29420605	1829610.66501131	86.7823344115067	2054.68304581242
0.1	141568.260682948	2289393.59264404	2293766.46467603	86.4615306794323	2064.72023078708
