Frequency (Hz)	Z' (Ω)	-Z'' (Ω)	Z (Ω)	-Phase (°)	Time (s)
10000	119.062903941336	48.3080932291583	128.489871065313	22.0841602256813	7906.36939303834
7943.3	119.524460556586	58.9845817289729	133.286449247794	26.2660540848927	7907.52141403543
6309.6	120.616690459872	72.275304259643	140.613319508916	30.9306645597276	7908.72843703238
5011.9	120.676679177426	89.6997723616091	150.362595278932	36.6236658504547	7909.94045902932
3981.1	120.803129827532	110.224541999852	163.532399955497	42.3782994801659	7911.15247902626
3162.3	121.339064920817	138.87598200083	184.417209209317	48.855558098704	7912.3645040232
2511.9	121.273176298052	175.398553091567	213.241261757741	55.3394397844409	7913.57152702015
1995.3	123.957777188056	217.706598978491	250.522840803359	60.343680316743	7914.76854601713
1584.9	127.812666084213	272.710221567637	301.175932901393	64.8886533193843	7915.94557001416
1258.9	128.29062477204	342.650934079131	365.879962596616	69.4737896898328	7917.12759001117
1000	134.035057594786	429.612001908954	450.035408438777	72.6725506328668	7920.98066300145
794.33	140.414312699435	538.812488392384	556.807935340767	75.393609892796	7922.21768399832
630.96	149.709820532833	675.258376059114	691.655192131141	77.4993010248907	7923.4147079953
501.19	163.414556862923	846.247670316343	861.881335747876	79.0704327820987	7924.65673099216
398.11	183.40434359657	1060.23752451079	1075.98362516855	80.1858573783293	7927.42278298518
316.23	212.741165573106	1325.26226159846	1342.22906597438	80.8802510027443	7928.54980198234
251.19	255.460102963875	1654.04526989714	1673.65636230243	81.2202861447713	7929.80682697916
199.53	316.975068948565	2059.86214943248	2084.10778727962	81.2518487470692	7931.04384997604
158.49	404.374745988301	2557.82223822321	2589.58945347372	81.0162695292142	7932.31087097284
125.89	526.128776027935	3163.68060364369	3207.13056342207	80.5579664894143	7933.58789496962
100	692.190451053586	3897.1334012235	3958.12788669866	79.9284273073122	7934.79491796657
79.433	911.365237667731	4773.21375542071	4859.43990099339	79.1904332676605	7936.09694296328
63.096	1191.41887974782	5818.26268740752	5938.99483470883	78.4273958716892	7937.45896995984
50.119	1525.40353872916	7058.29622639043	7221.24653889097	77.8050728115511	7939.09099595572
39.811	1909.46360195317	8545.2331765285	8755.97289217066	77.4039741260916	7940.53302595208
31.623	2341.34272446266	10327.5399305593	10589.6159878766	77.2264690666814	7942.77206694643
25.119	2802.65052475834	12491.2110353247	12801.7656240437	77.3539890540346	7944.25409294269
19.953	3283.33860543907	15151.9340775214	15503.5937345997	77.7733619578547	7946.05112893815
15.849	3792.05214990263	18440.8523580326	18826.7016547864	78.3800595991741	7947.88815893351
12.589	4312.44101733041	22527.1940787844	22936.2512322998	79.1628276181824	7949.76519492877
10	4881.79746351108	27615.0698782396	28043.2528579478	79.9748176448201	7951.95723492324
7.9433	5501.5164325278	34019.8461893793	34461.8139076631	80.8139441716875	7954.16427591767
6.3096	6113.90739561299	42009.2762074806	42451.8450849728	81.7194763178039	7956.39131891204
5.0119	6814.66379623389	52012.7609148888	52457.2868212328	82.5356770725814	7958.73836090612
3.9811	7599.11568104962	64526.3673625583	64972.2913567146	83.2833508458457	7961.1204069001
3.1623	8446.03483743364	80285.956310765	80728.9928415387	83.9946068053028	7963.48244989414
2.5119	9628.98783825218	99922.4001132678	100385.275071522	84.4957077477707	7965.89449488805
1.9953	10696.3337988958	124584.938613941	125043.266456762	85.0928612435258	7968.45654288158
1.5849	12064.9964180336	155585.206764959	156052.30117708	85.5658205568385	7973.7976428681
1.2589	13630.6998527697	194549.641010696	195026.559206347	85.9922443160941	7976.45969186138
1	15635.1186892116	242880.714996047	243383.439562796	86.3167435677263	7981.40378184889
0.79433	18067.8274938013	303694.52316388	304231.506899076	86.5952909771897	7984.4908398411
0.63096	21043.6957073743	380154.486478935	380736.484617757	86.831588958332	7987.92290083243
0.50119	25074.0429424666	476266.438536111	476926.019530652	86.9863261270703	7991.71497382286
0.39811	30327.6641414367	596419.608502081	597190.184629696	87.0890430359971	7995.88205081234
0.31623	37502.6275123398	747454.86747715	748395.100188138	87.1276634847398	8000.59913680043
0.25119	47201.0760173786	936384.202616599	937573.099276596	87.1142877844895	8005.95123678692
0.19953	60635.3927931163	1174423.47003146	1175987.72860091	87.0444476323679	8012.12835077132
0.15849	79603.1124864852	1471980.39845192	1474131.25227851	86.9045212915163	8019.3454857531
0.12589	106462.991314337	1844126.50613867	1847197.0493596	86.6959333258373	8027.83763973166
0.1	146726.664720444	2310688.64142945	2315342.46101329	86.366647331705	8037.89482770627
