Frequency (Hz)	Z' (Ω)	-Z'' (Ω)	Z (Ω)	-Phase (°)	Time (s)
10000	114.033588082213	48.4628145160103	123.904413164814	23.0248704853583	41545.9352531066
7943.3	115.67011501562	59.6340855398696	130.137618181306	27.2735086231269	41547.2072721034
6309.6	114.873009906331	72.0498688925885	135.598643106703	32.0964798584587	41548.5342991
5011.9	115.421962083572	89.3576293329712	145.969227069373	37.7463990901497	41549.8513220967
3981.1	116.021131783279	111.404750406905	160.847509876584	43.8371470777123	41551.1583480934
3162.3	117.116135908892	139.732102766847	182.321830382087	50.0320224715478	41552.4803720901
2511.9	119.223841503619	174.758568290846	211.553495773401	55.6973982045549	41553.7923950868
1995.3	118.856549937148	219.250928911088	249.394966451484	61.5377533508549	41555.1494210833
1584.9	122.177383236414	275.271303265903	301.167068877403	66.0662687911291	41556.4314430801
1258.9	121.677275916648	342.337416648212	363.31840899116	70.4332180720233	41557.7384700768
1000	128.321258439609	431.575552780792	450.248601469867	73.4410973776275	41561.7715460666
794.33	134.093323040128	541.390476018272	557.749645277552	76.0887591849091	41563.1285680632
630.96	142.570207462262	678.868676999047	693.677839249798	78.1395915631644	41564.4455940599
501.19	154.962192364177	850.852535662204	864.848725792618	79.6780936545561	41565.8226190564
398.11	173.00926948769	1066.44893609817	1080.39138308003	80.7852250807965	41568.7136740491
316.23	199.680961149596	1334.51291344503	1349.36918684146	81.4900611034355	41569.955696046
251.19	238.736656072134	1667.86935246657	1684.86894678778	81.854088699419	41571.3377200425
199.53	294.793948762147	2079.16712010451	2099.9617581162	81.9301279041389	41572.6797450391
158.49	374.746883785204	2585.32470884023	2612.34359858089	81.752330305144	41574.0467710356
125.89	487.779065182634	3206.47782829848	3243.36684323562	81.3503086382705	41575.5037990319
100	640.765607608902	3957.19894347226	4008.74095472785	80.802268229551	41577.7428400263
79.433	845.238846015755	4860.57064916967	4933.51555611045	80.1350831015698	41579.0898650229
63.096	1106.73935275678	5941.89632739942	6044.08834817156	79.4489777254981	41580.5868910191
50.119	1425.18392085765	7237.77894672017	7376.76035193342	78.8604571661387	41582.3389260147
39.811	1790.84564540654	8794.47361050117	8974.9592874549	78.4900547348319	41583.9009550107
31.623	2202.72210506421	10676.7979518239	10901.6512132892	78.3429035701243	41585.5479840066
25.119	2647.51612525529	12957.7353916013	13225.4394298353	78.4523041218906	41587.1350120026
19.953	3114.37385810069	15753.3414576621	16058.2406137695	78.817051343336	41589.0920499976
15.849	3603.64714930982	19231.0647758038	19565.7896643067	79.3866120124615	41591.0040859928
12.589	4126.61876655997	23537.7293196853	23896.7295664343	80.0560032637365	41593.0011209878
10	4673.44653422583	28932.9888029162	29308.0013576147	80.8244604891967	41595.3281639819
7.9433	5248.87749810725	35691.9083075311	36075.7956755405	81.6340078868702	41597.680209976
6.3096	5890.05861159102	44076.7183794293	44468.5269999749	82.3885456677996	41600.04225197
5.0119	6617.03628616548	54686.9660739251	55085.8369055337	83.1008402851229	41602.5092979638
3.9811	7403.24569263873	67978.0841829883	68380.0261478088	83.7846206823057	41604.9663439576
3.1623	8340.59397470738	84564.2278523847	84974.5499553893	84.367119169545	41607.5133889511
2.5119	9546.5462147106	105383.54828196	105815.068837693	84.823784897532	41610.1204399445
1.9953	10678.0599346941	131359.789643838	131793.077584683	85.352721635145	41612.8324899377
1.5849	12342.8201654231	164093.189071834	164556.737660299	85.6984058890718	41618.4235949236
1.2589	14004.497191698	204876.413094725	205354.499790369	86.0895823867522	41621.2656469164
1	16136.1916426235	255699.938723656	256208.577811143	86.3890827333193	41626.2747389038
0.79433	18908.1061883803	320021.444085563	320579.539512802	86.6186744420022	41629.3917948959
0.63096	22397.8013573206	400606.890032775	401232.528401392	86.7999431099979	41632.908859887
0.50119	26991.8073511645	501667.295926037	502392.907459714	86.9202160294243	41636.855932877
0.39811	33230.9902444816	628288.3501337	629166.551579433	86.9723726465208	41641.0780108664
0.31623	41659.6393139445	787237.855501586	788339.372784656	86.9708047932588	41645.9251028541
0.25119	53763.1538108468	986321.017080998	987785.212201207	86.8799646934401	41651.3722018404
0.19953	70559.5161116721	1236112.03105458	1238124.22584803	86.7329982629827	41657.5893168247
0.15849	93808.4492624347	1546977.90729766	1549819.56072959	86.5298440172032	41664.8764538063
0.12589	127077.86068451	1938583.86835379	1942744.50129648	86.2495185116349	41673.4136097847
0.1	177902.436059689	2426131.07143609	2432644.90884789	85.8061423694188	41683.6307997589
