Frequency (Hz)	Z' (Ω)	-Z'' (Ω)	Z (Ω)	-Phase (°)	Time (s)
10000	111.141012223667	48.571280836959	121.290947396102	23.6064786215891	81278.1089197925
7943.3	111.36882206059	58.6672503285329	125.87637104824	27.77951837517	81279.485943789
6309.6	111.288901441028	72.4692275917986	132.804399519378	33.0714138968626	81280.9929717852
5011.9	111.812493191692	90.0273532087902	143.551238098187	38.8397534102776	81282.4599967815
3981.1	113.016954973936	112.220914573261	159.268219614712	44.7975048979367	81283.9020237779
3162.3	112.651469994631	139.30549783565	179.154613167481	51.0387469479007	81285.3640527742
2511.9	113.845421128368	174.177020811934	208.082710696532	56.8306039757589	81286.8810807704
1995.3	114.272497244804	221.583337104037	249.313816120818	62.7194396300794	81288.3281067667
1584.9	118.162863541242	276.673751094641	300.85017345025	66.8734593511998	81289.7501317631
1258.9	116.313960187078	343.666684458382	362.816382404404	71.3016147164544	81291.2021617594
1000	123.322284756436	433.09329597971	450.308992737338	74.1058230268733	81295.4402387487
794.33	128.769503812297	543.531261567647	558.576599414425	76.671634354292	81296.927264745
630.96	136.679290537075	681.712760337547	695.279451780905	78.662856850783	81298.3842917413
501.19	148.320250869035	854.798066351463	867.570533764289	80.156333531929	81299.8863217375
398.11	165.248907475806	1071.78582191301	1084.4501138714	81.2351023433991	81302.9623797298
316.23	190.152297085713	1341.16728918858	1354.58022784788	81.9303212130411	81304.3694047262
251.19	226.414866318374	1676.16511752997	1691.38794867239	82.307101608829	81305.9114307223
199.53	279.318029632096	2092.88107329029	2111.4378391547	82.3981689869989	81307.3884607186
158.49	354.770272632474	2604.9911234758	2629.0379798952	82.244676119887	81308.9204887147
125.89	460.735711782613	3232.65471989856	3265.32294485465	81.8885205324709	81310.4925157107
100	607.15536940986	3996.24521608687	4042.10507900283	81.3610358411259	81312.0245447069
79.433	801.985014792731	4919.16089559586	4984.10712973865	80.7403694501994	81313.5915747029
63.096	1053.60458579379	6030.05199671825	6121.40586028499	80.0890087649894	81315.2486066987
50.119	1353.41657898226	7361.59663427296	7484.97437817946	79.5826022078976	81317.1856396938
39.811	1714.25192923221	8957.12945494931	9119.69449869879	79.1655138044354	81318.8826706896
31.623	2113.28828443072	10896.7124258867	11099.7445495644	79.0244133363646	81320.704704685
25.119	2552.04579557227	13250.7937626391	13494.3126198667	79.0985611099623	81322.4467376806
19.953	3008.55109925802	16143.3528558885	16421.3038808302	79.4431963916138	81324.5137756753
15.849	3501.78598794997	19728.0452329481	20036.4236783576	79.9346674592702	81326.6008156701
12.589	4007.15276024683	24205.5481100454	24534.9920022746	80.6001146058252	81328.7178536647
10	4550.82411603785	29776.4992980727	30122.2494276778	81.3105679029487	81331.1548996586
7.9433	5137.0971219912	36738.2985956969	37095.7187630507	82.0399721959755	81333.6169446524
6.3096	5803.26711087967	45526.3525418893	45894.7348279583	82.7356545131594	81336.2039936458
5.0119	6520.02195881635	56454.9591472154	56830.2129035006	83.4120578689222	81338.7560426394
3.9811	7347.45819206388	70136.0481186008	70519.8581080451	84.0195037457412	81341.4730916325
3.1623	8259.90135812544	87325.7921939052	87715.5627738834	84.5966290904595	81344.065137626
2.5119	9547.11251602923	108790.509525437	109208.618342134	84.9847510768887	81346.8571916189
1.9953	10733.2072553477	135799.195772598	136222.697486398	85.4808884970132	81349.6842416118
1.5849	12387.015368545	169449.665896484	169901.817006678	85.8190326108301	81354.0633236007
1.2589	14369.0090130766	211734.5748594	212221.579041596	86.1176714018415	81357.0253775933
1	16614.9967748883	264251.189754951	264773.01487262	86.4022199220355	81362.2344785801
0.79433	19621.783698448	330589.220969602	331171.024422121	86.6032529023825	81365.5865365716
0.63096	23486.9559765562	413637.235448467	414303.511511181	86.750147518972	81369.3386075622
0.50119	28708.176451241	517961.537727866	518756.507391061	86.8276097514409	81373.350679552
0.39811	35727.2400849526	649171.556634971	650153.939946501	86.849897255477	81377.7477625409
0.31623	45452.1963768824	812872.462588132	814142.212754981	86.7996086090353	81382.6898555285
0.25119	59132.13129762	1018606.23474512	1020321.16042619	86.6775941461205	81388.2969575143
0.19953	78817.7465826806	1275350.34843429	1277783.5295651	86.463569338284	81394.749076498
0.15849	107210.797354843	1596541.08284253	1600136.73924245	86.158246174651	81402.2212154791
0.12589	147507.609561778	1998573.86825844	2004009.98045522	85.7788564874974	81410.8983754572
0.1	203636.671267417	2501541.49108515	2509816.27325695	85.3461289754524	81421.290569431
