Frequency (Hz)	Z' (Ω)	-Z'' (Ω)	Z (Ω)	-Phase (°)	Time (s)
10000	116.43223042655	49.2090069040692	126.404076843217	22.9109010567911	26934.6417149966
7943.3	116.220853511397	59.6506056503377	130.634917022095	27.1692607049589	26935.8587379935
6309.6	118.031721172674	72.1629284860382	138.343685980478	31.4410268754333	26937.1607609902
5011.9	117.730704451808	89.3710362321158	147.809677923744	37.202645379938	26938.4577819869
3981.1	117.608375226143	110.790327320938	161.574213757065	43.2901417970876	26939.7448079837
3162.3	119.482892927455	138.605456058822	182.996268135686	49.2374783537596	26941.0318299804
2511.9	121.236466669657	174.127898804744	212.176355875714	55.1524531419302	26942.3038529772
1995.3	120.948289717236	218.359691521473	249.618596396337	61.018160994332	26943.6058779739
1584.9	122.181145637477	273.822772554111	299.845198591718	65.953322763341	26944.8679039707
1258.9	124.403349115196	345.24310746093	366.972746290998	70.1841079716967	26946.1349279675
1000	130.656745913866	430.737218976135	450.11747029425	73.1257261034029	26949.9729999579
794.33	136.692211370925	540.323231339764	557.345453892752	75.8030481304314	26951.2900209545
630.96	145.451951824433	677.316187650782	692.757885803783	77.8799490323292	26952.5870469513
501.19	158.392110197172	849.102828200051	863.749774778575	79.4334592810327	26953.889067948
398.11	177.336260880789	1064.04149121777	1078.717963351	80.5378867132854	26956.7251249408
316.23	205.110495799844	1331.13233443513	1346.84208698198	81.2403448796863	26957.9521429377
251.19	245.456759275814	1661.70626291527	1679.73709993142	81.5973906753287	26959.2591689344
199.53	303.876707562808	2071.19411243923	2093.36716913257	81.6533578269069	26960.5611919311
158.49	386.941352963854	2574.14697611027	2603.0667039573	81.4514002526045	26961.8982159278
125.89	504.525219355334	3189.52546059555	3229.182305283	81.0113206887481	26963.2602419243
100	662.535648178556	3932.12163819966	3987.54737435248	80.4358853993375	26964.6022679209
79.433	873.271940797336	4825.95855266367	4904.33276140716	79.743142792708	26966.0042919174
63.096	1138.94374467809	5897.79010786188	6006.7562802177	79.0699487764198	26967.4613209137
50.119	1463.40618927587	7163.97673389755	7311.91632327917	78.4548599790065	26969.1883539093
39.811	1840.6886905741	8689.04525922533	8881.87155798109	78.0392784667855	26970.7153819055
31.623	2258.52269978028	10531.5465058219	10770.9979384323	77.8960742889402	26972.3124089015
25.119	2712.9326880008	12766.2130217291	13051.2910735218	78.0026179384561	26973.8444388976
19.953	3188.10859419169	15502.4230873796	15826.849275471	78.3790129541473	26975.7364728928
15.849	3681.00597963634	18890.1730377399	19245.4784928272	78.9733233894328	26977.638509888
12.589	4206.20285386928	23130.376728987	23509.7101231122	79.6935234771522	26979.5905468831
10	4762.25975488931	28398.4449974358	28794.9786637432	80.4803949193127	26982.6996028752
7.9433	5331.41103295769	34966.1620139452	35370.2760745207	81.3306856983617	26984.8916478697
6.3096	5991.29093754331	43249.051698091	43662.0663721088	82.1130122013533	26987.1886858639
5.0119	6704.17222264374	53569.6252774011	53987.5048279881	82.8665915647221	26989.5507298579
3.9811	7504.89714428159	66525.0729582609	66947.0597804577	83.5635009651103	26991.9477728519
3.1623	8366.56329244748	82819.1009881615	83240.6323246876	84.2314279592261	26994.3548198458
2.5119	9579.82900571971	103053.061266396	103497.374653439	84.6890384923066	26996.8518628395
1.9953	10713.9538666244	128536.124265324	128981.874884059	85.2352028323108	26999.5189148328
1.5849	12115.0286650267	160511.151972421	160967.710510736	85.6836248343088	27003.6679938223
1.2589	13609.4574725572	200539.876557544	201001.142838573	86.1176265419007	27007.9570718115
1	15881.7835261563	250535.29729443	251038.176854399	86.372793669032	27012.9411637989
0.79433	18470.5752478526	313261.381367378	313805.441645272	86.6256224652561	27016.0382197911
0.63096	21726.4885023964	392296.316294138	392897.493095331	86.8300347595546	27019.5752857821
0.50119	25997.8742754168	491265.91648871	491953.341456619	86.9707235527942	27023.4123547724
0.39811	31770.3333035699	615241.124490579	616060.869835645	87.0439384936102	27027.5744337619
0.31623	39624.671355713	771167.910337763	772185.250127688	87.0585762984623	27032.2665217501
0.25119	50502.5926987049	966458.304017411	967776.919167585	87.0087111352761	27037.7136217363
0.19953	65500.2574019571	1210949.92908772	1212720.08908787	86.9038895388377	27043.9607377206
0.15849	87279.5295400814	1517712.78403253	1520220.3166293	86.7087007443448	27051.2528707022
0.12589	117463.238309114	1901510.4693985	1905135.0811914	86.4651224658998	27059.7500306807
0.1	161242.000284433	2379722.84673624	2385179.19870482	86.1237557210088	27069.942219655
