Frequency (Hz)	Z' (Ω)	-Z'' (Ω)	Z (Ω)	-Phase (°)	Time (s)
10000	111.505751532932	48.3919441458183	121.553744833864	23.4601724289418	62841.6565573401
7943.3	112.093056687554	59.4055788620653	126.861641789377	27.9220967709673	62842.9885773367
6309.6	112.936726563803	72.493289689594	134.201271443182	32.6961197804026	62844.3906053332
5011.9	113.259129525633	89.7965292093645	144.537355306344	38.4088381292289	62845.7776293297
3981.1	114.876492763407	111.46302528793	160.064407648792	44.1359774198624	62847.1796563261
3162.3	114.763366124245	139.951552881621	180.989136022427	50.6474902855817	62848.5916823226
2511.9	115.666071170366	174.260907679081	209.15425877836	56.4256918108586	62849.998709319
1995.3	118.148371795582	218.845072670486	248.701032547309	61.6366230642023	62851.4257343154
1584.9	119.425794994163	275.814515577452	300.559756975568	66.5877190823106	62852.792761312
1258.9	121.330447372434	344.137386103262	364.899462829943	70.5791851660395	62854.2097883084
1000	125.306443400525	432.397949619348	450.188506731019	73.8387152024408	62858.3878662978
794.33	130.896206391921	542.597150680104	558.162597075408	76.43710133523	62859.7448912944
630.96	138.96149663887	680.135971314546	694.186745065113	78.4525827607336	62861.1569142908
501.19	150.945882481878	852.991378427783	866.244163680404	79.9647937331462	62862.6039422872
398.11	168.235007465946	1069.50900699204	1082.65993450121	81.0605586051122	62865.6449992795
316.23	194.015256060339	1339.10414929691	1353.08604391899	81.7561017724585	62866.9770242761
251.19	231.304563139975	1673.29994447175	1689.21120796025	82.1297328461474	62868.4140492725
199.53	285.486812725307	2087.07938836221	2106.51444181293	82.2109812046913	62869.7710742691
158.49	362.854299575656	2598.09933148067	2623.31534112101	82.0494155324875	62871.2131032654
125.89	471.323514279202	3222.09835670098	3256.38813340296	81.6778850860731	62872.7201282616
100	620.42362183992	3981.05931907851	4029.11389421531	81.1420581972398	62874.157157258
79.433	818.820312266962	4896.9089576081	4964.89516937502	80.5072981862663	62875.6641832542
63.096	1074.83414331961	5995.92838358783	6091.50438042687	79.8370626054981	62877.2462122502
50.119	1380.6064409674	7309.58284353289	7438.82218441273	79.304189651301	62879.0582462456
39.811	1745.13688682627	8891.49089121621	9061.13199453261	78.8956830369013	62880.6802782415
31.623	2145.30695667649	10805.6858150945	11016.58694301	78.7707995082241	62882.4173082372
25.119	2589.01731901646	13134.2440800006	13386.9854049071	78.8488407469573	62884.059341233
19.953	3049.89032518718	15985.2869362906	16273.6360236799	79.1981540502276	62886.051376228
15.849	3540.38693685343	19537.990043168	19856.1676712697	79.7291502034494	62888.0734142229
12.589	4055.20685343984	23931.5726946741	24272.7187242109	80.382580677637	62890.1404512177
10	4600.95400709856	29445.9867713257	29803.2702016494	81.1193055695077	62892.5324982116
7.9433	5190.17344155648	36351.0760630421	36719.7308172937	81.8742805352315	62894.9445432055
6.3096	5829.86286798082	44968.1218647985	45344.4515360681	82.6131274511567	62897.4615891992
5.0119	6542.41456385871	55754.431858999	56136.9740923498	83.3073246810809	62899.9936331928
3.9811	7370.6695149197	69292.6312087531	69683.5382922712	83.9282688143259	62902.5956821862
3.1623	8322.76714279845	86269.7242952409	86670.2589294051	84.4895125772513	62905.2327301796
2.5119	9567.50134196056	107517.244199202	107942.090410179	84.9148866321761	62907.9397811727
1.9953	10723.3832430282	133998.703214698	134427.093293717	85.4245972433743	62910.7518341656
1.5849	12344.8664492375	167394.752625559	167849.334029723	85.7822414332315	62916.3979391514
1.2589	14229.7356337292	209087.457993067	209571.110762453	86.1066601024849	62919.2549911442
1	16434.9022330078	261113.63212894	261630.340165234	86.3984646051698	62924.3990891312
0.79433	19387.6158350727	326611.056478223	327185.974426762	86.6029116740218	62927.6861511229
0.63096	23084.4237011808	408770.238194151	409421.541019666	86.7677767016284	62931.2782141138
0.50119	28055.7476070012	512133.258915895	512901.159933962	86.8643497856208	62935.1802851039
0.39811	34848.1830184055	641230.72888629	642176.956553042	86.8892763316781	62939.4823660931
0.31623	44117.513397615	803751.778421233	804961.661387475	86.8582174385645	62944.3844580807
0.25119	57558.9896127677	1006559.22423307	1008203.60501931	86.7271677228076	62949.9365600667
0.19953	75674.0552808626	1260566.65956247	1262836.04076029	86.5645555437411	62956.3036780506
0.15849	102343.445444189	1578509.37642316	1581823.64133339	86.2903916008757	62963.7258140319
0.12589	139919.587391223	1975828.80174967	1980776.85385287	85.9493246750162	62972.4229780099
0.1	193332.51509177	2475023.28291471	2482562.7308009	85.5335008161475	62982.7551679838
