Frequency (Hz)	Z' (Ω)	-Z'' (Ω)	Z (Ω)	-Phase (°)	Time (s)
10000	117.422752686478	48.5907372506811	127.079355502908	22.4802726126779	22729.8978606125
7943.3	117.675254028202	58.4774775429199	131.404264734386	26.4245948259575	22731.0948826095
6309.6	117.591331283787	72.0072854853989	137.886802689993	31.4813020498289	22732.3669046063
5011.9	119.106474402963	89.436641227007	148.947188757197	36.9027595187813	22733.653927603
3981.1	119.207287314595	111.907362749302	163.504235989189	43.1908725403826	22734.8959515999
3162.3	120.106711955022	139.848016866711	184.345029979652	49.3427814580294	22736.1779775967
2511.9	121.18937861811	174.099291946558	212.12597423733	55.1584759417514	22737.5049995933
1995.3	122.155242547762	217.785429855642	249.704618978724	60.7120541770835	22738.7970235901
1584.9	123.505570688341	274.008456937015	300.556584462987	65.7371795071244	22740.019045587
1258.9	128.305602197764	342.472985210808	365.718570973	69.4618169703368	22741.2710715838
1000	131.531642767163	430.582494952314	450.224230809924	73.0134644880583	22745.2041455739
794.33	137.533307867077	539.633375077018	556.883821160099	75.7017461841737	22746.5011665706
630.96	146.453488170139	676.864816447836	692.52769182334	77.7910938576994	22747.7781885674
501.19	159.708641971583	848.53879311462	863.437857486469	79.3407151461052	22749.0802135641
398.11	178.719807117542	1063.20369321203	1078.12005950907	80.4580401157117	22751.9312695569
316.23	206.812128018859	1329.71995482193	1345.70665991788	81.1595821169988	22753.1282875539
251.19	247.529060900881	1659.92693773735	1678.28128590429	81.5185260122117	22754.4503145505
199.53	306.606058330741	2069.03172903762	2091.62605901952	81.5707862688043	22755.6273355476
158.49	390.451849790521	2571.16833572242	2600.64593084611	81.3651636106539	22756.9543595442
125.89	507.99244922442	3184.55268840586	3224.81505728655	80.9366703415214	22758.3363845407
100	668.058589493577	3924.00525492103	3980.46724890986	80.3380805492139	22759.6534115374
79.433	880.491481342067	4814.85119753396	4894.69685507797	79.6368321902218	22761.0354365339
63.096	1148.85082343344	5880.69160455749	5991.86047588031	78.945931666048	22762.4674615303
50.119	1474.30390711002	7145.05279238064	7295.57067105969	78.3412616384771	22764.1444935261
39.811	1855.64663285768	8661.09746342676	8857.65396123677	77.907158257935	22765.6315195223
31.623	2281.45862655759	10495.1677654552	10740.2793208437	77.7357453907535	22767.2485515182
25.119	2734.39473683694	12711.4137415882	13002.1903495787	77.8599126833746	22768.7755785144
19.953	3210.23499425607	15435.7684279983	15766.0570746505	78.2514568328956	22770.6326125097
15.849	3712.20980587216	18802.3851522383	19165.3382191895	78.8315629006336	22772.5346495049
12.589	4225.20920369683	23012.3120054223	23396.9847768876	79.5960026451531	22774.4666855
10	4792.93478352303	28244.1850079296	28647.9704447149	80.3688653527581	22776.7137254943
7.9433	5386.1282539364	34803.9681806275	35218.2705237777	81.2029110865315	22778.9807674886
6.3096	6002.40437063117	42990.5366708251	43407.5465958874	82.0516587694668	22781.2578114829
5.0119	6714.60455694814	53266.0628877227	53687.6090910651	82.8153144241649	22783.6648554768
3.9811	7520.74110992233	66098.2955317586	66524.7789853237	83.5087356679773	22786.0418974708
3.1623	8403.44002053496	82261.7123130562	82689.8247479988	84.1671868055344	22788.4589424647
2.5119	9621.26057756906	102395.619236923	102846.640654979	84.6321546161536	22791.0309904582
1.9953	10671.3856137473	127772.214482508	128217.070878574	85.2258037027752	22793.6680394515
1.5849	12142.3463327231	159577.957005837	160039.248113144	85.6487274034285	22799.0891414378
1.2589	13548.9408292141	199076.502194783	199537.032963064	86.1065126753609	22801.8261904309
1	15842.607239454	248849.587500589	249353.374557789	86.3572727461074	22807.0702894177
0.79433	18405.2094123968	311160.914438089	311704.774438028	86.6148912258882	22810.1523454099
0.63096	21549.5854371964	389541.315083856	390136.925693756	86.8336014221682	22813.674409401
0.50119	25801.9167542962	487695.707403066	488377.765595008	86.971546149431	22817.4214783915
0.39811	31454.062932205	611111.965736325	611920.903990915	87.0535740729687	22821.588557381
0.31623	39113.817749971	765955.278427262	766953.309719413	87.0767069568077	22826.350645369
0.25119	49717.9549182962	959776.999890035	961063.871217295	87.0346392218425	22831.7577433554
0.19953	64582.1923036478	1202920.76326055	1204653.15433368	86.9268649390955	22837.8898613399
0.15849	85583.2458303578	1507957.22851572	1510383.88994311	86.7516956391345	22845.1619923215
0.12589	114389.037119696	1889315.40002158	1892775.08768788	86.535243284857	22853.7041512999
0.1	159234.732086784	2363765.63312869	2369122.97449141	86.1461007069318	22863.8913392742
