Frequency (Hz)	Z' (Ω)	-Z'' (Ω)	Z (Ω)	-Phase (°)	Time (s)
10000	110.666895286685	47.9006718712863	120.588706262713	23.4047224302209	67985.9748053519
7943.3	112.54145342593	59.0599490193744	127.097035045637	27.6897680963435	67987.3068283485
6309.6	112.467613276984	72.3058597166191	133.705278076748	32.7371191354226	67988.728855345
5011.9	112.456414236656	89.7761183711905	143.896478528018	38.6010400613214	67990.1858843413
3981.1	113.710843807406	112.031508638923	159.628365046145	44.5737749624611	67991.6229103377
3162.3	114.973782265912	139.793116063415	181.000237312686	50.5641837476499	67993.0299373341
2511.9	114.923772594211	174.041182217185	208.561277841409	56.5622131467424	67994.4419603305
1995.3	116.938443151382	217.81354681804	247.219215806789	61.7698025840924	67995.853988327
1584.9	118.409138226783	274.014704503392	298.504241677887	66.6295261153389	67997.2560123234
1258.9	123.300512342172	342.746670529455	364.250321211758	70.2141903835889	67998.6780413198
1000	124.870554739147	432.687813896326	450.345866790453	73.902244923234	68002.8211183094
794.33	130.325231034872	542.668983436346	558.09881869444	76.4958138126677	68004.2681423057
630.96	138.530511900352	680.991609138477	694.939043689722	78.5015186374241	68005.7151693021
501.19	150.24376217282	853.308967392019	866.434868817891	80.0141729497231	68007.1621992984
398.11	167.589006133886	1070.1914922677	1083.23400292785	81.0999220976766	68010.1682552908
316.23	192.94750215235	1339.31870608684	1353.14571833966	81.8021487836778	68011.5352782874
251.19	230.273640519285	1674.27321965129	1690.03454507874	82.1688722904895	68013.0173042836
199.53	284.071482355221	2089.43558210203	2108.65778609085	82.2577598984915	68014.45433328
158.49	360.991465721736	2601.01987751608	2625.95111179886	82.0984843032057	68015.9263602763
125.89	469.541467842216	3225.41736333278	3259.41503305609	81.7173255169424	68017.4533872724
100	617.797400843571	3984.78726372717	4032.3942225	81.1870853623231	68019.0354162684
79.433	815.138657824722	4903.18296184335	4970.47826559891	80.5610837406739	68020.5424432646
63.096	1066.36220538576	6007.83826776163	6101.74147310883	79.9350995739556	68022.1944772605
50.119	1379.87933189382	7329.23384822823	7457.99810757566	79.3376974759091	68024.0765112557
39.811	1737.82400781734	8906.61212871299	9074.56731163991	78.9593791489346	68025.8085432513
31.623	2138.90422911909	10828.8213947521	11038.0380548712	78.8267841425155	68027.5955752468
25.119	2583.26726778696	13162.4828039319	13413.5835383623	78.8962661109543	68029.2776082426
19.953	3043.12706828418	16019.5366034865	16306.0165382035	79.2440519539397	68031.2796432375
15.849	3527.5228021804	19567.2862424132	19882.7087694921	79.7806792964624	68033.3566812323
12.589	4044.36086204161	23996.5319449367	24334.9625059663	80.4333104221163	68035.4837202269
10	4598.39527005397	29516.1930008705	29872.2427735899	81.1449425460444	68037.9107652208
7.9433	5202.94729119254	36421.7909381273	36791.5413601493	81.8701530983182	68040.3528122146
6.3096	5842.63449819947	45063.4587799436	45440.6392460673	82.6126126023635	68042.7898592085
5.0119	6548.4575796631	55918.1043465623	56300.237036674	83.3206290233522	68045.3319052021
3.9811	7375.78365322428	69431.4420859794	69822.112075172	83.9361441268863	68047.8639521957
3.1623	8331.44526759364	86459.5016961516	86859.9931717344	84.4958357695409	68050.4509971891
2.5119	9585.77335208244	107714.518247495	108140.207564289	84.9145080115484	68053.1830511822
1.9953	10822.3380372681	134363.422278075	134798.561738874	85.3950371314681	68055.9751011752
1.5849	12372.5311212585	167764.143304174	168219.758961098	85.782097679586	68060.394186164
1.2589	14212.1894477733	209614.520522879	210095.772310953	86.1211937461321	68063.2512361568
1	16490.8657708872	261655.491114313	262174.645387661	86.3936971629805	68068.4553331437
0.79433	19467.6476206292	327395.35329339	327973.637144793	86.5970738228167	68071.7473931354
0.63096	23206.9422095044	409661.216000597	410318.015765581	86.7577105716799	68075.4194591261
0.50119	28298.0509341031	513166.815627958	513946.456694088	86.843680476311	68079.3615341161
0.39811	34987.6630608675	642847.973757919	643799.389508194	86.8846918109956	68083.6836131052
0.31623	44608.3654237905	805378.666727033	806613.106194535	86.8297369798121	68088.6407040927
0.25119	57849.7161352372	1008668.72640366	1010326.27862573	86.7175372283194	68094.2478110785
0.19953	76523.8053195828	1263069.6049617	1265385.6012136	86.5329398677311	68100.6699270623
0.15849	103939.876322829	1582228.02271997	1585638.36159774	86.2415204143047	68108.1170680435
0.12589	142026.794057908	1978742.51169916	1983833.04182481	85.8945621011875	68116.7442250218
0.1	198208.988116271	2477530.29937234	2485446.27527494	85.4259279014877	68127.2464199952
