Frequency (Hz)	Z' (Ω)	-Z'' (Ω)	Z (Ω)	-Phase (°)	Time (s)
10000	112.383522905559	49.5351519617841	122.816071833215	23.7863889618261	64117.9101881178
7943.3	111.315017374756	58.9814538292085	125.9755729852	27.9173586674391	64119.2372101145
6309.6	112.806352353543	72.7127271072016	134.210334232048	32.8050216667029	64120.6592371109
5011.9	111.964440323331	89.4561033906631	143.312352331395	38.6237664276171	64122.0862651073
3981.1	113.891540221173	112.046683156613	159.767775663146	44.5321722328729	64123.5082871037
3162.3	113.640529228963	139.601720384094	180.007805990845	50.8532433559639	64124.9103151002
2511.9	116.862552579528	174.773424649797	210.244158442562	56.2312645010916	64126.4123410964
1995.3	113.875637309221	218.508157325908	246.401046244827	62.4737042074757	64127.8393680928
1584.9	118.753875123183	274.326302033122	298.92708616641	66.5925619960952	64129.2213930893
1258.9	121.963128916582	342.283373612947	363.363334235835	70.3878932580943	64130.6084190858
1000	125.176578491486	432.337038356176	450.09386858457	73.8524351550641	64134.7915000752
794.33	130.697230197052	542.430768415304	557.954213627604	76.4529574062134	64136.1485220718
630.96	138.930721426167	680.770168122527	694.801962548731	78.4655381909224	64137.5805480682
501.19	150.789151947561	852.870708843142	866.098039685847	79.9736124225332	64139.0675780644
398.11	168.086211729749	1069.63685012604	1082.76311616217	81.069387892131	64142.1086360567
316.23	193.762571102004	1338.80459954007	1352.75337357173	81.7648744225309	64143.4456590534
251.19	231.017365204867	1673.08975133011	1688.96368789624	82.1384074869324	64144.9276880496
199.53	284.768968450112	2087.26644370241	2106.60261378321	82.2310146342464	64146.354712046
158.49	362.312418782991	2597.87956048437	2623.02277908273	82.0604742775243	64147.8017370424
125.89	471.142127809682	3222.64733983939	3256.90509250284	81.6824402994274	64149.2787650386
100	620.256669074653	3982.29087657958	4030.30507049039	81.1470993194365	64150.740792035
79.433	818.994379624625	4900.78640809851	4968.7482540032	80.5126924150335	64152.297821031
63.096	1069.52861100204	5999.5531262338	6094.13891901504	79.8921746237444	64153.8548490271
50.119	1386.57817740135	7316.95063516383	7447.17165368638	79.2695639914377	64155.7168860224
39.811	1744.00305611243	8895.84744731407	9065.18882680409	78.9080183316989	64157.438918018
31.623	2154.70949377864	10811.4738307634	11024.0981216543	78.7287250563539	64159.1959500136
25.119	2592.27779448061	13140.6972589343	13393.9474619964	78.8404953684892	64160.8529800094
19.953	3051.73900045368	15993.7933448811	16282.3381762465	79.1973738847153	64162.8750200043
15.849	3524.35901470222	19540.4081662221	19855.6958519986	79.77590355388	64164.9220569991
12.589	4054.03517905513	23954.9346687168	24295.5571291441	80.3945094749457	64167.1090959936
10	4600.51749608931	29453.7581479314	29810.88107166	81.1224403184524	64169.5361419875
7.9433	5162.73339017678	36334.2590716716	36699.2125030687	81.9129795211854	64171.9681869814
6.3096	5859.93495391803	44979.0752374099	45359.1892219948	82.5772357891643	64174.4002299752
5.0119	6532.22374342896	55758.3443028077	56139.673194851	83.3181198512035	64176.8872759689
3.9811	7373.11922235212	69303.3142467935	69694.4205274484	83.9271951655982	64179.3993219626
3.1623	8302.0840383105	86220.2999180352	86619.0782526293	84.4999911613966	64182.0663729559
2.5119	9541.16155452281	107457.050793228	107879.801302133	84.9259872291481	64184.8084239489
1.9953	10692.3986561789	133940.424925687	134366.531615191	85.4357850388732	64187.6054779419
1.5849	12339.8497294503	167364.929744037	167819.222973924	85.7832007171059	64193.1865819278
1.2589	14177.2385324992	209056.92292325	209537.087682694	86.1204148456139	64196.1386329203
1	16467.3415123526	261061.515163736	261580.366304641	86.3906561422248	64201.2727299074
0.79433	19371.4667201642	326619.125458661	327193.072723538	86.6058183530785	64204.5297878991
0.63096	23087.8870628875	408787.222759521	409438.693848628	86.7674268286272	64208.1118568901
0.50119	28102.4809277485	511918.184561462	512688.967229642	86.8578201453281	64212.0439268802
0.39811	35057.9889977194	641279.015842255	642236.590947741	86.8708202808307	64216.3610088693
0.31623	44257.2826113061	803232.099245331	804450.441184663	86.8462489567909	64221.2630978569
0.25119	57725.2009610189	1006671.6908669	1008325.38995049	86.7181033947258	64226.8302028428
0.19953	75593.0938708144	1260222.27409814	1262487.4240855	86.5672866621872	64233.2273218267
0.15849	101459.531150082	1578693.56475821	1581950.50740224	86.322770135441	64240.5694548082
0.12589	140599.773227368	1974129.59987779	1979130.10520917	85.9262076455741	64249.2866187861
0.1	196737.225233592	2472194.41135122	2480010.23048471	85.4499908714693	64259.65881076
