Frequency (Hz)	Z' (Ω)	-Z'' (Ω)	Z (Ω)	-Phase (°)	Time (s)
10000	115.016160362478	48.608354308983	124.865885065357	22.9099865644967	40386.068775035
7943.3	114.62686216111	59.5849626851725	129.188564923895	27.4661662199804	40387.3007970319
6309.6	115.288907386772	72.490571926136	136.185223811594	32.1605798131424	40388.6328210285
5011.9	116.477891585924	89.261219583075	146.746940512435	37.4642509748185	40389.9498450252
3981.1	116.541243996492	112.035561201848	161.659606971138	43.8707376534821	40391.2668720219
3162.3	116.995492128392	138.689276332422	181.446026542262	49.84969238918	40392.6038940185
2511.9	117.618344294343	173.198393440636	209.360355380287	55.8197289923042	40393.9559220151
1995.3	118.30748054106	218.291618355549	248.289932531019	61.5436415285547	40395.2979460117
1584.9	123.248872245395	273.256822829706	299.765868191739	65.7228750829825	40396.5949710084
1258.9	123.934096179995	344.086403909034	365.725461994381	70.1918386428391	40397.8919940051
1000	128.599974439166	431.607008262179	450.358260728925	73.4082494957118	40401.900071995
794.33	134.348623973235	541.300830628799	557.724073357901	76.0610869180135	40403.1520899918
630.96	142.913520517541	679.142613189902	694.016544037047	78.1165018977988	40404.4791169885
501.19	155.370875293194	850.928120807167	864.996402113783	79.6523584135433	40405.8111409851
398.11	173.538722893317	1066.92399834707	1080.94519129896	80.7615557743447	40408.7571969777
316.23	200.314818031962	1334.77655388502	1349.72385143197	81.4651062544968	40409.9992189746
251.19	239.19648000161	1667.38170167906	1684.45145229517	81.8362555093882	40411.3712439711
199.53	295.336934694872	2078.97784223377	2099.85065504524	81.9147338881864	40412.7132669677
158.49	375.808566795644	2584.7449611991	2611.92239419955	81.7274574843051	40414.1302929641
125.89	488.50158476326	3204.98544858063	3242.00023502926	81.333718222852	40415.5173189606
100	643.107117936107	3954.81400699615	4006.76185904192	80.7637644062983	40416.8993459571
79.433	847.842688513924	4859.25004164238	4932.66137005855	80.1026570447794	40418.3413729535
63.096	1107.78355997638	5945.88424997039	6048.20005702522	79.4461706346721	40419.8283989497
50.119	1421.30385778164	7234.28548026295	7372.58374425739	78.8847976000547	40421.5004309455
39.811	1794.47884978744	8785.40900475049	8966.80353989567	78.455748879366	40423.0674609416
31.623	2205.78519465346	10661.6836497954	10887.4692455715	78.3110450964412	40424.7744899373
25.119	2647.76200794481	12929.5178449718	13197.8435872745	78.4267356272	40426.3615199332
19.953	3124.61167268147	15733.7387726922	16041.0016480385	78.7675985221247	40428.2535569285
15.849	3603.43563613237	19198.0044383565	19533.2568405503	79.3693610495301	40430.2055909235
12.589	4144.44503850549	23494.1757038976	23856.9217771867	79.9957711673738	40432.2326279184
10	4688.0851658616	28892.7261792588	29270.595630974	80.7836053549998	40434.5196729127
7.9433	5270.87280322551	35652.192155908	36039.712896048	81.5902252529201	40436.8367149068
6.3096	5939.34596808259	44030.8915525589	44429.666231492	82.3177177577421	40439.1637599009
5.0119	6612.00419558197	54578.6920309591	54977.7429810707	83.0924920670578	40441.6008038948
3.9811	7437.46789691339	67842.6871775042	68249.1474831906	83.7437534070664	40444.0778488885
3.1623	8368.83839136346	84424.7143918624	84838.4927740251	84.3388882458149	40446.6298958821
2.5119	9552.72403899831	105035.630225983	105469.133653096	84.8033905914968	40449.2519448755
1.9953	10677.6940411972	131138.479106519	131572.46616374	85.345072093233	40451.9439938687
1.5849	12239.4431827282	163701.224421755	164158.139751293	85.7241243251083	40456.1380738581
1.2589	13915.0490727176	204550.946512898	205023.701824981	86.1083184927245	40458.920124851
1	16172.5310961009	255379.279177136	255890.849768193	86.3764403406046	40463.9342168384
0.79433	18852.0997450125	319394.814964055	319950.698531381	86.6220678993586	40467.0462748305
0.63096	22321.8664258139	399719.025538667	400341.810330014	86.8037004668127	40470.6133388215
0.50119	26891.6606125811	500618.340516646	501340.088435129	86.9252040554811	40474.4304098119
0.39811	33164.617949585	627112.021601988	627988.359383734	86.9727511838924	40478.6674898012
0.31623	41583.9231344312	786041.54504232	787140.7327764	86.9717067742427	40483.494579789
0.25119	53608.7242758015	984757.443439459	986215.553379634	86.8839790801892	40488.9716797752
0.19953	70313.1187468182	1234139.01229644	1236140.37889713	86.7391886779836	40495.2187947594
0.15849	93302.1896341364	1545461.01135668	1548274.85809663	86.5451466668791	40502.5659317408
0.12589	124835.993416038	1934336.73611553	1938360.81108195	86.3074319002219	40511.1630907191
0.1	175211.909924897	2423117.8813334	2429444.27394769	85.8642286689628	40521.3902816933
