Frequency (Hz)	Z' (Ω)	-Z'' (Ω)	Z (Ω)	-Phase (°)	Time (s)
10000	110.117533531937	48.0926180060043	120.16143764881	23.5927688263687	80601.7013965003
7943.3	110.493712199728	59.3318082086353	125.415804031959	28.2344641317097	80603.0834174968
6309.6	111.578436662781	72.6604079054585	133.151351495574	33.0723660241682	80604.565445493
5011.9	112.007764372293	90.1753387858823	143.796143915015	38.8368858303836	80606.0424724893
3981.1	111.830464221959	112.40878882286	158.561623770448	45.1477684433185	80607.4895014857
3162.3	113.06194717142	139.125115635504	179.272980950241	50.900487953345	80608.926526482
2511.9	114.570449350638	174.117560324235	208.430594389765	56.6548322224066	80610.4235544782
1995.3	112.892314626381	219.765434845096	247.06582332317	62.8106796063591	80611.8755814746
1584.9	117.638263514248	275.046581835308	299.147761519177	66.8434563348795	80613.307606471
1258.9	120.561181712196	344.043874576181	364.556149542471	70.6883216728017	80614.7896354672
1000	123.35873770673	432.965329101581	450.195906659133	74.0969009262346	80619.0327174565
794.33	128.855555744257	543.374943543865	558.444342363194	76.6593460480946	80620.5047434528
630.96	136.7110406026	681.315071243158	694.895772706753	78.6538440699871	80621.9817684491
501.19	148.256814306661	854.192483832793	866.963022524488	80.1536220756577	80623.5087964452
398.11	165.324491609864	1071.26789022137	1083.94975905039	81.2269820303622	80626.4948524377
316.23	190.404848471118	1341.31174551514	1354.75872574351	81.9206036298879	80627.941877434
251.19	226.836831856417	1676.98638582698	1692.25833918338	82.2966656844053	80629.4539054302
199.53	279.820680535675	2093.27744410662	2111.89726815984	82.3860744821552	80630.8109324268
158.49	355.08044625673	2603.80155827444	2627.90119262241	82.2344754289453	80632.3329614229
125.89	461.784287058481	3232.9767193903	3265.78982726902	81.871105236241	80633.874987419
100	607.905711962928	3996.74158806563	4042.70858168264	81.3515788671177	80635.4370164151
79.433	802.668558012674	4918.24409146138	4983.31232788162	80.7309166674458	80636.9790484112
63.096	1049.6228363427	6027.43538719572	6118.14395428805	80.1215233221884	80638.6060784071
50.119	1360.34361522843	7365.26194098225	7489.83432465461	79.5355551114237	80640.4831114024
39.811	1716.12800598114	8954.12357774524	9117.09517217222	79.1503830458388	80642.1551433981
31.623	2119.42787267847	10890.3096783782	11094.6302055753	78.9869913633313	80643.9721753935
25.119	2552.20042883784	13246.6102795939	13490.2339093287	79.0945558965198	80645.6892073892
19.953	3015.82216115691	16141.9397377944	16421.248485006	79.4173528373458	80647.756244384
15.849	3490.12079993912	19734.9294968987	20041.1672675454	79.9709435842264	80649.8682843787
12.589	4010.47854732149	24184.9696851721	24515.2339750454	80.5845910671619	80651.9953233733
10	4556.37299135493	29742.3344936042	30089.3169740655	81.2902944641086	80654.4623693671
7.9433	5123.31932856262	36733.7897114353	37089.3476284818	82.0600865402872	80656.9294153608
6.3096	5764.69105451509	45476.754612021	45840.668330599	82.7756446032061	80659.4514613545
5.0119	6510.51739056752	56369.9412350683	56744.6659302699	83.4117427034213	80662.008512348
3.9811	7324.60578552518	70068.5810609356	70450.3790039929	84.0322711151466	80664.6605603413
3.1623	8298.21629181331	87197.0798569158	87591.0448002481	84.5637492532227	80667.3776103344
2.5119	9522.6169694161	108686.58577786	109102.952123186	84.9927946720907	80670.1396613275
1.9953	10853.307093129	135573.815238231	136007.549985681	85.4229704897345	80672.9767123203
1.5849	12416.2942189825	169356.381534128	169810.919344032	85.8068851998877	80678.5778193062
1.2589	14201.875152565	211468.813837623	211945.163860231	86.157885144098	80681.4648682989
1	16612.0735436469	264198.789404324	264720.534356763	86.4021396775942	80686.6989692857
0.79433	19601.0634430365	330332.098241572	330913.125784967	86.6041964375385	80690.0660302772
0.63096	23434.0956260838	413584.879419389	414248.24600976	86.7570364948559	80693.703095268
0.50119	28586.5067370141	517600.650159128	518389.449557548	86.8388294760472	80697.655169258
0.39811	35734.780101974	648279.654618222	649263.802395342	86.844907717897	80702.012253247
0.31623	45453.1524174848	812200.724216064	813471.576320762	86.7968999715403	80707.0043422344
0.25119	59106.326209041	1017660.34456631	1019375.36496658	86.6759609571712	80712.5764482203
0.19953	78453.2842948894	1274547.28004827	1276959.5478695	86.4776686056459	80718.9285642043
0.15849	106826.830064798	1594706.54546652	1598280.61922037	86.1675735158889	80726.3757011855
0.12589	145800.633657001	1995310.87496926	2000630.72868168	85.8207313392475	80735.0578631636
0.1	210913.549493596	2494071.91610639	2502974.08058306	85.1662290870566	80745.4450541374
