Frequency (Hz)	Z' (Ω)	-Z'' (Ω)	Z (Ω)	-Phase (°)	Time (s)
10000	115.756525743377	48.6104504257555	125.548991006587	22.7793382454742	37509.9915252964
7943.3	115.592211573787	58.5113596551571	129.557472131924	26.8479734512879	37511.323548293
6309.6	116.360876417715	72.9601932941172	137.342795101213	32.0883920160623	37512.6505722897
5011.9	117.150421748057	89.7465978461297	147.575991071388	37.455004243185	37513.9675952863
3981.1	117.180102013886	111.912893717463	162.036020958924	43.6829119560791	37515.294621283
3162.3	117.896097261904	139.762111142103	182.846759502284	49.8507502734739	37516.5916432797
2511.9	119.029570231099	173.874352743125	210.713856049479	55.6055380328953	37517.9186712764
1995.3	119.145074528883	219.01157767173	249.322321380885	61.4532488249259	37519.2206952731
1584.9	122.519153125028	273.280769040296	299.488433181867	65.8520173541527	37520.5127162698
1258.9	124.466617598708	343.189166500472	365.062656128714	70.0654858267731	37521.8097432665
1000	129.162286638975	431.509881116801	450.426102475472	73.3361716079005	37525.7128142567
794.33	134.969843705044	541.089489142131	557.668982434792	75.993910752349	37527.0448392533
630.96	143.53414440219	678.496150980992	693.51213219762	78.0553287523495	37528.34686025
501.19	156.030022407151	850.006875884994	864.20891973188	79.5983979664602	37529.6888882466
398.11	174.488542114262	1066.44027568012	1080.62070724277	80.7077309271592	37532.5699432394
316.23	201.296954865703	1333.20930623905	1348.32025805467	81.4139492659726	37533.7919652363
251.19	240.917970799689	1666.98947554578	1684.30857631095	81.7763936426338	37535.1689902328
199.53	297.277529483398	2077.33583195834	2098.4990084043	81.8559705716683	37536.4160112297
158.49	378.338177328198	2584.14692765111	2611.69583223481	81.6706522328778	37537.7630352263
125.89	492.662275300535	3202.33328512857	3240.00842383884	81.2539143610157	37539.1550622227
100	647.635063426149	3950.36796459251	4003.1035748601	80.689583020145	37540.5270872193
79.433	853.939540774601	4851.42149712784	4926.00276919253	80.0171471043313	37541.9591152157
63.096	1114.19362122996	5932.55332023631	6036.27503706022	79.3631799267937	37543.426142212
50.119	1438.33748660823	7219.26224424406	7361.15222479132	78.732159834632	37545.1581712076
39.811	1807.83921539297	8762.66081950667	8947.20667395305	78.3427700244372	37546.7302032036
31.623	2222.73827326892	10632.4022985324	10862.2531764497	78.1921842940006	37548.3922341994
25.119	2666.4015488349	12896.7420475874	13169.49705424	78.318682617623	37549.9642641955
19.953	3142.87807013236	15679.1938947654	15991.0851337039	78.6653356550719	37551.8412961907
15.849	3632.62101263358	19113.7492571525	19455.8820434008	79.2391147254779	37553.7933331858
12.589	4170.2428060425	23423.4055947374	23791.739211687	79.9049817657698	37555.8803741805
10	4708.07414654667	28774.3728717181	29156.997381933	80.7075826887505	37558.1724151747
7.9433	5282.48765284679	35435.020865884	35826.6015631976	81.5210549277168	37560.4994561689
6.3096	5958.29436499672	43821.5900162158	44224.8009977349	82.2571404490577	37562.801499163
5.0119	6650.80250095973	54346.5760402205	54752.0182386206	83.0229730458097	37565.2385431569
3.9811	7439.72160855849	67562.3499171185	67970.7332896742	83.7161130530232	37567.7105901507
3.1623	8390.70248039406	84033.6097359442	84451.473956157	84.2979523476922	37570.1876391444
2.5119	9606.31702058966	104650.401065113	105090.37905436	84.755268459208	37572.8196861378
1.9953	10656.6175917947	130488.833010035	130923.256294742	85.3311928041894	37575.4667361311
1.5849	12231.4745303562	162833.131860531	163291.879163343	85.7042022559362	37579.6508151205
1.2589	13947.633643395	203571.542371224	204048.791585859	86.0805248824861	37582.4028621136
1	16072.3285400561	253971.180449886	254479.233423492	86.3789190371086	37587.4219591009
0.79433	18798.1692110715	317765.966426199	318321.505061257	86.6144833363769	37590.549013093
0.63096	22149.0722106227	397651.86643218	398268.23659035	86.8119389966175	37594.106081084
0.50119	26714.1171584067	498054.728327669	498770.645151758	86.9297733793182	37597.9081490744
0.39811	32770.7078084251	624082.396773064	624942.203129439	86.9941463342624	37602.0902270638
0.31623	41228.9020355919	782011.797961787	783097.870329429	86.9820697581485	37606.9273180516
0.25119	52531.4621433148	980247.634396372	981654.205540117	86.9324539807676	37612.3844190379
0.19953	69442.9732128934	1227846.8605086	1229809.02557652	86.7629879042592	37618.5765340222
0.15849	91454.8886999863	1538344.82224575	1541060.92961876	86.5977595803703	37625.8436660039
0.12589	124194.267000921	1927188.48661183	1931186.08085422	86.3127730498924	37634.3608239824
0.1	170231.78899178	2412364.49600954	2418363.35640257	85.963536351198	37644.5180129567
