Frequency (Hz)	Z' (Ω)	-Z'' (Ω)	Z (Ω)	-Phase (°)	Time (s)
10000	114.814368707625	47.7034542366154	124.330039844903	22.5620692514195	39236.2134879381
7943.3	114.284360578744	58.4153629608207	128.348236071777	27.0734144168229	39237.4605089349
6309.6	114.666432049643	72.1096514593212	135.455499971689	32.1643308474044	39238.7625299316
5011.9	115.94574655581	89.9285859491985	146.73297759947	37.7974841749441	39240.0995559283
3981.1	117.466580011803	110.706129708441	161.413272610066	43.3028996520938	39241.4315789249
3162.3	117.470952312422	139.123201691747	182.084293353792	49.8233775675787	39242.7436059216
2511.9	119.259490322899	175.040373448777	211.806417204874	55.7323931818398	39244.0556279183
1995.3	119.230974686924	220.151671179975	250.365300407484	61.5606626761323	39245.357654915
1584.9	123.784478864352	273.536580220508	300.241332808209	65.6516527406494	39246.6346779118
1258.9	124.376109265602	341.725710616971	363.656263321179	70.000277996624	39247.9317029085
1000	128.800186344662	431.498105787993	450.311118340472	73.3798793092515	39251.9147758984
794.33	134.554511609423	541.014755125685	557.496082370231	76.0334679137569	39253.2517988951
630.96	143.107182409295	678.573033575039	693.499118638487	78.0911545283398	39254.5588228918
501.19	155.585586461736	850.522990563926	864.636474012314	79.6335396900152	39255.8958478884
398.11	173.780968188099	1065.94028154972	1080.01319840764	80.7404928076959	39258.836905881
316.23	200.794000353019	1334.41541737386	1349.43793362378	81.4427102979002	39260.0889278778
251.19	239.821837710497	1666.21463134621	1683.38519405246	81.8095458037125	39261.4909538743
199.53	296.448908809052	2077.74956726241	2098.79137119276	81.8799633379667	39262.8179778709
158.49	376.977930594314	2584.98976974602	2612.33314679556	81.7028494776159	39264.1700038675
125.89	490.256331975405	3202.38403260426	3239.69362182919	81.2961064966293	39265.5920268639
100	644.922816965683	3951.81991151227	4004.0986567351	80.731243310721	39266.9790528604
79.433	851.291328723485	4856.53151896075	4930.57758493049	80.0577486386358	39268.4060798568
63.096	1111.75477845135	5941.18568255796	6044.31021722422	79.4010053662974	39269.8781068531
50.119	1429.86002834491	7232.44768446381	7372.43509358777	78.8167961658633	39271.5651398488
39.811	1800.05564558366	8774.04345283338	8956.78730569203	78.4062463236703	39273.1221668449
31.623	2214.27218353996	10645.1418662654	10872.9962133588	78.2495898954931	39274.7691978407
25.119	2656.48161121779	12912.8456576312	13183.2650556887	78.375073048821	39276.3512288367
19.953	3132.34823084907	15706.3642279953	16015.6636672276	78.7213751797527	39278.2632618319
15.849	3624.58504176029	19152.5818879993	19492.5372822902	79.2836318558173	39280.220297827
12.589	4145.07530260196	23468.6243297132	23831.8689404219	79.9836073168407	39282.192336822
10	4698.85259852408	28830.6421431997	29211.0448654597	80.7432544907195	39284.4743788162
7.9433	5278.08744926225	35520.3848974776	35910.387778288	81.5480809674011	39286.7914198104
6.3096	5898.29648534987	43953.631968263	44347.6229873779	82.3569329208829	39289.2184668043
5.0119	6635.88366514408	54447.1616776406	54850.0534800875	83.0512047817485	39291.6655127981
3.9811	7446.11235226898	67701.7879918626	68110.0336694802	83.723608202919	39294.087556792
3.1623	8381.65913095371	84227.0551814449	84643.0684363798	84.317053702625	39296.6596027855
2.5119	9508.34857593399	104884.321138277	105314.431647703	84.8199776793508	39299.241649779
1.9953	10832.9866252548	130770.367066337	131218.30094117	85.2644437417843	39301.9237007722
1.5849	12229.42482343	163394.947956006	163851.969316996	85.7196326317092	39306.1327817616
1.2589	13986.3331278547	204081.393870343	204560.095909309	86.0794721893504	39308.8898287546
1	16156.5622437306	254732.070951546	255243.927400436	86.3708358355253	39313.9739267418
0.79433	18812.8222899654	318642.163866345	319197.040832054	86.6211455560828	39317.1809847337
0.63096	22211.638645816	399111.54736612	399729.13845792	86.8146205779728	39320.7380507247
0.50119	26775.7666536701	499598.249029508	500315.252728959	86.932190864956	39324.565118715
0.39811	33144.6447350424	625911.36521575	626788.325179128	86.9687782145136	39328.7871987044
0.31623	41570.0300426575	784420.951612343	785521.671710056	86.966474017828	39333.6392896921
0.25119	53214.4198154952	982749.465219666	984189.151467257	86.9005457750715	39339.0813906784
0.19953	69562.9818639086	1231918.51441664	1233880.96452142	86.7681001997533	39345.3085046626
0.15849	92806.8469649663	1542054.74488823	1544844.95891202	86.5558716547852	39352.6206386442
0.12589	126543.948040284	1932566.58635931	1936705.18703754	86.2536357283064	39361.1527976226
0.1	174220.960463204	2419404.84645216	2425669.54758906	85.8812493057686	39371.299985597
