Frequency (Hz)	Z' (Ω)	-Z'' (Ω)	Z (Ω)	-Phase (°)	Time (s)
10000	111.957024638409	48.9905602174575	122.206588841624	23.6333990062851	60946.8774721239
7943.3	113.052607047203	57.8474896716528	126.993007766102	27.0982118358357	60948.1844961206
6309.6	113.089072146976	72.3441742202734	134.249088572985	32.6074409499483	60949.5815231171
5011.9	113.198979742763	89.2711326071641	144.164295620547	38.2600663843481	60950.9785501136
3981.1	114.119685722251	111.523995601984	159.564733774029	44.3409275707771	60952.40057411
3162.3	113.984136663904	139.220598706451	179.929871103156	50.6917704168381	60953.8126021064
2511.9	116.19740180522	174.881210772943	209.96493532896	56.3984991686493	60955.2246271028
1995.3	116.65625331996	219.277153282046	248.377034747837	61.986858070219	60956.6166520993
1584.9	118.394204068016	276.575168937338	300.850480520832	66.8255680039747	60957.8736760962
1258.9	121.600679351253	344.072781258716	364.928491655275	70.535798630943	60959.1906980928
1000	125.56048587478	432.468894614313	450.32741469073	73.810182770345	60963.2437750826
794.33	131.092564035876	542.433391403597	558.049500004352	76.4135602526516	60964.5908000792
630.96	139.159381049554	680.252717127157	694.340761076991	78.4385126521438	60966.0028250756
501.19	151.169577137728	853.013867832754	866.305315559702	79.9504845276508	60967.439851072
398.11	168.560414503492	1069.20040609636	1082.4057103204	81.0410044591718	60970.4109080645
316.23	194.303801962811	1338.59868750083	1352.6272264139	81.7409355540759	60971.7429340611
251.19	231.772491565166	1673.07994344922	1689.05742502094	82.112987521129	60973.1999600575
199.53	285.962726968089	2086.91241411775	2106.41356466715	82.1975399395998	60974.6419840538
158.49	363.36935481425	2596.94059280038	2622.23906815388	82.0347677674658	60976.1040140501
125.89	472.704337834499	3220.52234521125	3255.02896561806	81.6498202173343	60977.6060390463
100	621.016221078289	3979.42165630851	4027.58710216669	81.1301411160085	60979.0730690426
79.433	820.731612107525	4896.50016936855	4964.8075781181	80.4847650594062	60980.5750950388
63.096	1077.15130223086	5996.35571633906	6092.33426567926	79.8163217629308	60982.1771260348
50.119	1383.55943770612	7305.59599338408	7435.45355282482	79.2761281359762	60983.9941590302
39.811	1745.21574386797	8885.82037080497	9055.58289978382	78.8882834694778	60985.6311880261
31.623	2149.73257740263	10795.2413513847	11007.2060936912	78.7376168203643	60987.3482220217
25.119	2591.42604728659	13116.1277874264	13369.6782719202	78.8236980989849	60989.0402530175
19.953	3048.89833468558	15971.042179991	16259.4578436767	79.1921802961885	60991.1022900123
15.849	3548.31320901078	19510.7178610681	19830.7498114277	79.6925668422434	60993.1493270071
12.589	4061.07816384338	23910.0258478799	24252.4574404148	80.3604003844942	60995.2013670019
10	4602.76412409558	29421.0159417429	29778.8786999502	81.1084475311916	60997.563408996
7.9433	5217.43778675472	36277.7877268758	36651.0510001407	81.8158927106894	60999.9704529899
6.3096	5819.79502037741	44919.9730419635	45295.4080693611	82.6179264586698	61002.4775029836
5.0119	6559.60732274781	55698.1097191638	56083.0444476462	83.2831739054708	61004.9745479772
3.9811	7401.68799519083	69225.4236784305	69619.9990565668	83.8970340963526	61007.5365929708
3.1623	8301.43799273526	86107.2150596232	86506.4526961511	84.4932382815342	61010.223645964
2.5119	9472.49743779268	107282.053622629	107699.430069048	84.954139370878	61012.9206939572
1.9953	10742.1022152893	133904.167843061	134334.354972011	85.4134223055224	61015.6827469502
1.5849	12361.479648037	167123.722746589	167580.26400435	85.7697614748992	61021.2838499361
1.2589	14166.0550526453	208694.977153658	209175.215082763	86.1167632235761	61024.2159019287
1	16433.3954003522	260654.317713168	261171.83965141	86.3924647878492	61029.4250029155
0.79433	19319.4200621793	326021.043296748	326592.958686863	86.6087210809267	61032.7020609072
0.63096	23003.7639142393	408155.032185368	408802.76840117	86.7742020126608	61036.3041278981
0.50119	27934.0712732719	511008.668828127	511771.601356889	86.8710647765622	61040.2061978883
0.39811	34656.9070538417	640262.796180912	641200.085293147	86.9016494822252	61044.5932798772
0.31623	43925.2069200165	801855.085706247	803057.284554432	86.8645006495385	61049.4903718649
0.25119	57206.8804172234	1005029.24528854	1006656.05399874	86.7422044622127	61055.0874738507
0.19953	75318.5480683293	1258189.66180327	1260442.02911191	86.5742119236469	61061.3445898349
0.15849	101668.271085871	1576237.67453118	1579513.10344582	86.3095002431988	61068.7567298162
0.12589	136888.675381741	1972048.12498123	1976793.44310167	86.0292132302595	61077.4188897943
0.1	193354.203110719	2467637.80405246	2475201.44227686	85.5196867108543	61087.7610807682
