Frequency (Hz)	Z' (Ω)	-Z'' (Ω)	Z (Ω)	-Phase (°)	Time (s)
10000	115.289772393421	48.7103401368862	125.157616047838	22.904231247452	35239.7214890283
7943.3	115.974925962918	59.5538608049383	130.371951695441	27.1807862459259	35240.9485120252
6309.6	116.809488411785	72.1840278219795	137.313475142198	31.7145616547399	35242.2655360218
5011.9	116.465261779217	89.8344144164234	147.086298528596	37.6444696918614	35243.6225600184
3981.1	117.747900293664	112.17721357199	162.62931860013	43.6120941659936	35244.9345820151
3162.3	118.60454271954	139.498734330582	183.103616658835	49.6281632975885	35246.2666090117
2511.9	119.724686249251	175.524748726038	212.468675133113	55.7022676349882	35247.5586320085
1995.3	120.880264034801	216.550037306731	248.00394531271	60.8293350210215	35248.8556570052
1584.9	122.864569724346	277.212102829852	303.219808800311	66.0963592321227	35250.132681002
1258.9	127.654961633028	344.298970757931	367.202356330267	69.6568430370669	35251.4347059987
1000	129.782168556088	431.491850925856	450.586982380252	73.2600014179344	35255.3527759888
794.33	135.608527881304	541.012650369727	557.749370859539	75.9283409726373	35256.6897999854
630.96	144.206135988727	678.268947073354	693.429285667108	77.9971210943342	35257.9718239822
501.19	156.853807805999	850.166481866082	864.514987673315	79.5466085537636	35259.2938499788
398.11	175.36015941972	1065.87624924257	1080.20524170693	80.6572749573938	35262.1449049716
316.23	202.607308218132	1333.79190008792	1349.09249278304	81.3626163642066	35263.3619229686
251.19	242.035652589138	1665.20516640791	1682.70303480913	81.7300378086236	35264.7139479652
199.53	299.305742086569	2076.37599774082	2097.83726996165	81.7974213598613	35266.0259729618
158.49	380.719184572658	2580.58473098759	2608.51771151893	81.6075707899465	35267.3879999584
125.89	495.191960079025	3197.78674453069	3235.90097821659	81.1974030221833	35268.7800249549
100	652.124988304285	3947.26820575665	4000.77408616735	80.6189471788952	35270.1620499514
79.433	859.035531247775	4845.22444056423	4920.78671793313	79.9462011406257	35271.5790749478
63.096	1121.12405987381	5926.29786379339	6031.41157010778	79.2875063482019	35273.0411049441
50.119	1442.43732939338	7207.68689180862	7350.60376973057	78.6831888978724	35274.7781349397
39.811	1817.16904501662	8744.70987885068	8931.52026272321	78.2608856710478	35276.3151639359
31.623	2231.13828194691	10607.0034151829	10839.1189440319	78.121247905499	35277.9421929318
25.119	2679.02251144452	12863.9860547654	13139.9885401025	78.2358713293524	35279.5492239277
19.953	3157.18637425663	15636.0471739969	15951.6079762903	78.5844857333611	35281.401257923
15.849	3637.55753747863	19057.1789365612	19401.2343385306	79.1935999623249	35283.3432959181
12.589	4169.02722050349	23336.381221573	23705.8532114725	79.8710068343747	35285.380332913
10	4734.11670065416	28687.72244685	29075.7163303488	80.6293657078378	35287.6623749072
7.9433	5336.26771482591	35353.7125296359	35754.1709839905	81.4166030870124	35289.9544179014
6.3096	5962.46337592667	43699.0671565913	44103.9617252865	82.2303292212637	35292.2414598957
5.0119	6676.84698382237	54135.9310012422	54546.1209529755	82.9689410478074	35294.6635038895
3.9811	7468.42299431353	67217.3664876302	67630.996588505	83.659954157723	35297.0705498835
3.1623	8403.20110886925	83737.0382868698	84157.6221737092	84.2694243326005	35299.612594877
2.5119	9580.9539954406	104170.175552806	104609.84730973	84.7450588301738	35302.1796448706
1.9953	10741.8939410205	129890.897061429	130334.314072937	85.2724337339961	35304.8416938638
1.5849	12220.7044674659	162325.876066703	162785.243982689	85.6946087465164	35310.3877958498
1.2589	13973.4578020411	202787.121384711	203267.985975271	86.058149121272	35313.1448448429
1	16075.1888733315	253038.983813463	253549.08603003	86.3649695855312	35318.2139418301
0.79433	18717.3656635679	316558.396404726	317111.270868311	86.6161728145227	35321.3209958222
0.63096	22063.5437659499	396100.165545586	396714.180624732	86.8118091047741	35324.8330638134
0.50119	26628.1635646418	496010.383930821	496724.632026665	86.9270437222105	35328.6801328037
0.39811	32666.8729647135	621515.751927419	622373.645395753	86.9913018899012	35332.8622137931
0.31623	40774.3137729925	778736.824217217	779803.556067536	87.0027554724003	35337.5742997812
0.25119	52240.6860312163	975910.204169713	977307.431609718	86.9358689357452	35342.9813997676
0.19953	68444.9366982573	1222317.21830847	1224232.04153991	86.7950096505982	35349.1835147519
0.15849	90820.1812367553	1531355.70170165	1534046.47597589	86.6059322578978	35356.4806507335
0.12589	122661.027933354	1917619.69670388	1921538.7138854	86.3400471974876	35365.0378057119
0.1	170380.30071317	2398403.60885403	2404447.8197364	85.9365887916679	35375.1849956862
