Frequency (Hz)	Z' (Ω)	-Z'' (Ω)	Z (Ω)	-Phase (°)	Time (s)
10000	116.049040073963	47.9913715476876	125.580856204743	22.4672419513215	30207.8243187326
7943.3	116.953679923828	59.4917363053849	131.215204669103	26.9614283316797	30209.0363387295
6309.6	115.864756554327	72.9181334811991	136.900314104006	32.1837807017187	30210.3483627262
5011.9	118.007569536781	89.7107511115662	148.235641237118	37.2425267275558	30211.6603887229
3981.1	117.131450114197	111.916789440653	162.003531950875	43.695792450056	30212.9374137197
3162.3	118.991898933323	138.886594974382	182.889470105133	49.4114912903892	30214.2244357164
2511.9	120.016242284542	174.861470024382	212.085907384696	55.5362273062392	30215.5264587131
1995.3	120.19273314522	219.762149763499	250.482924706641	61.3247848896427	30216.8084857099
1584.9	124.856832311926	274.714920657391	301.75737970556	65.5583936516026	30218.0605057067
1258.9	124.42506362936	344.760057930161	366.52570715187	70.1553164022143	30219.3375317035
1000	130.038601368402	431.089894536652	450.276065339333	73.2140222862904	30223.3156086935
794.33	135.94600842939	540.614301531233	557.445190335325	75.8847398651215	30224.6326286901
630.96	144.690818862249	677.885375041895	693.155115943552	77.9513398315615	30225.9246516869
501.19	157.454494495122	849.142737673984	863.617569750166	79.4950950998896	30227.2566786835
398.11	176.21137150123	1064.21233224103	1078.70215330286	80.5983146199365	30230.1427316762
316.23	203.779107280401	1331.99362644719	1347.49135264756	81.3018728800669	30231.3497526732
251.19	243.846127981941	1662.5017028054	1680.28951254319	81.6556851783074	30232.7017766698
199.53	301.893026155265	2072.59292493239	2094.46433049622	81.7126029868439	30233.9988046665
158.49	384.285452515831	2576.82940394499	2605.3262916669	81.5179283243849	30235.3258276631
125.89	499.490609126595	3191.50956857555	3230.35976245912	81.1050195283767	30236.7128546596
100	658.293952593886	3936.74592295292	3991.40569097005	80.5069569391744	30238.0698786562
79.433	867.68846735279	4834.0691971135	4911.32449333767	79.8240870179334	30239.4519046527
63.096	1131.49183963827	5907.79014976031	6015.16901148862	79.1577030509991	30240.908929649
50.119	1453.50007256477	7178.85004315953	7324.51707644384	78.5540679117906	30242.6659616446
39.811	1831.08602591466	8711.39540763198	8901.75746593961	78.1295566294244	30244.1879926408
31.623	2250.9808619668	10560.3942105588	10797.6312552033	77.9673017996112	30245.8000216367
25.119	2695.47142225844	12796.2728500073	13077.0854948664	78.10482834772	30247.3670496327
19.953	3171.3290337721	15555.269546676	15875.2555415714	78.4767510713838	30249.244084628
15.849	3677.83581868423	18961.0660288815	19314.4635250581	79.0227775799502	30251.1461186232
12.589	4205.68099677787	23189.7834573668	23568.0675798043	79.7206107735565	30253.0881566183
10	4742.59186691531	28493.092094922	28885.0908730756	80.5499197994289	30255.3651966125
7.9433	5305.10935206512	35107.7779735351	35506.3411164316	81.4070887440552	30257.6672416067
6.3096	5944.06863756715	43400.4111172136	43805.5662799977	82.201358276794	30260.0642866007
5.0119	6674.68633894195	53828.2235433539	54240.4746251038	82.9314189097096	30262.4613305946
3.9811	7481.07315520433	66824.2519281272	67241.7065615332	83.612250884556	30264.8533745886
3.1623	8385.7656453786	83159.7080386177	83581.4459466175	84.2417993554032	30267.2954205824
2.5119	9534.98849869229	103546.36781526	103984.452171483	84.7387990556925	30269.7874655761
1.9953	10751.558899398	129200.085220268	129646.666134119	85.2430150694561	30272.4445125694
1.5849	12142.7878553923	161406.191002964	161862.305034206	85.6976719449734	30277.9956175554
1.2589	13728.5667493787	201686.606449691	202153.31005498	86.1059513919452	30282.3297005445
1	15926.7402938283	251713.568448231	252216.933605437	86.3795351088972	30287.3187935319
0.79433	18496.0569875876	314874.81445295	315417.584958207	86.6382524547447	30290.4858495239
0.63096	21817.715684026	394200.156953702	394803.465612945	86.8320942540757	30293.9429115151
0.50119	26119.7200875972	493777.348838376	494467.70370097	86.9720032791355	30297.7449815055
0.39811	31984.517872551	618576.115916852	619402.470584609	87.0400614089313	30301.927058495
0.31623	39953.0455091619	775301.582928261	776330.335834253	87.0500282323157	30306.694147483
0.25119	51018.6033382544	971272.943800114	972611.962318337	86.9931555873205	30312.1212474693
0.19953	65770.2707069027	1216997.54690366	1218773.46446269	86.9065700539588	30318.3783654535
0.15849	88467.9586762642	1525453.61804311	1528016.79326935	86.6808762666782	30325.695501435
0.12589	119961.81211146	1910083.92191206	1913847.28364414	86.4062888759516	30334.1926574135
0.1	162530.664037117	2391439.65880471	2396956.37391596	86.1119559648241	30344.3948483878
