Frequency (Hz)	Z' (Ω)	-Z'' (Ω)	Z (Ω)	-Phase (°)	Time (s)
10000	110.780606615708	48.8571016324718	121.075840620951	23.7987150856623	73898.4422794244
7943.3	110.899390986223	58.1233379038688	125.207816569903	27.659425545238	73899.8143024209
6309.6	113.169870285669	72.8982407073308	134.616392161947	32.7875627548364	73901.2463294173
5011.9	112.592577492599	89.9245988221159	144.095530741746	38.6134011530576	73902.6833554137
3981.1	111.873076242473	111.884321031269	158.220373152709	45.0028793637521	73904.13038541
3162.3	113.508602624378	139.764332099749	180.050746727215	50.918469422485	73905.5774084064
2511.9	113.699708697585	174.270421399606	208.081242625835	56.878259460241	73907.0794394026
1995.3	117.36545923864	220.044334603286	249.387570286291	61.9257938651645	73908.5264663989
1584.9	115.750740157465	274.763676135314	298.149813970079	67.1555825217798	73909.9234913954
1258.9	116.492121047164	345.680674844939	364.781500664877	71.3765208802665	73911.3355153918
1000	123.972530899817	432.938121110424	450.338322962115	74.0208493642615	73915.5385953812
794.33	129.446160349808	543.210874165915	558.421312488524	76.5964990709128	73917.0156213775
630.96	137.446867920419	681.270664055026	694.997380716726	78.5936475534838	73918.4326493739
501.19	149.098759473669	853.922615817724	866.841550620165	80.0957412643655	73919.8846753702
398.11	166.223278943024	1071.05584068467	1083.87766483461	81.178316680671	73922.9457323625
316.23	191.374813974803	1340.39523573532	1353.98807506042	81.8745148604679	73924.2827553591
251.19	228.136878891558	1675.23295546932	1690.69568243396	82.2450410147487	73925.7647833554
199.53	281.130966957094	2091.13073473056	2109.94368889718	82.3430833761005	73927.2368113517
158.49	357.361204928048	2602.32075270558	2626.74329365276	82.1808182934763	73928.7288413479
125.89	464.61424889134	3230.24600200075	3263.48826161742	81.8151408664722	73930.275869344
100	611.054714872123	3992.63111213755	4039.12008513936	81.2986496643022	73931.7978943402
79.433	806.541746338739	4912.67558729599	4978.44262943756	80.6766005160469	73933.3499263362
63.096	1054.46012278831	6016.99907683786	6108.6957725212	80.0600319880891	73935.011954332
50.119	1367.80657014668	7343.27374769928	7469.57590141407	79.4486289753866	73936.9389923272
39.811	1722.89658470691	8937.61752081043	9102.16345655758	79.0889806239518	73938.6160233229
31.623	2125.2299308573	10863.2550734188	11069.1875514498	78.9307602543192	73940.4030543184
25.119	2559.18698751397	13207.8183173662	13453.4717728033	79.0340833849202	73942.0950883141
19.953	3019.08888685425	16091.5801360891	16372.3501362176	79.3737488970298	73944.152123309
15.849	3502.88975304397	19667.5554200472	19977.0611658124	79.9012295546429	73946.2541643037
12.589	4013.2034727793	24120.2826367341	24451.8677525842	80.5534956517636	73948.3562032983
10	4567.82804595737	29674.9977994677	30024.4991208154	81.2492285185396	73950.7682482923
7.9433	5174.36835660112	36623.8408804283	36987.562892474	81.9582401690336	73953.2202922861
6.3096	5764.19952763932	45331.0208868308	45696.0332067974	82.7532771058546	73955.7973412796
5.0119	6514.44367212239	56226.606470683	56602.731838369	83.3911479283266	73958.3743892731
3.9811	7372.28851553454	69872.5843297058	70260.4346618219	83.976980316195	73961.0014362664
3.1623	8287.96724094896	86949.8172392143	87343.9243389019	84.5550757298314	73963.6934862596
2.5119	9545.24079307656	108271.852387311	108691.791967828	84.961832667013	73966.4305372527
1.9953	10770.0381320518	135086.904896556	135515.554811605	85.4416363307123	73969.2875902455
1.5849	12351.3738008611	168824.76274774	169275.978660882	85.8156434426675	73975.018698231
1.2589	14268.7547339899	211066.866329253	211548.621890357	86.1325175622305	73977.9257482237
1	16599.5361425919	263253.69650216	263776.521552242	86.3919751881042	73983.1098472106
0.79433	19497.479618685	329195.399140048	329772.288900169	86.6104636343423	73986.4219062022
0.63096	23339.9713175793	412226.021397534	412886.239754179	86.7594098243356	73990.098974193
0.50119	28582.8426699538	515984.073361911	516775.137616203	86.8293513371042	73994.0860481829
0.39811	35466.7516225109	646429.893176236	647402.114039252	86.8595823749151	73998.4431301719
0.31623	45198.156133982	809993.299186546	811253.362424476	86.8061701521626	74003.3902201594
0.25119	59105.3174151823	1014857.61640776	1016577.30651809	86.6668584028095	74008.9673251453
0.19953	76986.9717056408	1270191.16966929	1272522.14177917	86.5315150745851	74015.3594441292
0.15849	105115.060466437	1591064.98546695	1594533.46277706	86.2201984751782	74022.7815791104
0.12589	144377.659299548	1988760.03588626	1993993.82868733	85.8477926992586	74031.4287390886
0.1	200615.902366631	2487944.57370052	2496019.82005116	85.389917869296	74041.8009320624
