Frequency (Hz)	Z' (Ω)	-Z'' (Ω)	Z (Ω)	-Phase (°)	Time (s)
10000	116.312948812585	49.0438370068816	126.22994894175	22.8629221687827	19652.198876383
7943.3	117.609493242159	59.5330600550021	131.818732129352	26.848197277102	19653.4508953798
6309.6	118.809842555274	72.1101233626777	138.980748952471	31.2551249040404	19654.7079203766
5011.9	118.323369793585	89.6258038382548	148.435860064078	37.1426522555253	19655.9699423734
3981.1	120.026046995423	111.367956058437	163.734765990554	42.8571581357365	19657.2369683702
3162.3	120.315579307331	138.412477150254	183.395344692629	49.0010731534696	19658.4889913671
2511.9	121.547754013226	173.637148334399	211.952154476811	55.0075922100097	19659.7610123639
1995.3	121.006519914487	219.025363498315	250.229270305022	61.0803504285525	19661.0430393606
1584.9	123.312888628032	272.360693183187	298.975610532056	65.6410830917521	19662.2750593575
1258.9	126.243770548321	345.18458663199	367.545763749978	69.9111039165125	19663.4970833544
1000	132.123938427162	430.308950373552	450.136121497812	72.9311908281968	19667.4101573446
794.33	138.269508940683	539.663054227186	557.094847580295	75.6291290711506	19668.7021803413
630.96	147.232415501082	676.658420473242	692.491156746154	77.7244926840098	19669.9592033381
501.19	160.3919073842	847.969136688852	863.00476286703	79.2891396815602	19671.2512273349
398.11	179.669364359674	1062.59850595122	1077.6811519829	80.4029209214634	19674.0622793278
316.23	207.9279585093	1329.05488591364	1345.22151547646	81.1082678393492	19675.2442993248
251.19	249.101064154493	1659.5027103023	1678.09433157483	81.4633032036666	19676.5313233215
199.53	308.343760853533	2067.00450517155	2089.87643157599	81.5155132112427	19677.7933463183
158.49	393.08737335405	2569.23158551738	2599.12843528567	81.3013140892315	19679.0903703151
125.89	511.259269833969	3180.15694384463	3220.99118727053	80.8669674756909	19680.4923963115
100	673.281617963958	3921.36437717469	3978.7443642012	80.2575506497728	19681.8294233082
79.433	887.319950374284	4809.43352382628	4890.60195829065	79.5467207752348	19683.2014483047
63.096	1155.59317447645	5866.11284860571	5978.8523595648	78.8557307668837	19684.6384733011
50.119	1486.18597885653	7127.1156819466	7280.42077819675	78.2211543757957	19686.3005032969
39.811	1866.93787607405	8640.63372659354	8840.023089917	77.8078127504358	19687.827532293
31.623	2289.34413734742	10465.5199702006	10712.9923376186	77.6608518858833	19689.419564289
25.119	2743.13574724593	12665.8654157631	12959.5115825421	77.7797819239181	19690.9315922852
19.953	3226.05322359586	15379.6148097802	15714.3237556913	78.153301697	19692.8086262804
15.849	3724.41323985076	18727.8871864535	19094.6330797348	78.7523400595189	19694.7156612756
12.589	4255.54597213963	22897.7719174929	23289.8611053505	79.4717112051314	19696.6576952707
10	4813.20159351652	28122.9695146506	28531.8825860089	80.2880158248157	19698.8997372651
7.9433	5415.91823805137	34644.2061417887	35064.9852353599	81.1148834446425	19701.1767812593
6.3096	6035.87115955656	42777.7054623181	43201.4331391402	81.9686679983756	19703.5688242533
5.0119	6737.0628630311	53045.7585581096	53471.8665938051	82.7619155853368	19705.9758702472
3.9811	7557.83134942714	65813.1577653221	66245.6983490215	83.4489817712671	19708.3779152411
3.1623	8425.46422079106	81859.3192635168	82291.7772175458	84.1234595644728	19710.8749612348
2.5119	9650.12302639847	101949.189906976	102404.89342367	84.5927101696086	19713.3370062286
1.9953	10671.8869576751	127174.603801605	127621.585256306	85.2032492457316	19715.959054222
1.5849	12151.1018321858	158714.807756947	159179.268364511	85.6220128954743	19720.1781322113
1.2589	13771.8892034555	198523.727993303	199000.842984625	86.0316633135292	19722.9101842044
1	15875.6785918839	247727.932875803	248236.109173648	86.3332063415869	19727.9442761917
0.79433	18389.3994271631	309697.227868866	310242.716209344	86.6018446943906	19731.0763351838
0.63096	21592.8871591216	387762.851152896	388363.594470555	86.8127300578824	19734.5934001749
0.50119	25736.6365150165	485604.813110382	486286.34463151	86.9662114937533	19738.4004701653
0.39811	31336.5624917833	608735.822913316	609541.862587594	87.0531234657262	19742.5675451548
0.31623	39025.610014823	762605.501221891	763603.397537571	87.0704985269177	19747.3596351427
0.25119	49365.9671662866	955942.243464404	957216.052703892	87.0438054366877	19752.6867331293
0.19953	63751.6862164285	1196110.19069864	1197807.94194586	86.949069073429	19758.9238501135
0.15849	85914.5636825975	1501024.24715024	1503480.99515282	86.7241189763356	19766.1859850952
0.12589	115735.414127206	1879092.67271023	1882653.43563718	86.4755411559447	19774.6581430738
0.1	156145.033904869	2355408.37939305	2360578.29891918	86.2072902241715	19784.7703270483
