Frequency (Hz)	Z' (Ω)	-Z'' (Ω)	Z (Ω)	-Phase (°)	Time (s)
10000	118.767605663009	48.3110758675704	128.217409919271	22.1350073734195	8376.7251028508
7943.3	118.949494255937	58.9623705297153	132.761226727636	26.3672692893272	8378.71414084578
6309.6	119.904218209916	72.7060698014586	140.225511696359	31.231278146589	8379.83615684295
5011.9	120.935632789785	89.2177977077044	150.283873739262	36.417294823026	8381.05317983988
3981.1	121.928839161104	111.270366397968	165.068883371496	42.3830922879791	8382.26020383683
3162.3	121.959975434899	139.456484862723	185.262912581952	48.8290751322321	8383.48222683374
2511.9	122.051647793075	173.438189071938	212.07878290286	54.8652431508788	8384.70924783064
1995.3	124.975613192272	218.303904500719	251.54621566035	60.2095292789926	8385.93127082756
1584.9	124.398414002384	271.759116960486	298.877873147965	65.4039434440488	8387.00829082484
1258.9	131.39763849871	342.809607847551	367.129087155498	69.0283589087849	8388.2103128218
1000	133.880803387886	429.611492315245	449.98900413801	72.6912807123969	8392.07338681205
794.33	140.20925094081	538.693619475219	556.641221715294	75.4109495211552	8393.30040580895
630.96	149.626188422374	675.616243335195	691.986491573477	77.5124752040567	8394.49743080593
501.19	163.136930417034	846.03303368911	861.617985048531	79.0858533117733	8395.72945380282
398.11	183.199864326526	1060.20201137814	1075.91379544066	80.1962648286661	8398.49550779584
316.23	212.455947708863	1325.75574003129	1342.67114810097	80.8956059376401	8399.64252579294
251.19	254.978798562579	1654.04765493803	1673.58532274946	81.2365831560273	8400.88955078979
199.53	316.488572453198	2061.13556235232	2085.29250295657	81.2703817325632	8402.13657178664
158.49	403.720705590716	2559.20834890185	2590.85657287539	81.0353425796599	8403.40859378343
125.89	525.592029429879	3166.08155673966	3209.4110683001	80.574450536178	8404.72061778012
100	691.223207181473	3895.49851697943	3956.34910213131	79.938078578933	8405.98764377692
79.433	910.786910533184	4777.98216367161	4864.01545564594	79.2076591462526	8407.3046667736
63.096	1184.92266272012	5824.80280527152	5944.10375388307	78.5013871949998	8408.67169377014
50.119	1521.91232012914	7072.67305865378	7234.56434795958	77.8561501109022	8410.21371976625
39.811	1909.37104295411	8548.60851911144	8759.24685076842	77.4093798260907	8411.67574676256
31.623	2336.71941559341	10344.4386254308	10605.0774680111	77.2710149674111	8413.89979175694
25.119	2801.74853634506	12508.1165440272	12818.0643757113	77.3744665717817	8415.36681775324
19.953	3285.5731002796	15166.9313909728	15518.7241233214	77.7770256004689	8417.14884874874
15.849	3800.39019695565	18443.1426820252	18830.6260554092	78.3566130884989	8419.02088274401
12.589	4319.76250764591	22549.3750342033	22959.4133756857	79.1552899271434	8420.88291973932
10	4888.58070218062	27650.2977898831	28079.1237247701	79.9737011632654	8423.07496073378
7.9433	5480.54330468713	34020.2958801682	34458.9159244562	80.8484888953132	8425.29700072817
6.3096	6115.04155497707	42021.6726641526	42464.2756527447	81.7203708839392	8427.51404172257
5.0119	6822.91410174623	52058.9284185335	52504.1349316966	82.5332950365304	8429.86108571665
3.9811	7607.06776588267	64609.3377751393	65055.6224144906	83.2849420041776	8432.24813071062
3.1623	8492.17069131256	80368.2815543633	80815.7017110648	83.9681838177473	8434.61017270466
2.5119	9601.48568231027	100004.85443935	100464.717382488	84.5158306992711	8437.09221769839
1.9953	10739.1915263042	124666.944611101	125128.643057079	85.0765209130205	8439.69426769182
1.5849	12069.377702558	155718.166922056	156185.202204602	85.567989156092	8445.16536867801
1.2589	13661.2235706845	194662.88447656	195141.660396192	85.9856279873999	8447.95741867096
1	15681.2209704298	242821.587135474	243327.400574029	86.3050159812159	8452.90651165846
0.79433	18053.9085943039	303814.166860527	304350.113521726	86.5992443151615	8455.92856765083
0.63096	21145.3953585395	380330.191445123	380917.553112945	86.8177759119785	8459.35563164218
0.50119	25051.1378194574	476217.776399607	476876.22090542	86.988766944304	8463.04270063287
0.39811	30308.2951379176	596613.342206644	597382.685431331	87.0918419756447	8467.15477462249
0.31623	37611.7706945182	748311.787438576	749256.415731152	87.1226114683956	8471.83686261067
0.25119	47221.2178158308	938008.966249686	939196.818657737	87.1180506184016	8477.17396159719
0.19953	61031.2372029512	1175847.41430377	1177430.23302419	87.0287835449205	8483.25107558185
0.15849	79683.207150594	1474858.03399933	1477009.01620612	86.9074467553264	8490.45820556365
0.12589	107662.570518248	1847392.76872391	1850527.29540096	86.6646824438268	8498.92536254228
0.1	144228.222387561	2314533.12921067	2319022.50664947	86.4342713095462	8509.04755151672
