Frequency (Hz)	Z' (Ω)	-Z'' (Ω)	Z (Ω)	-Phase (°)	Time (s)
10000	109.605754652829	47.9611156464021	119.639834783669	23.6331500948512	75892.6582053895
7943.3	111.425262522821	58.6260725573794	125.907130504124	27.750968960393	75894.020226386
6309.6	111.501384634301	72.0577773306913	132.758736244384	32.8725680125178	75895.4522523824
5011.9	111.55636450971	90.5614064754469	143.687824137727	39.0696764600172	75896.9242813787
3981.1	111.225466269184	111.061897609766	157.180944924884	44.95783929419	75898.3513083751
3162.3	113.853098125277	139.266562498858	179.882471027536	50.7333397605336	75899.7883343714
2511.9	114.347747345138	175.384157544421	209.368120879167	56.8962738968326	75901.2153623678
1995.3	117.040055579728	219.100376431098	248.401589291121	61.8895519026703	75902.6673863642
1584.9	116.750706090773	274.641070691408	298.426615909535	66.9695161172087	75904.0694133606
1258.9	118.463985270248	345.732610645738	365.4651199089	71.0861681550792	75905.506442357
1000	123.605973433865	432.921055545491	450.221142332472	74.0650977116638	75909.6845203465
794.33	129.084292531341	543.256243441424	558.381680050845	76.6336982337495	75911.1415433428
630.96	137.048800919969	681.17386582293	694.823869274622	78.6242456066465	75912.5685723392
501.19	148.697735923397	854.372160951993	867.215547645753	80.1269501059974	75914.0355993355
398.11	165.760586074102	1071.25737833253	1084.00596978407	81.2041169336431	75917.1366583277
316.23	190.936803464594	1340.5328958013	1354.06251984268	81.8936860728812	75918.5236803242
251.19	227.395346320353	1675.54533806156	1690.90532657153	82.2713661071078	75920.0257093204
199.53	280.530754206737	2090.64488063822	2109.38226051956	82.3574828274224	75921.5027373166
158.49	356.726503585666	2602.80390082836	2627.13569206613	82.1959654746852	75922.9847653129
125.89	463.440138780601	3230.35599475723	3263.43019154646	81.8358195794406	75924.516790309
100	609.907141421344	3991.86181691904	4038.18616293664	81.3130933114276	75926.0438213052
79.433	805.577805777953	4914.41708367072	4980.00510777215	80.6907903062222	75927.5858503013
63.096	1058.05277652656	6022.9058841451	6115.13458291682	80.0364291374192	75929.2078802972
50.119	1359.67450824696	7344.85532169565	7469.6462074865	79.5121725647918	75931.0849162924
39.811	1719.87154095214	8938.25442832847	9102.2167818016	79.1084370232704	75932.7669462882
31.623	2124.73018943766	10872.3077748535	11077.976111594	78.9422862506758	75934.5489792837
25.119	2553.38615320897	13220.3422389164	13464.665972889	79.0684543771195	75936.3110122792
19.953	3015.68780784012	16103.4270921349	16383.3676961137	79.3930791090093	75938.3630482741
15.849	3493.73258338074	19682.507325955	19990.1791387783	79.93458362165	75940.4250852689
12.589	4012.37156501274	24144.049942432	24475.1766734864	80.5645485074947	75942.5521252635
10	4558.09995454305	29708.7091905662	30056.3417096166	81.2773339203813	75944.9841722573
7.9433	5144.57743530847	36692.2436109846	37051.1459768213	82.0186535113463	75947.506218251
6.3096	5768.19812178423	45401.7151821449	45766.6674671945	82.7594751679065	75949.9832642447
5.0119	6518.579112908	56305.0599875454	56681.1401954153	83.3961225973626	75952.5603102382
3.9811	7304.27520566372	69927.1887539522	70307.6394377662	84.0367695948111	75955.1773612316
3.1623	8286.21528085313	87073.0585718216	87466.4443814456	84.5638786158639	75957.8594102248
2.5119	9552.58394431037	108437.104856205	108857.051078966	84.9656210393182	75960.5164592181
1.9953	10787.0391174291	135408.058953117	135837.044440652	85.4452538236721	75963.2785122112
1.5849	12293.3630435637	169004.308632939	169450.828004523	85.8396358205907	75969.0296181966
1.2589	14329.1529854774	211280.074134978	211765.422937181	86.1201041436968	75971.9716701892
1	16544.1153639723	263656.587569409	264175.138727932	86.4094702612606	75977.185771176
0.79433	19538.7417787026	329748.998261488	330327.359273721	86.6089964175551	75980.5178281676
0.63096	23350.5779040929	412425.729465263	413086.228060691	86.7595068649119	75984.2198971583
0.50119	28571.5546762289	516567.183794494	517356.732931922	86.8341713366242	75988.1469711484
0.39811	35621.8520658719	646981.319204666	647961.220864654	86.8485594706196	75992.4940511374
0.31623	45023.4679967437	810304.134554794	811554.005071164	86.8197066366656	75997.3711391251
0.25119	58752.5383896302	1015355.37647611	1017053.78486399	86.6883289743809	76002.9782441109
0.19953	78410.2245478676	1271233.38128561	1273649.27394024	86.4704430549268	76009.4603640946
0.15849	105843.988705979	1592410.70333927	1595924.43369186	86.1972708185315	76016.9075020758
0.12589	144979.66956665	1991828.89864251	1997098.26149218	85.836941601488	76025.5646640539
0.1	200791.939399582	2491680.54442807	2499757.8559551	85.3927785489565	76035.9368540277
