Frequency (Hz)	Z' (Ω)	-Z'' (Ω)	Z (Ω)	-Phase (°)	Time (s)
10000	116.27994528605	48.5116391842783	125.993669730159	22.6457488230406	33553.6902692851
7943.3	116.68466258415	58.8567807479117	130.688297572448	26.7667830565729	33554.897292282
6309.6	117.34883320473	72.5508667475201	137.965129363648	31.7264118465375	33556.1993132787
5011.9	117.444208141958	89.6217171958927	147.733524357988	37.3472656756924	33557.4913402755
3981.1	118.070851999734	111.19475959187	162.188164342029	43.2821103931268	33558.8033622722
3162.3	119.122057793919	140.853839988403	184.47186477221	49.778332741929	33560.0853882689
2511.9	119.492460126768	173.960576814409	211.046749116752	55.5150646251793	33561.4124112656
1995.3	119.905228623822	219.803683031431	250.381554683073	61.3870672286923	33562.7244352623
1584.9	124.023859455382	273.677345388732	300.468312960338	65.6211323339411	33564.001461259
1258.9	125.057052252467	343.782154827629	365.821590800768	70.0102168866644	33565.2784842558
1000	129.78901320704	431.065132181771	450.180337345097	73.2435244061753	33569.2365572458
794.33	135.711947795229	540.733611107603	557.503875283252	75.9110587523785	33570.5935822424
630.96	144.383210228827	678.24653847107	693.444214298432	77.9824251758945	33571.9006042391
501.19	156.883168961357	849.544158747179	863.908332153828	79.5372051183247	33573.2376292357
398.11	175.557390274887	1065.22709145164	1079.59675510936	80.6413535906657	33576.1086862285
316.23	202.953049108796	1332.98299092624	1348.34476089805	81.3429290757894	33577.3157062254
251.19	242.690291724184	1665.06429289492	1682.65792042555	81.7072886782917	33578.6377322221
199.53	299.7516096207	2074.46660168294	2096.01114237691	81.7779112004836	33579.9447562188
158.49	381.534295590408	2578.93013771058	2607.00001417406	81.5845409582321	33581.2967812154
125.89	496.450902607438	3195.75128657207	3234.08252589923	81.1698436143764	33582.6788042119
100	654.184024656474	3943.14999033787	3997.04748338287	80.580204294115	33584.0508292084
79.433	862.00343371262	4843.6715080201	4919.77678328377	79.9090104378637	33585.4578552049
63.096	1127.55337521408	5919.21368109505	6025.65077119638	79.2149165542463	33586.9198842012
50.119	1443.42723517874	7199.2904095481	7342.56525910849	78.6627574214621	33588.6419151968
39.811	1822.96544098408	8737.79025263565	8925.92748671402	78.2154197090793	33590.163945193
31.623	2235.85460451027	10594.0323915938	10827.3989548113	78.0826960073741	33591.7909751889
25.119	2687.18282165765	12849.8971914165	13127.8638531554	78.1884674482155	33593.4530041847
19.953	3161.00417093553	15609.7918892345	15926.6302209188	78.5523285871596	33595.3450391799
15.849	3651.96368153214	19038.9500272457	19386.0376784734	79.1416761560745	33597.2620771751
12.589	4181.35033303586	23301.0985195802	23673.2947184535	79.8266286589116	33599.2341131701
10	4730.77832839836	28609.4286557069	28997.9252981731	80.610685958879	33601.5311531643
7.9433	5343.60575563226	35286.6097549983	35688.9191552948	81.3888760623074	33603.8231991585
6.3096	5969.81315443904	43649.1156076279	44055.4646148123	82.2120757761997	33606.2402431524
5.0119	6675.7988644481	54053.2832668876	54463.9671930806	82.959392670479	33608.6772881462
3.9811	7486.39474019933	67131.8124424733	67547.9559129475	83.6367896094597	33611.14433314
3.1623	8384.9155701518	83510.977744455	83930.8656749913	84.2664355637046	33613.6613791337
2.5119	9566.31954400728	104058.626438323	104497.42679056	84.7474474591412	33616.2584261271
1.9953	10800.6886875477	129737.454751471	130186.259034951	85.2410800709872	33618.9404781203
1.5849	12207.4989472999	161971.834780367	162431.210956106	85.6898783333662	33623.1495551097
1.2589	14093.6720179155	202407.818265183	202897.896701321	86.0169192661168	33625.8866061028
1	16124.349840885	252773.697021343	253287.45836229	86.3500666448201	33630.8606980902
0.79433	18663.3082040461	316095.006878444	316645.499646849	86.6209881224764	33633.9727570824
0.63096	22115.4115414073	395849.948101081	396467.240562539	86.8023139081722	33637.5148210734
0.50119	26359.364569774	495429.554920052	496130.28529692	86.9544455899823	33641.2868900639
0.39811	32620.7065063592	620713.917946114	621570.493528279	86.9916721283305	33645.5289680532
0.31623	40769.9193927662	777392.357386763	778460.701416996	86.9979043306693	33650.2410580413
0.25119	51930.6286289622	975408.436355106	976789.848382195	86.9524567751491	33655.6731560276
0.19953	68691.1275586237	1220106.17253995	1222038.2740632	86.7776891454708	33661.855272012
0.15849	90438.9003614799	1531746.75957445	1534414.32806313	86.6210089990888	33669.1424059936
0.12589	125417.278557425	1919348.3981389	1923441.64642422	86.2613981633893	33677.7295649719
0.1	163434.295667958	2417650.15465913	2423167.97587864	86.1326620208146	33687.9467529461
