Frequency (Hz)	Z' (Ω)	-Z'' (Ω)	Z (Ω)	-Phase (°)	Time (s)
10000	116.284195453151	48.2232693028388	125.886845279563	22.5238748813985	25341.4942170189
7943.3	118.015556206902	58.3089763417271	131.6343732801	26.2929979142361	25342.6862350159
6309.6	117.746586810242	71.8538492634275	137.939241550159	31.3932728725894	25343.9932630126
5011.9	117.884609616666	88.7086582979587	147.533071687326	36.9616128569989	25345.2952860093
3981.1	117.060109472506	111.491325628911	161.658234928527	43.6042323814397	25346.582309006
3162.3	119.186302183893	138.349726219705	182.608930157694	49.2555736364875	25347.8593310028
2511.9	120.363607378425	174.165440549167	211.709703752174	55.352123091014	25349.1613549995
1995.3	123.451281148023	219.301049135756	251.660821283591	60.623506323641	25350.4283789963
1584.9	122.557421845317	275.447063007694	301.482016327567	66.0138045884286	25351.6754039932
1258.9	128.689100613338	344.678284471205	367.918475212489	69.5263771264718	25352.93242799
1000	131.080803393614	430.585252265682	450.095363769741	73.0684537792842	25356.6854959805
794.33	137.076552815129	540.077674902099	557.201827221822	75.7585415042727	25358.0025219772
630.96	146.001598674926	677.264130378972	692.822610134527	77.8346030560411	25359.284542974
501.19	158.915445486827	848.640322588931	863.391287851645	79.3936906735846	25360.5665689707
398.11	178.031210932205	1063.74790547809	1078.54286816752	80.4989069914747	25363.4476229634
316.23	205.950077312964	1330.43625738822	1346.28231412227	81.200518869078	25364.6396439604
251.19	246.57372574579	1661.16034699362	1679.36068212047	81.5569698206195	25365.9766679571
199.53	305.081396981685	2070.33716331009	2092.69458559226	81.6173182160229	25367.2636929538
158.49	388.714136881031	2571.63995156006	2600.8519220961	81.4045707083332	25368.6257169504
125.89	506.039299372007	3186.97788333901	3226.90312860502	80.9777000399378	25369.9927429469
100	666.113478426314	3929.08343739473	3985.14790492785	80.3779030614144	25371.3497659435
79.433	877.906434583378	4822.09079965429	4901.35485228252	79.6817815973293	25372.73679394
63.096	1144.5040371591	5888.22102205414	5998.41948313335	79.0004705541234	25374.1838209363
50.119	1473.88355448174	7153.27368466634	7303.5373032464	78.3575239936952	25375.890851932
39.811	1848.22861385256	8669.35219189432	8864.17601563541	77.9652204455732	25377.4278789282
31.623	2273.41613784609	10513.4517557722	10756.4440572509	77.7982953924217	25379.0349099241
25.119	2726.75394030939	12736.5680908189	13025.1815259158	77.9160417411819	25380.5919379202
19.953	3201.43646485316	15466.2129065834	15794.0791789284	78.3051943641852	25382.3739719157
15.849	3687.90204731403	18853.9954878563	19211.2927042062	78.9324994157776	25384.2860059108
12.589	4229.57506804448	23068.34759704	23452.8882254208	79.6102338425635	25386.2730439058
10	4783.05684327158	28303.0224213969	28704.332616385	80.4079533001059	25388.5300859001
7.9433	5380.06763302287	34864.0559109819	35276.7277720025	81.2275643298146	25390.8121288944
6.3096	6037.21238951696	43079.4452177642	43500.4199256339	82.0224456690092	25393.0841688886
5.0119	6699.70508823476	53398.176363818	53816.8308919313	82.8486438119636	25395.4212138827
3.9811	7488.82436401672	66356.3521890413	66777.6007819326	83.5609763068752	25397.7982558767
3.1623	8407.71176331544	82485.6670307108	82913.0561648543	84.1799778578345	25400.2503068705
2.5119	9522.86094400888	102760.08138771	103200.383755913	84.7054748603794	25402.7623478642
1.9953	10638.3682942182	128190.202030879	128630.878006336	85.2559553734264	25405.4293988575
1.5849	12098.9558451857	159910.914354284	160367.968317139	85.6732106097137	25410.9505038435
1.2589	13776.1784393104	200052.607986371	200526.37994673	86.0606724414074	25413.6625518367
1	15897.5664503882	249555.912334786	250061.764370908	86.3549878982082	25418.691646824
0.79433	18500.7362620638	312194.625839277	312742.324678264	86.6086031565628	25421.853702816
0.63096	21739.7274446511	390649.230222523	391253.673238754	86.8147609930254	25425.3507688072
0.50119	25924.0844421198	489319.207897536	490005.454430494	86.9673104618394	25429.1778407975
0.39811	31797.8878199771	613045.12626737	613869.230789414	87.0308000550967	25433.339913787
0.31623	39516.8277982824	768313.261742619	769328.829466842	87.0556878025151	25438.1220027749
0.25119	50233.1616328832	963029.322038647	964338.553431237	87.0140659068522	25443.5391037612
0.19953	65311.9443856104	1206108.05925989	1207875.11800313	86.9004041808282	25449.7062187457
0.15849	86558.583668607	1511678.30023633	1514154.44120212	86.7228265497217	25457.0283547272
0.12589	116522.941683217	1893847.39685578	1897428.67020501	86.4791950299735	25465.5155117058
0.1	159845.62527339	2372734.75838608	2378112.87738251	86.1459399050642	25475.6526966802
