Frequency (Hz)	Z' (Ω)	-Z'' (Ω)	Z (Ω)	-Phase (°)	Time (s)
10000	111.478449425425	49.2278229288053	121.863953803439	23.825797124892	76560.0735627044
7943.3	109.543747106685	58.3750664545358	124.126874260753	28.0528291549387	76561.4355837009
6309.6	111.42135308546	72.2069594100528	132.772598493212	32.94538232084	76562.9276116972
5011.9	111.704056377802	89.6028230911457	143.200775546637	38.7346600762144	76564.3546396936
3981.1	112.662426170422	111.408190326483	158.444334522972	44.6792900783806	76565.8116666899
3162.3	112.900801155563	139.158334538068	179.19719019275	50.947171894678	76567.2336946863
2511.9	114.771884388493	175.423171660969	209.632713577054	56.8049908165871	76568.7057176826
1995.3	116.268955847942	219.717310442619	248.584324932424	62.1133160563613	76570.132744679
1584.9	115.759826029879	274.562938439574	297.968361553775	67.1389869751219	76571.5447716754
1258.9	122.110289769629	344.396735461556	365.403933016873	70.4773840853068	76572.9817976718
1000	123.458684910192	432.918633592325	450.178398183653	74.083038682646	76577.1748786612
794.33	128.877636558698	543.074484191794	558.157093106536	76.6500239361909	76578.6119036576
630.96	136.830943052575	681.11034139661	694.718651062474	78.6408267329641	76580.043929654
501.19	148.437097731833	853.721773837543	866.530114368433	80.1365547712281	76581.5159586503
398.11	165.596880983277	1071.10235070235	1083.82774123543	81.2114161061082	76584.6520156423
316.23	190.664898921873	1340.36094091233	1353.85396391349	81.9040520690216	76586.0240406389
251.19	227.16377316056	1675.2020696793	1690.53404405068	82.2775787478282	76587.5060666351
199.53	280.613040607906	2091.92698778339	2110.66392416597	82.359897570879	76588.9830956314
158.49	356.005122434531	2602.84886126214	2627.08238199209	82.211685986089	76590.4501206277
125.89	462.291005740761	3229.28123798026	3262.20328734432	81.8531171982304	76591.9971516238
100	609.875297493842	3992.68688907822	4038.99696369164	81.3153075962114	76593.51917862
79.433	804.636735824587	4915.11730465516	4980.54398586731	80.7027767612666	76595.071208616
63.096	1051.86061558509	6022.09922675424	6113.27161604104	80.0922809211164	76596.678238612
50.119	1363.20098417194	7346.40699130496	7471.81454568713	79.48774828204	76598.5602726072
39.811	1715.73962006289	8937.93003439378	9101.11837872532	79.1335949407146	76600.2823056029
31.623	2118.6854614096	10873.4298485512	11077.919694408	78.9740826700092	76602.0643385984
25.119	2551.3732301171	13218.4575841822	13462.4338908008	79.075344796137	76603.7613675941
19.953	3013.37802862316	16109.7120378528	16389.12044882	79.4050604175899	76605.793405589
15.849	3507.59040955215	19700.1704588969	20009.9951671852	79.9043536916697	76607.8604455837
12.589	4017.98386431406	24153.7151899355	24485.6315379124	80.5553011943772	76610.0774845781
10	4551.46561593668	29716.9722953932	30063.5041480234	81.2922197880088	76612.5395315719
7.9433	5171.79473368021	36664.708149485	37027.6691739331	81.9710299151598	76615.0115765657
6.3096	5788.91383003918	45385.6678844821	45753.3646047165	82.7312075243204	76617.5436245593
5.0119	6496.11136278939	56321.5416617986	56694.933794824	83.4205933574131	76620.1406735527
3.9811	7326.08497821579	69951.85186449	70334.4375137784	84.0211863382606	76622.6977185463
3.1623	8280.10793432743	87162.3135991758	87554.7206001205	84.5733906662094	76625.4297685394
2.5119	9565.47444798351	108545.883129263	108966.540945955	84.9638884381403	76628.1718215325
1.9953	10813.0062438725	135369.171881505	135800.34536007	85.4330296840331	76630.9838735254
1.5849	12350.3979294952	169135.995892125	169586.312641787	85.8236447805449	76636.4599765115
1.2589	14204.5891592782	211397.451115545	211874.143517639	86.1558597437111	76639.3570265042
1	16561.4918582438	263876.788441108	264395.995602362	86.408700487422	76644.6361284909
0.79433	19527.8396437332	330177.341719739	330754.309883128	86.6152706185793	76647.9781864825
0.63096	23380.6888322786	413034.77535406	413696.002231168	86.760111382349	76651.6702554731
0.50119	28503.0742649096	517158.74163527	517943.615939348	86.8453491336617	76655.6273304631
0.39811	35531.6708387702	647755.623281121	648729.409788788	86.8602718004588	76659.9644114522
0.31623	45225.6275331106	811624.931052355	812883.993009767	86.8106442294206	76664.9215034397
0.25119	59037.1185448239	1016199.20956183	1017912.67546886	86.6750812058902	76670.5136044256
0.19953	77775.920243893	1272310.52991194	1274685.52133245	86.5018809883287	76676.9357224093
0.15849	106895.374896932	1592874.78543467	1596457.54821351	86.1607249783602	76684.3778623906
0.12589	145177.960683411	1993599.51896298	1998878.60618839	85.8349572110011	76693.0600203686
0.1	203220.346005301	2494383.69796169	2502648.30563296	85.3423330791556	76703.4222133425
