Frequency (Hz)	Z' (Ω)	-Z'' (Ω)	Z (Ω)	-Phase (°)	Time (s)
10000	115.094609605039	47.8362112027941	124.639769986849	22.5689978844338	29107.0129365119
7943.3	115.31840609058	59.072537463492	129.568126735118	27.1240633581923	29108.2099565088
6309.6	116.766808678574	72.1272425983513	137.247319587015	31.7037619945583	29109.5119815055
5011.9	117.182077818247	89.7902613734591	147.627674909943	37.4609850975133	29110.8040065023
3981.1	118.504291609468	111.902474341392	162.98905145312	43.3587599894368	29112.116030499
3162.3	119.231366250258	139.321968243942	183.375924082932	49.4431772934523	29113.4030524957
2511.9	118.176802911547	174.50152259949	210.752314663292	55.8931586236693	29114.7100784924
1995.3	122.05008961106	217.340144134658	249.26484434541	60.6830639283378	29116.0021034892
1584.9	122.825807177923	273.91530405881	300.192892498371	65.8481553556913	29117.269126486
1258.9	123.980186468451	342.346276046051	364.104462152486	70.0922223052431	29118.5461504827
1000	130.277906493805	430.774898570539	450.043715830881	73.1732725900642	29122.5192234727
794.33	136.316542387852	540.441014229185	557.367643113277	75.8434558649505	29123.8312484694
630.96	144.999948285302	677.421798332643	692.766394868408	77.9183329820464	29125.1232704661
501.19	157.987090011111	849.456993258762	864.023786713303	79.4641685726242	29126.4502944628
398.11	176.83062958593	1064.6702283827	1079.25519075158	80.5698518689941	29129.2063494558
316.23	204.427238029807	1331.32829877524	1346.93189685607	81.2703397621071	29130.4033684528
251.19	244.782999950363	1662.89170382701	1680.81157055792	81.6260163202435	29131.7403944494
199.53	302.996993910445	2073.3555538955	2095.37835036732	81.6857372010216	29133.0324164462
158.49	385.528526648224	2574.92875248117	2603.63022052168	81.4847029782366	29134.3794414428
125.89	501.870807244299	3190.45492663831	3229.68681857463	81.0604088332613	29135.7614664393
100	660.280176208999	3934.85431866962	3989.86822091251	80.474344628098	29137.1034924359
79.433	870.618019271852	4830.31605611876	4908.1492374906	79.7826861067114	29138.5105194323
63.096	1140.08874201338	5900.49408038639	6009.62833562446	79.0641184992208	29139.9775464286
50.119	1461.07658611491	7177.44000807907	7324.64264384736	78.4937917814334	29141.7145794242
39.811	1838.43843858531	8699.39879976872	8891.53504013145	78.0672904149974	29143.2766084203
31.623	2252.84551951158	10543.513869526	10781.511844434	77.9389091236901	29144.8686374163
25.119	2711.49396313964	12785.3973550657	13069.758415482	78.0262691653478	29146.4006664124
19.953	3181.76904400114	15520.1780787747	15842.9663209338	78.4144042195789	29148.2977004076
15.849	3682.56032046335	18922.0162511461	19277.0316574542	78.9868912634191	29150.2147364028
12.589	4207.06459174185	23164.7725603617	23543.7057459605	79.7064362212369	29152.1817703978
10	4759.94014001902	28445.7663746385	28841.2665251905	80.5004871372168	29154.478814392
7.9433	5346.99741802686	35040.9869490116	35446.5957145279	81.3240102363541	29156.7758573862
6.3096	5985.1239230356	43277.7616843893	43689.6597009509	82.1261897448082	29159.1829023801
5.0119	6692.24245899177	53637.553781715	54053.4299079744	82.8880804017514	29161.619945374
3.9811	7470.64189227976	66641.688397491	67059.1166266823	83.6037539209537	29164.0869933678
3.1623	8385.80279007674	82922.0145753702	83344.9589937626	84.2253796300258	29166.5390383616
2.5119	9512.28194492317	103289.902046458	103726.984784898	84.7382985699797	29169.0510853552
1.9953	10613.8265751017	128822.048320568	129258.552707638	85.2899601102815	29171.7031343485
1.5849	12131.3935488342	160841.173920682	161298.028312871	85.686651357267	29177.1642363347
1.2589	13556.5589500139	200745.450290049	201202.674193759	86.1366193818676	29180.0112883276
1	15948.6746354681	250930.869689623	251437.192129205	86.3632841914054	29185.0103803149
0.79433	18514.1530221967	313875.570007978	314421.130508054	86.6242829013229	29188.2074393069
0.63096	21765.4235376484	393002.991751257	393605.240294399	86.8300642158773	29191.6745022981
0.50119	26158.9668311711	492202.836449533	492897.477934955	86.9577793623736	29195.4465712886
0.39811	31913.5621373603	616650.696941558	617475.957011125	87.0374110273296	29199.628652278
0.31623	39849.6591509544	772522.668386896	773549.784116095	87.0470829199752	29204.3357362661
0.25119	51159.5429098233	968601.757128	969951.886818203	86.9765647829906	29209.7878402524
0.19953	66373.5411105921	1213956.42360974	1215769.56919595	86.8704469114688	29215.9599542368
0.15849	88480.4591404376	1520967.6355954	1523539.08390246	86.670639425995	29223.2370892184
0.12589	119405.443631253	1904765.36427964	1908504.3235288	86.4129506644787	29231.7492461969
0.1	162346.212013033	2386829.28287848	2392344.10529948	86.1088763110693	29241.9914331711
