Frequency (Hz)	Z' (Ω)	-Z'' (Ω)	Z (Ω)	-Phase (°)	Time (s)
10000	95.8970938503037	52.0999045216478	109.135936611635	28.5147782036797	39465.19572536
7943.3	96.9267898414605	62.813467295501	115.500364772816	32.9452804652305	39466.4277463569
6309.6	96.7961923852377	77.3336504080174	123.895102186121	38.6225037185159	39467.7897723534
5011.9	97.2758781878484	96.4859712957682	137.011456214818	44.7664241927627	39469.14679835
3981.1	99.0009575729971	119.588036426893	155.249760247191	50.3803420541189	39470.4588203467
3162.3	98.5186637675215	149.772444387655	179.26994228925	56.6635217688622	39471.8008473433
2511.9	100.669481559668	187.504178038477	212.819551027102	61.7690074264183	39473.1678723398
1995.3	100.596473614869	235.052788598231	255.674527341994	66.8303360614701	39474.4798943365
1584.9	103.185701888764	294.616450405705	312.163646063942	70.6978366684868	39475.7419183333
1258.9	107.556962198124	367.232465569805	382.659357504513	73.6754720480851	39477.0239423301
1000	110.807872370371	464.990291040486	478.010831824096	76.5963201763818	39481.02201832
794.33	116.666188543713	583.126888544882	594.683081727867	78.6862118914804	39482.3990443165
630.96	125.279189038522	731.417422655668	742.06894650727	80.2805379611967	39483.7010673132
501.19	137.895597346919	917.468969683677	927.773952048715	81.4524239484731	39485.0180933099
398.11	156.371312638211	1149.97125137022	1160.55412040723	82.2565015464549	39487.9041453026
316.23	183.721455471071	1440.06281213236	1451.73498824233	82.729550086411	39489.1461702995
251.19	223.545888102993	1799.55108630214	1813.38271644431	82.9188138017607	39490.523194296
199.53	281.680951746511	2245.4302739736	2263.02922514358	82.849806527784	39491.8352172927
158.49	364.762558386585	2795.1933033898	2818.89292583381	82.5651228152571	39493.2322422892
125.89	482.733665736695	3467.50026475824	3500.9412845882	82.0744158939177	39494.6392682856
100	645.658789319054	4285.27861829148	4333.64605253025	81.4317487663267	39496.0362952821
79.433	863.269192566047	5274.67492816887	5344.85072725955	80.705204317129	39497.4683222785
63.096	1140.92370344273	6454.47327892694	6554.5352394704	79.9756728197102	39498.9553492747
50.119	1487.1378276414	7869.51598439654	8008.79895783847	79.2987533107029	39500.6923822703
39.811	1884.29509241741	9562.76131234943	9746.63900594843	78.8529522408386	39502.2494082664
31.623	2329.0095124813	11608.1195875084	11839.456307919	78.6550198101986	39503.8814392623
25.119	2808.52005979197	14087.3415454603	14364.5736708302	78.7250661784961	39505.4734712583
19.953	3327.15881771167	17133.56987522	17453.6300656145	79.0105366723184	39507.4005052534
15.849	3847.81936165887	20914.8277067978	21265.8348494714	79.5755400446794	39509.3375422485
12.589	4431.94267289261	25623.2332688183	26003.6958720118	80.186881982164	39511.3145792435
10	5013.48677905941	31487.2859151347	31883.9179522411	80.9531596046468	39513.6066222377
7.9433	5625.74537568905	38814.9702511077	39220.5421511032	81.7531191451051	39515.9186642319
6.3096	6350.95954809304	47986.7032070517	48405.1481958601	82.4608150806201	39518.235708226
5.0119	7092.23630893547	59531.3169855071	59952.2936833171	83.2061146349415	39520.62275022
3.9811	7900.13314899957	73941.6434092581	74362.4820311547	83.9014931510699	39523.024796214
3.1623	8845.5939022149	92039.3600715929	92463.443229588	84.5103552316637	39525.5718432075
2.5119	10173.0705483695	114668.504164985	115118.882950702	84.9301512637247	39528.158891201
1.9953	11269.4911991772	143117.652849482	143560.663097637	85.4976574557322	39530.8309401942
1.5849	12770.6880803548	178854.402590716	179309.75377856	85.9158577578582	39536.4420471801
1.2589	14606.9206449465	223675.491225429	224151.929515819	86.2636575583338	39539.2840981729
1	17093.7457041122	279353.690179301	279876.187552621	86.4984180139874	39544.4381931599
0.79433	20170.472577678	349595.482809104	350176.883252646	86.6978889091009	39547.6402491518
0.63096	24141.6601433621	437803.465291346	438468.578093789	86.843753167327	39551.117314143
0.50119	29373.3696218391	547511.066745064	548298.425176709	86.9290881046957	39554.9393851334
0.39811	36387.6466172021	686121.194861164	687085.405800508	86.9642283777929	39559.1264641228
0.31623	46159.4616195713	859186.22240628	860425.278957901	86.9247619132242	39563.8635521108
0.25119	58645.6192442463	1075689.55127563	1077287.01810618	86.8793754352084	39569.335653097
0.19953	75836.7885776433	1346376.90189876	1348511.02348786	86.7761320010816	39575.5777690813
0.15849	99746.488899902	1685411.07288986	1688360.10574392	86.6130551133436	39582.7699000631
0.12589	132989.710500447	2109302.53559893	2113490.82084193	86.3923257308843	39591.3120600415
0.1	178728.623198514	2635898.77633244	2641951.22585965	86.1209643947644	39612.2764499886
