Frequency (Hz)	Z' (Ω)	-Z'' (Ω)	Z (Ω)	-Phase (°)	Time (s)
10000	97.3861973396589	50.8214459720113	109.84940055806	27.5580167054856	24496.7105751518
7943.3	98.2205090888708	63.3614454751963	116.884306809696	32.8258129475017	24497.9225961487
6309.6	98.2825576490466	77.1570834412618	124.950696929629	38.1338165584049	24499.2346191454
5011.9	98.8666140002181	96.4803782967619	138.141488192919	44.3001456872472	24500.5116441422
3981.1	99.7217581707221	119.775971734393	155.854780028006	50.2202845202031	24501.7936671389
3162.3	101.565882019965	149.722591362392	180.921205928889	55.8485838763657	24503.0806891357
2511.9	102.614283473806	188.006164693607	214.186855655622	61.3741661905465	24504.3527131325
1995.3	102.314083430113	235.594283411704	256.851782248866	66.5256173368371	24505.6347391292
1584.9	105.873298113327	294.166579272492	312.638979678275	70.2057224727553	24506.8867601261
1258.9	107.263844158114	366.323477387117	381.704627098711	73.6793454798897	24508.1537861229
1000	113.109350598828	463.855530466372	477.447042442539	76.2960871150487	24512.0818591129
794.33	119.426952542083	581.904883215227	594.033744919609	78.4019808722901	24513.4038821096
630.96	128.597844201791	729.753694301043	740.997881157138	80.0058954642072	24514.6709061064
501.19	141.922546284832	914.411122361322	925.359232861521	81.1777136004448	24515.9679301031
398.11	161.678847947384	1146.75055091398	1158.09191167848	81.9748388420042	24518.808986096
316.23	190.582528243907	1434.31583927209	1446.9221219052	82.4312459664626	24520.0110050929
251.19	233.052793359281	1792.03739218131	1807.1280030669	82.5903232008676	24521.3380310896
199.53	294.821418451029	2235.75611337537	2255.11087693551	82.4879456588187	24522.6350530863
158.49	383.037586898153	2779.80111715665	2806.06700631367	82.1544388469308	24524.0220780828
125.89	507.692008953668	3444.88642465529	3482.0961581682	81.6163521103767	24525.3891050793
100	678.7582623551	4251.42847012567	4305.27081788247	80.9290444087641	24526.6311260762
79.433	906.51250465313	5220.6732698688	5298.79177849207	80.1494341341306	24528.0181520727
63.096	1196.61726454322	6381.22880432511	6492.45515432732	79.3791575916077	24529.470180069
50.119	1547.94879584767	7755.83508107031	7908.80036916643	78.7129293638128	24531.1922100647
39.811	1962.04326871285	9404.40129781741	9606.89219043761	78.2154036800098	24532.7242400608
31.623	2426.33011996137	11391.4299786519	11646.9633299655	77.9759072732857	24534.3312710568
25.119	2908.1638818336	13803.7792710496	14106.7976283585	78.1029753920003	24535.8582970529
19.953	3430.97682502023	16759.724291328	17107.3072192895	78.4305130137799	24537.7253330482
15.849	3974.78774757107	20435.4823816001	20818.4504180049	78.9931585668541	24539.6373680434
12.589	4528.23254948922	24970.0900870292	25377.3578013277	79.7213293569666	24541.5894050384
10	5133.84420014918	30661.979550789	31088.7977613225	80.4949312757041	24543.8414440328
7.9433	5739.83207136249	37746.6335916939	38180.5450421158	81.3537201792428	24546.118487027
6.3096	6406.67511693522	46711.0015073372	47148.310127431	82.1902912945138	24548.500531021
5.0119	7166.39313161508	57842.6980898786	58284.9458508259	82.9373571791462	24550.9225780149
3.9811	7998.47209630555	71861.6547741553	72305.4146157483	83.648905346289	24553.2946220089
3.1623	8868.46198952407	89413.6351447234	89852.3665122591	84.3356629702196	24555.8166660025
2.5119	10037.6325769687	111432.53521398	111883.707357082	84.8527958486674	24558.3687149961
1.9953	11189.4619913387	139014.011727093	139463.613591919	85.3980916278925	24561.0007649894
1.5849	12525.1625470539	173758.581892795	174209.427064741	85.8770390534606	24566.4218649757
1.2589	14263.0445031474	217389.851308501	217857.251177075	86.246178736304	24569.1389129689
1	16490.9373154008	271478.753038654	271979.161637363	86.523847613804	24574.2030079561
0.79433	19265.1365298146	339629.227924311	340175.187140356	86.7534319046499	24577.3000659483
0.63096	22892.1146055458	425265.703369774	425881.400596107	86.918733746401	24580.7371299396
0.50119	27622.7675555614	532761.426604017	533477.04258438	87.031969651307	24584.5041969301
0.39811	33844.189637789	667159.649682953	668017.535201973	87.0959448740126	24588.6662739196
0.31623	42207.4889694426	835610.781078924	836676.072073556	87.1083936179404	24593.4333649075
0.25119	53313.5155257349	1046974.71895991	1048331.24205992	87.0849312305689	24598.7604628941
0.19953	68491.8227282139	1310531.27353666	1312319.83475762	87.0082932159332	24604.9325778785
0.15849	88393.8501489767	1640826.21424809	1643205.44610462	86.9163683367557	24612.1997108602
0.12589	118330.517277488	2054941.43159234	2058345.54887996	86.7043535363669	24620.7218698387
0.1	161000.349837888	2575891.18282602	2580917.76281398	86.4235071855711	24630.894057813
