Frequency (Hz)	Z' (Ω)	-Z'' (Ω)	Z (Ω)	-Phase (°)	Time (s)
10000	97.4516083688035	51.1981151332404	110.082073776175	27.7160723900166	17812.5148120277
7943.3	98.9501040965264	62.8395025020692	117.217431192724	32.4181000595379	17813.6818330248
6309.6	99.3856294693387	77.2076792718988	125.851218045631	37.8418304972339	17814.9438550216
5011.9	99.2023644156359	96.6954499838562	138.532014903534	44.2668229763273	17816.2208790184
3981.1	99.9266790639517	120.521643153978	156.559278413273	50.3372572716239	17817.4729020152
3162.3	101.23980535721	149.634834733903	180.665663463227	55.9185386270478	17818.7199250121
2511.9	102.648391342186	187.783941334308	214.008179442248	61.3376473513734	17819.9719480089
1995.3	106.724280805117	235.707067225931	258.742910344649	65.63976488884	17821.2339730057
1584.9	106.745185127291	293.975811567311	312.755994881823	70.0435982683537	17822.4459930026
1258.9	110.138283198676	367.719030179153	383.858993097529	73.3261219176702	17823.6880179995
1000	113.597111565169	463.60705826166	477.321493572183	76.2321391009343	17827.6060909896
794.33	119.920717700426	581.843507281305	594.073097774335	78.3541416115261	17828.8831119864
630.96	129.06001529389	729.512048993747	740.840277775658	79.9674506982587	17830.1501369832
501.19	142.25602056764	914.768026726172	925.763100424853	81.1607067340479	17832.9411909762
398.11	162.078157748925	1145.0416302554	1156.45564732817	81.9434288361987	17834.9352259711
316.23	191.000843473952	1432.80024290293	1445.47495940624	82.4068963763868	17836.1072479682
251.19	232.614630762242	1789.51089337637	1804.56609852821	82.5937737951721	17837.4142729649
199.53	294.721774725404	2231.9403170413	2251.3148387846	82.47776394129	17838.6712949617
158.49	382.46577097953	2778.64113383717	2804.83985578907	82.1627757438811	17842.3293629524
125.89	506.334493537951	3444.36717037568	3481.38475663177	81.6372090468189	17843.5763849493
100	677.358572601717	4249.75502888585	4303.39777866485	80.9439342688893	17844.898410946
79.433	904.880722961714	5222.13778877647	5299.95586847238	80.1695232117114	17846.2604369425
63.096	1197.48748445749	6376.46451747792	6487.93310832404	79.3638496042089	17847.667460939
50.119	1551.64843930727	7755.24820193934	7908.94983881476	78.6858138133178	17849.2844899349
39.811	1963.02923147001	9408.5604468779	9611.16504104268	78.2147136746556	17850.7865199311
31.623	2422.02060269029	11398.8125714438	11653.2875978739	78.0041927380191	17852.3585489271
25.119	2916.3452187574	13808.8044549376	14113.4032008469	78.0746809397831	17853.8705749233
19.953	3444.13017479153	16767.7107736031	17117.7731392876	78.3927425358247	17855.7376119186
15.849	3994.36343923628	20425.5759185668	20812.4744057463	78.9350519941681	17857.6146469139
12.589	4587.39366768533	24979.9816116163	25397.7097782262	79.5939887968125	17859.536679909
10	5175.52854207809	30641.5506875846	31075.5647451447	80.4129106726614	17861.7837219033
7.9433	5837.37623569081	37734.9270461328	38183.7620002793	81.2063749934624	17864.0507628976
6.3096	6487.6968627197	46642.0294892113	47091.0726725883	82.0812231710866	17866.3078078919
5.0119	7304.08862861304	57779.4798214961	58239.3166094633	82.7952731721281	17868.7198508858
3.9811	8101.40290862866	71717.1144824197	72173.2446185734	83.5550004679252	17871.0918958798
3.1623	9046.95460017182	89159.3517173274	89617.1712686339	84.2060566775645	17873.4989388738
2.5119	10283.5456498652	111039.691936817	111514.862222737	84.708848159231	17875.9659868675
1.9953	11380.7992725797	138577.079678806	139043.624824689	85.3050557725068	17878.6130328608
1.5849	12892.5324840151	173164.950788378	173644.227014297	85.742052120413	17884.1841388468
1.2589	14661.6381205051	216372.265486677	216868.441466742	86.1234967161761	17886.8961888399
1	16846.147215799	270195.820168893	270720.471912926	86.432345379163	17891.8902808273
0.79433	19701.9485083671	337991.446977946	338565.185754932	86.6639317096844	17894.9573358196
0.63096	23285.4284387355	423165.077197317	423805.25449431	86.8503718770551	17898.4394008108
0.50119	28027.8193274154	529805.369783301	530546.217126718	86.9717555295235	17902.1814688013
0.39811	34293.0900827011	663383.298594913	664269.084695417	87.040772785254	17906.3135457909
0.31623	42495.0333489529	830584.387859934	831670.76010642	87.0711405511225	17911.0556367789
0.25119	53397.4699302886	1040155.62216163	1041525.32763702	87.0612413882577	17916.4527377653
0.19953	67544.2713950833	1301996.57314068	1303747.40846085	87.0303028320174	17922.6798517496
0.15849	88266.6272062329	1630859.84092869	1633246.71076734	86.9020171631713	17929.8969857314
0.12589	116307.484529539	2043527.4964619	2046834.64396943	86.7425217357122	17938.4091427099
0.1	155984.715998541	2553121.07134623	2557881.63068139	86.5038200357992	17948.5663286842
