Frequency (Hz)	Z' (Ω)	-Z'' (Ω)	Z (Ω)	-Phase (°)	Time (s)
10000	97.6941953648297	51.3506851003746	110.367788182329	27.7276177936571	23969.6478144825
7943.3	98.4962530038318	61.8614921545286	116.311461461799	32.1312594094284	23970.8598344794
6309.6	98.4496295035312	78.3401924859793	125.815401712679	38.5106281642359	23972.1418584762
5011.9	100.243974117306	96.0662140494546	138.843695674765	43.7808483337022	23973.408882473
3981.1	99.8590930738997	119.310465012485	155.58542840201	50.0717315047795	23974.7009064697
3162.3	100.990475415576	149.091059143715	180.075595351672	55.8872903315755	23975.9979304664
2511.9	102.655758350918	188.431354889053	214.580008919578	61.4188370629631	23977.2849564632
1995.3	103.495706286248	235.640491358438	257.367057696465	66.2884291286846	23978.5769784599
1584.9	102.154067592342	293.23991474974	310.523913939161	70.7935309458828	23979.8240034568
1258.9	110.741266154659	368.309023849981	384.597406490037	73.2652881047212	23981.1160274535
1000	113.331981848814	464.128800647878	477.765299807989	76.2779119933195	23985.0741004435
794.33	119.590858625207	581.807183875308	593.9710200638	78.3845982445157	23986.3561224403
630.96	128.719743929069	729.323772544141	740.595664094237	79.9908355803223	23987.6031474371
501.19	142.139045218666	915.186328142361	926.158476392874	81.1718338067081	23990.42419843
398.11	161.994576668727	1144.98579245809	1156.38864911455	81.947141427032	23992.5032394248
316.23	191.144772650738	1432.87904251359	1445.57209249015	82.4016544098667	23993.7102584217
251.19	233.608758806466	1790.16899513921	1805.34708113117	82.5651789322884	23995.0372854184
199.53	295.701889493019	2231.35359111964	2250.86171411134	82.4510746118699	23996.354309415
158.49	384.199561300914	2779.57876059056	2806.00559322856	82.1303148333435	24000.0273794058
125.89	509.249601418246	3443.52097947724	3480.97283710237	81.5877117179314	24001.2894014026
100	681.927806011958	4249.28180330527	4303.65209752294	80.8828693384211	24002.6414233992
79.433	909.318564095406	5216.20507033624	5294.87068650501	80.111245685217	24004.0134513957
63.096	1204.13032972441	6371.69883301542	6484.47961440332	79.2983908701102	24005.480476392
50.119	1555.0385555839	7754.92530036116	7909.29904122572	78.6612738123187	24007.2025083876
39.811	1970.86231387234	9395.80431505148	9600.28317222895	78.1534010379099	24008.7045383838
31.623	2432.28541249428	11378.6071805441	11635.6655889108	77.9340720853168	24010.3115663798
25.119	2925.83738586416	13777.3704004918	14084.6178351018	78.0104772798038	24011.8435963759
19.953	3444.27437575669	16724.2929365096	17075.2745278569	78.3629558934752	24013.6456273714
15.849	3999.43862594607	20372.4555007466	20761.3210671337	78.8931707893384	24015.5926633665
12.589	4552.09392440538	24930.1706978523	25342.3552599332	79.6521433390638	24017.5247013616
10	5153.11548527019	30582.6268488997	31013.733477019	80.4356090862821	24019.8017433558
7.9433	5803.34861919083	37688.0333766203	38132.2267248205	81.2461306932874	24022.0637853501
6.3096	6454.6824643418	46544.7217055499	46990.1483756177	82.104748111642	24024.3508283443
5.0119	7182.18442305282	57702.1100815881	58147.3755293776	82.9048824615737	24026.6828713385
3.9811	8004.55198825101	71633.6875868729	72079.5258712647	83.6240565106624	24029.1249143323
3.1623	8891.58679743536	89168.4251980545	89610.6487426431	84.3054748736563	24031.6419623259
2.5119	10040.6101791115	111033.536400274	111486.591383538	84.8328752184091	24034.1140073197
1.9953	11045.5575767187	138611.444079549	139050.842399457	85.4438874491112	24036.766057313
1.5849	12612.0130357103	173286.539270525	173744.892198787	85.8372806297432	24042.3721632988
1.2589	14258.1994524586	216754.99672143	217223.444534271	86.2364909203746	24045.1042122919
1	16503.5613620476	270588.459465231	271091.279707404	86.5097753362903	24050.0683032794
0.79433	19256.1253794955	338488.303663982	339035.588223347	86.7440327903507	24053.1703612716
0.63096	22836.6375310875	423914.440975947	424529.110052156	86.9164074379337	24056.6924262627
0.50119	27508.9614211058	530855.398242186	531567.678476916	87.0335823228283	24060.4694962532
0.39811	33833.3239951042	665070.331110973	665930.356070826	87.0877711322032	24064.6165742427
0.31623	42104.1578763271	832768.346224959	833832.044589753	87.1056318906142	24069.3886592306
0.25119	53475.6061486577	1043467.56171548	1044836.92163199	87.0662734997618	24074.8157622169
0.19953	67814.2604751968	1305798.71357798	1307558.43246323	87.0271195632191	24081.0528772012
0.15849	89343.7561837251	1636733.48962551	1639170.16286618	86.8755176835191	24088.2300081831
0.12589	117824.315433435	2049928.85200408	2053312.17002825	86.7104143201023	24096.7121671617
0.1	154484.370872522	2564749.37040374	2569397.74146205	86.55302723693	24106.8993551359
