Frequency (Hz)	Z' (Ω)	-Z'' (Ω)	Z (Ω)	-Phase (°)	Time (s)
10000	99.6108469964196	50.9699785213665	111.893965654153	27.0984195323194	5737.33423151462
7943.3	99.4112886603363	62.4984288831685	117.425116248498	32.1569769043371	5738.46125251178
6309.6	100.721360904619	77.7505615519438	127.239704354109	37.6658846516274	5739.66827550873
5011.9	101.752924683574	96.4068998676584	140.171138340793	43.4546293399888	5740.8702945057
3981.1	102.353924366783	119.498437583658	157.341038569778	49.4189737647464	5742.08731950262
3162.3	102.731568681791	149.218286937004	181.162557832009	55.4539490313572	5743.27934249961
2511.9	104.589110474085	187.954758407817	215.095033038657	60.9058574016772	5744.48636449657
1995.3	105.027429010795	237.209516825723	259.420731086223	66.1180437833549	5745.69338449352
1584.9	109.009629524387	293.634552204957	313.216138756689	69.6329332418933	5746.86040849057
1258.9	109.577606763264	372.28347803822	388.075044191453	73.5987790213845	5748.03242848761
1000	116.190448727418	462.695755523012	477.061403337652	75.9035750932354	5751.78549947814
794.33	122.806302903289	580.098945624463	592.955457641961	78.0470249263734	5753.00752147505
630.96	132.586735466625	727.439061297902	739.423309291552	79.6703697212882	5754.20954247202
501.19	146.821936179103	911.475164918084	923.224597379114	80.8493054721494	5755.45656646887
398.11	167.60282893452	1142.09769595439	1154.33004611818	81.6514347590238	5758.20261946194
316.23	198.284074601708	1428.31509646278	1442.01268684577	82.0964982227807	5759.32963845909
251.19	242.942568973269	1784.06646449956	1800.53165525388	82.2455295690704	5760.56165945598
199.53	307.553522769314	2223.67035792214	2244.83830822387	82.1254388143475	5761.78368245289
158.49	400.330569325204	2761.95647298026	2790.81854002975	81.7527237900556	5763.04070544972
125.89	530.119121332669	3418.94167232849	3459.79601155717	81.1862695600289	5764.3177294465
100	708.960885007324	4214.24060177646	4273.45871468668	80.4505591497534	5765.49475044352
79.433	945.083312168613	5166.69433026021	5252.41970612427	79.6341463092767	5766.79177544025
63.096	1249.21371242483	6301.91867141202	6424.5399711109	78.7877503396537	5768.14380043684
50.119	1616.27676127234	7647.0843078322	7816.02513942493	78.0656890339144	5769.75582943277
39.811	2036.44013599372	9256.34467717167	9477.71096890438	77.5923198783651	5771.17285642919
31.623	2504.66835190255	11194.5920227663	11471.3667062475	77.3883961760761	5772.68988542536
25.119	3016.29766819025	13532.449945147	13864.5322005843	77.4345358386391	5774.14691142168
19.953	3545.8117573029	16399.4749265466	16778.4253994425	77.7996002274287	5775.91894641721
15.849	4108.59081896132	19947.4586457945	20366.188277224	78.3615133201062	5777.74597841259
12.589	4687.09825431534	24353.5834065303	24800.5224699891	79.1060405911827	5779.59801440792
10	5285.99446036949	29851.2246559633	30315.6288223723	79.9582739524707	5781.78005240241
7.9433	5950.63258339765	36730.818446893	37209.7171706694	80.7976620418588	5783.97709339686
6.3096	6626.30799687282	45344.5281963376	45826.1300462724	81.6860732832946	5786.28913639102
5.0119	7351.083341117	56141.7987709269	56621.0207919577	82.5402554965205	5788.54118038534
3.9811	8152.50806651192	69651.2778619868	70126.7701778873	83.3240486659463	5790.83822037954
3.1623	9023.53842706123	86651.2820571373	87119.8538100829	84.0548617393934	5793.28026537337
2.5119	10228.5003190122	107877.742539303	108361.568621685	84.583654612603	5795.78731136704
1.9953	11162.4350554274	134673.868586097	135135.675660841	85.2618733155087	5798.36435936054
1.5849	12693.7608493715	168194.171086079	168672.495540424	85.6840195136317	5802.43343735026
1.2589	14138.6896873172	210187.5608026	210662.557808028	86.1516813415558	5805.14048734343
1	16247.4720786646	262557.938733979	263060.167150375	86.4589680538527	5810.10958033088
0.79433	18834.9759471198	328715.650857828	329254.818397262	86.7206126903397	5813.19663732309
0.63096	22029.0575163199	411460.251670969	412049.533527456	86.935382881373	5816.62869731442
0.50119	26291.2899845007	515004.751224659	515675.407318423	87.0775543917885	5820.31076930513
0.39811	31838.1061834171	645507.785835751	646292.47758265	87.1763128772827	5824.41284229477
0.31623	39270.566184415	808254.476848193	809207.931692214	87.2183641095195	5829.07992828299
0.25119	48518.380612141	1012872.68191356	1014034.07389693	87.2575278428816	5834.4220302695
0.19953	61288.3501356858	1268422.94181564	1269902.76052404	87.2337028071917	5840.56414125399
0.15849	77796.5854573596	1591042.60019667	1592943.45924436	87.2006603001289	5847.75627623583
0.12589	103288.50870604	1992416.52103162	1995092.00522443	87.0323962832204	5856.14343021466
0.1	138619.769095981	2497172.40193352	2501016.88226263	86.8227324463193	5866.2656171891
