Frequency (Hz)	Z' (Ω)	-Z'' (Ω)	Z (Ω)	-Phase (°)	Time (s)
10000	95.1738718602206	51.4939364208289	108.211327378321	28.4156568190369	44714.4689201068
7943.3	95.8379095719945	63.5374066184871	114.986551174182	33.5430793425905	44715.7109401037
6309.6	96.1464681356939	77.1423532010286	123.268349515844	38.7415373260674	44717.0579661003
5011.9	96.7160790991798	96.6208437377063	136.709865777511	44.9717768145296	44718.3999920969
3981.1	97.1711117068379	119.577427734534	154.081102585458	50.9019703375872	44719.7470170935
3162.3	97.3640121044951	149.583533681798	178.479647024017	56.9398727228606	44721.0840390901
2511.9	98.5822502945882	188.643356306671	212.849185931707	62.409091979675	44722.4560660867
1995.3	99.326895963009	235.450862343914	255.544400917216	67.1271480284884	44723.7980890833
1584.9	101.808386701779	292.8517782366	310.043725334279	70.8302604002361	44725.09011308
1258.9	105.390335652104	369.503590991003	384.239543259292	74.0807158355289	44726.3821380767
1000	110.046842682936	464.887214148628	477.734685221154	76.6822403318703	44730.3952150666
794.33	115.994857449286	583.210898253467	594.634138606501	78.7512288260986	44731.7522360632
630.96	124.551532440403	731.468025111508	741.99633152313	80.3365796093802	44733.1042620598
501.19	137.27233111519	917.324797886568	927.53893595225	81.4891729492494	44734.4512890564
398.11	155.798544165123	1149.90817537696	1160.41458029566	82.2841046296516	44737.357344049
316.23	183.226126170103	1439.80589895908	1451.41752779435	82.7476628835953	44738.6093650459
251.19	223.161402297923	1799.79485873955	1813.57727848055	82.9318174886173	44740.0113900423
199.53	281.225065602842	2245.55695848221	2263.09822838321	82.8616578431679	44741.3734150389
158.49	365.017803746351	2795.47590860701	2819.20619193665	82.5607221849259	44742.7604410354
125.89	483.282253478558	3468.10804964019	3501.61893707845	82.0668965654331	44744.1774680318
100	646.302882542495	4283.5780967113	4332.06056358952	81.419974186611	44745.5694930283
79.433	864.635230261572	5272.55512202368	5342.97965522869	80.6870763381034	44746.9915210247
63.096	1143.06513984818	6454.69257160302	6555.12426334111	79.9575747444387	44748.5135470209
50.119	1483.33638715841	7863.7728990325	8002.45031506139	79.3178620944273	44750.1905800166
39.811	1885.11540268845	9553.03444446022	9737.25460170866	78.8371514034856	44751.7576090127
31.623	2329.3346731606	11602.5598177082	11834.0692216619	78.6481810443899	44753.4696410083
25.119	2804.40625221774	14072.8732840745	14349.5803735543	78.7298800411247	44755.0566680043
19.953	3321.05870062826	17122.5834937844	17441.6827282988	79.0233282243543	44756.9637039995
15.849	3851.05226953288	20894.8567757354	21246.7795974159	79.5572213113124	44758.9407419945
12.589	4407.52512730536	25617.8599380347	25994.2498555467	80.2378964004914	44760.9827799894
10	4999.26419056887	31457.565733839	31852.3324788924	80.9700186282849	44763.2898239836
7.9433	5590.3260496145	38802.383896664	39203.0195444826	81.8017111315882	44765.7118689774
6.3096	6275.03487393482	48027.8559615507	48436.0507363324	82.5562382944203	44768.1539109713
5.0119	7019.2319376498	59482.7192319481	59895.4380919056	83.2699605224945	44770.5759569652
3.9811	7834.76553490495	73941.2452798435	74355.169991877	83.9515457540504	44773.018000959
3.1623	8789.60853663537	92042.6059102225	92461.3352757347	84.5450811458384	44775.5000489527
2.5119	10053.4917077814	114788.168439135	115227.584844644	84.9946362420235	44778.1170959461
1.9953	11175.0479866642	143270.389335751	143705.553678074	85.5399763785393	44780.8191459393
1.5849	12725.7076398145	178900.619069341	179352.65578833	85.9312421947611	44785.0082259287
1.2589	14710.4458421001	223666.337684164	224149.565758936	86.2370988363488	44787.7952749217
1	16954.7955263114	279497.622769813	280011.403741554	86.5285956222867	44792.809368909
0.79433	19979.2562269536	349717.856088656	350288.095068371	86.7302667347129	44795.996425901
0.63096	23879.3685506873	437736.429426798	438387.278430501	86.877499427384	44799.5034918921
0.50119	29163.9148143134	547908.238962197	548683.854555565	86.9531506690606	44803.3105618825
0.39811	36287.3259950159	686640.972835201	687599.153289138	86.9748698554535	44807.5326408719
0.31623	45810.5122322266	859754.575261566	860974.176566391	86.9499792987352	44812.3647308597
0.25119	58701.6070488929	1076495.82983909	1078095.14901564	86.8787370321906	44817.8418308458
0.19953	76312.3764633548	1347772.95114694	1349931.66739832	86.7593105933127	44824.0539478301
0.15849	101207.852797307	1686801.71367605	1689835.21407511	86.5663780996534	44831.3760818117
0.12589	133984.165665389	2112335.91581244	2116580.91692244	86.3706261333361	44839.9232407901
0.1	184007.032334781	2642815.84050747	2649213.87486663	86.0171876348803	44860.9126297371
