Frequency (Hz)	Z' (Ω)	-Z'' (Ω)	Z (Ω)	-Phase (°)	Time (s)
10000	94.6446625567614	51.6602070087826	107.825735048148	28.6271813147018	56829.7842425186
7943.3	94.8148990150062	62.7166519429373	113.680444695459	33.4832051331006	56831.1012655153
6309.6	94.8726789028131	77.612468727958	122.574550801725	39.2855603942243	56832.4982925117
5011.9	96.1970686427943	95.3533028437094	135.447880672496	44.7476177877767	56833.8803155082
3981.1	96.1939328280835	119.858502947628	153.685827068668	51.2507809480506	56835.3123445046
3162.3	96.0894370680799	149.942004878322	178.089260605437	57.3464633607817	56836.6893705012
2511.9	98.6075800331565	187.737524191471	212.058559906311	62.2896712326555	56838.0813934976
1995.3	99.4749541668143	235.004923997193	255.19126319178	67.0576033342262	56839.4784214941
1584.9	101.441916057061	294.297760861467	311.290273509149	70.9813663971159	56840.8254464907
1258.9	107.544839208754	373.867757245479	389.028266772739	73.9518670106002	56842.1824714873
1000	108.656855315558	465.397020128046	477.912856649757	76.8584802360933	56846.3155504769
794.33	114.407619524722	583.862570743798	594.966053586984	78.9133870374368	56847.7225714733
630.96	122.852548614987	732.421667829806	742.653518276048	80.478146694547	56849.0945974698
501.19	135.16936839836	918.395687900763	928.289501022137	81.6273247177283	56850.5216244662
398.11	153.160942764837	1151.83330311639	1161.97170041126	82.4257298948995	56853.4976804587
316.23	179.798569903419	1442.08945350561	1453.25480135158	82.8930816631804	56854.8097054554
251.19	218.714676557622	1802.94468004553	1816.16233554333	83.0832630991191	56856.2267314518
199.53	275.402707780036	2250.86540026496	2267.65114194457	83.0242961041734	56857.6387584483
158.49	357.183716155507	2803.45802136761	2826.12050073189	82.7391636919581	56859.0707854446
125.89	472.582343301436	3479.85198777441	3511.79497237778	82.2662426392162	56860.5478114409
100	631.605963883911	4301.4388982558	4347.56284474897	81.6466124103368	56861.9948374373
79.433	845.145055540738	5297.33025747978	5364.32456342042	80.9353283241612	56863.5118634334
63.096	1120.78130484239	6490.3511713672	6586.41093927123	80.2025459802035	56865.0588924295
50.119	1457.38607237486	7918.45455681876	8051.45308204401	79.5714589381854	56866.8309254251
39.811	1849.51887332423	9623.10262398984	9799.22569260565	79.1206613314347	56868.452956421
31.623	2288.34945837279	11693.7195320923	11915.520120367	78.9276841910038	56870.1699874166
25.119	2768.10877552895	14206.0791661645	14473.2550405392	78.9738599704803	56871.8120194125
19.953	3276.02255732	17302.4554903813	17609.8634234538	79.2786128651522	56873.7990564075
15.849	3799.75406856413	21127.0740559453	21466.0520158451	79.8042203213745	56875.7960954024
12.589	4371.20362775575	25886.3852880513	26252.854405507	80.4153875963815	56877.8331293973
10	4942.36937542824	31820.0534112685	32201.5964532684	81.1712250531553	56880.2001733913
7.9433	5564.38281185155	39274.1515825634	39666.3754155455	81.9359748665334	56882.5822193853
6.3096	6252.22203031428	48572.1144109099	48972.8555289853	82.6651968254216	56885.084263379
5.0119	6993.8612599681	60228.0726450507	60632.7867565164	83.3763114118929	56887.6163123726
3.9811	7798.94283969318	74879.1557791901	75284.2047153387	84.053870611214	56890.1533603662
3.1623	8741.86226299819	93184.5021242936	93593.6514512481	84.6406305803713	56892.6904063598
2.5119	10061.6191894157	116105.95656646	116541.105756405	85.0471818952499	56895.2774553532
1.9953	11234.8580606448	145085.165000089	145519.507760114	85.5720633706325	56899.3715303429
1.5849	12996.7422276082	181295.755988334	181761.014653617	85.8995909876076	56902.1885823358
1.2589	14430.9993043215	226233.893977685	226693.688763555	86.3501638428446	56905.2056383282
1	17218.1043613661	282976.344127561	283499.690394185	86.5180483736517	56910.2847333153
0.79433	20352.0493309997	353853.49799287	354438.29357698	86.70823301792	56913.5017903072
0.63096	24543.1142703071	442937.629450532	443617.073658512	86.8284917142464	56917.0488552983
0.50119	30062.0601420069	554608.391284913	555422.53748261	86.8973688785316	56921.0009312883
0.39811	37329.3971436773	694420.844952322	695423.46365032	86.9229606354116	56925.3480092773
0.31623	47594.3345932868	869616.476943995	870917.92819867	86.8673125660194	56930.2501012649
0.25119	60894.0993764169	1088124.21775478	1089826.77733817	86.796928686204	56935.782204251
0.19953	79350.79900074	1362852.98732388	1365161.09465502	86.6677706352966	56942.1643202349
0.15849	104842.919864894	1704238.44660697	1707460.3130788	86.4796616726444	56949.5214562163
0.12589	140587.709403197	2133454.02997249	2138081.14954534	86.2298445837911	56958.1336181945
0.1	190553.660734556	2669329.07944025	2676121.9015517	85.9167900399834	56979.1930101414
