Frequency (Hz)	Z' (Ω)	-Z'' (Ω)	Z (Ω)	-Phase (°)	Time (s)
10000	98.8469460568113	51.9302228346916	111.657811139297	27.7156361449131	14817.4723575895
7943.3	98.6133838193455	62.956186501591	116.996072101266	32.5547397130404	14818.6343765865
6309.6	99.0031142087077	77.2295804269744	125.562831745501	37.9568039485566	14819.8863985834
5011.9	100.694478733795	96.3228035673503	139.34654834098	43.7288554754968	14821.1334245802
3981.1	101.01180406972	119.689857566404	156.617516790701	49.8374334175286	14822.3654445771
3162.3	101.970219276205	150.369414551877	181.68347875333	55.8575725054712	14823.612469574
2511.9	102.445480184272	185.791155935735	212.163686888503	61.1276019510141	14824.8544905708
1995.3	107.404781615231	233.832667507504	257.319846703457	65.3295808972846	14826.0865145677
1584.9	104.34682957573	293.451355735097	311.451375057604	70.4253887441757	14827.2935385647
1258.9	109.277338852567	368.512195034534	384.373223151495	73.4829843281315	14828.5205615616
1000	114.499437412696	463.38974045554	477.326065417841	76.1207323329041	14832.4036315518
794.33	120.898477296488	580.995807310095	593.441294421376	78.2451626164668	14833.5756555488
630.96	130.293806868564	728.379790272006	739.941615929928	79.8581020149794	14834.8226775457
501.19	144.127408005012	913.294259693009	924.596730756953	81.0320834273832	14836.0847015425
398.11	164.26989744036	1144.5579843454	1156.28611456416	81.8325377817341	14838.8457535355
316.23	193.993967528008	1431.94207252697	1445.02309964585	82.2847620788118	14840.0127735326
251.19	237.312490795439	1788.12689221075	1803.80569932984	82.4401297703616	14841.2847965294
199.53	300.241823121829	2228.6843178142	2248.81723152915	82.3274733226792	14842.5318185262
158.49	390.774025482471	2771.86578213316	2799.27566580221	81.97539976613	14843.8488425229
125.89	517.855570416029	3434.01781130562	3472.8450469572	81.4243189306309	14845.2508705193
100	692.777423957195	4234.3092435578	4290.60780417225	80.7081350145998	14846.577895516
79.433	923.648482667445	5194.08576455514	5275.57138602903	79.916670421364	14847.9349195126
63.096	1220.8443104695	6341.12590779859	6457.5799343841	79.1023007205108	14849.336946509
50.119	1577.95250862696	7702.33680309966	7862.31049678564	78.4222021480681	14850.913976505
39.811	1995.18937504982	9330.89114400978	9541.81901859765	77.9304154210121	14852.4060015013
31.623	2460.08364707726	11287.5295499693	11552.5034036804	77.704825391865	14853.9880324973
25.119	2961.57594136391	13670.695200842	13987.8103837159	77.7765107194515	14855.5350584934
19.953	3481.69247918658	16583.68243878	16945.2266361333	78.1431356052118	14857.3570944888
15.849	4032.88499379809	20193.2189072247	20591.9948331457	78.7057797843504	14859.239129484
12.589	4599.73354745558	24677.5884375846	25102.6078287176	79.4416207721256	14861.1561634792
10	5196.12947171481	30275.5028955085	30718.1678663094	80.2613115733558	14863.3832044736
7.9433	5836.19065830721	37274.2332293777	37728.3657774645	81.101198028051	14865.6652474678
6.3096	6489.52712149025	46015.7719876263	46471.1225803485	81.9726118612257	14867.9172894621
5.0119	7249.13664402225	57036.1729460149	57494.9998383462	82.7567034891098	14870.2343314563
3.9811	8038.76827522136	70843.3723100863	71298.0027465581	83.5262005013725	14872.6013764503
3.1623	8938.60460405567	88120.9263532129	88573.1128143073	84.2079754818808	14874.9834214443
2.5119	10071.6768025522	109742.407527739	110203.605583481	84.7563338026715	14877.5004654379
1.9953	11124.0669654554	136966.484833734	137417.476448818	85.3567750188459	14880.1075144313
1.5849	12552.5753902865	171188.29318502	171647.892129584	85.8062276083513	14884.1015894213
1.2589	14294.8116302534	213797.762829445	214275.115285047	86.174818910276	14886.7986404144
1	16353.3157864637	267244.377803315	267744.259330976	86.4983020414716	14891.732730402
0.79433	19035.8412048944	334371.89819864	334913.316479562	86.741659970374	14894.7997853942
0.63096	22440.240026736	418731.207532683	419332.074297014	86.9323941815739	14898.2668523855
0.50119	26953.9746825427	524286.451124158	524978.856320472	87.0569704134148	14901.9839213761
0.39811	32870.7131196447	656490.964718758	657313.373162573	87.1335757580301	14906.1159973657
0.31623	40399.9167687824	822340.025555701	823331.810940082	87.1874345338123	14910.8530843537
0.25119	51050.1891512658	1030026.77434861	1031291.07321231	87.1626281682542	14916.2451863401
0.19953	65356.3651341478	1291616.08187192	1293268.55579718	87.1032778987921	14922.3822983246
0.15849	83718.1907881166	1616442.90965722	1618609.407995	87.0352079752084	14929.6144333063
0.12589	109153.969218556	2025068.28172345	2028007.92272578	86.9146642696675	14938.1365902848
0.1	148155.0503604	2539931.95953911	2544249.25627099	86.6617013785637	14948.2887792592
