Frequency (Hz)	Z' (Ω)	-Z'' (Ω)	Z (Ω)	-Phase (°)	Time (s)
10000	99.6285721262577	51.1114612551679	111.974255324853	27.1587358662283	2086.36463173244
7943.3	100.65026731532	62.6377558069989	118.549419075686	31.895274033083	2087.47665072963
6309.6	101.539682329006	77.2013521978273	127.555305137217	37.2459895459307	2088.65867172664
5011.9	101.858366761589	96.5628763120053	140.354964147999	43.4712461011015	2089.84569672365
3981.1	102.867922690479	118.59610929981	156.993142078585	49.0622768793006	2091.03271872065
3162.3	103.41195733551	149.017473380808	181.384233859399	55.2409529573787	2092.22474071764
2511.9	104.241306185168	187.726913824311	214.726905834342	60.9573905960342	2093.41176171464
1995.3	103.234987552216	232.376847712311	254.276349682028	66.0464909697827	2094.59878471165
1584.9	108.885006845026	294.745902254098	314.215040396261	69.7247659429654	2095.75080370874
1258.9	110.522407573674	370.969907309755	387.083808373961	73.4097202653826	2096.91782570579
1000	117.144968632954	462.240459491528	476.853421993545	75.779015567624	2100.73589769615
794.33	123.946825251863	579.475150020902	592.582707292208	77.9266492337323	2101.93792069312
630.96	133.95080657754	726.419901978584	738.666834623939	79.5521033157805	2103.11494169015
501.19	148.35757273557	910.002672870376	922.016721116932	80.740540719209	2104.31196368712
398.11	169.838821067072	1140.3678544419	1152.94582205144	81.5290126469634	2107.02801568027
316.23	201.126048004665	1425.74113323961	1439.85744648466	81.9703986872282	2108.1250326775
251.19	246.80013610482	1779.67215021675	1796.70344504553	82.1047311241923	2109.34205767442
199.53	312.766069903816	2217.1531616756	2239.10490080549	81.9704662602585	2110.42907667168
158.49	407.289909743572	2753.90516832053	2783.86040359093	81.5872018221945	2111.66110166857
125.89	540.092201447543	3407.45101070738	3449.98869221845	80.9933570855185	2112.93312166536
100	720.97163944866	4196.11865626313	4257.60635596209	80.2507084563863	2114.17014466223
79.433	960.450093487824	5141.79482489413	5230.72828613653	79.4194948820191	2115.46216965897
63.096	1264.59749820215	6264.8583251283	6391.21715062073	78.5878685118669	2116.78919465562
50.119	1631.73120337592	7594.02582687704	7767.35315145038	77.8732186518736	2118.38622465159
39.811	2059.14059153906	9187.5516637027	9415.47479147654	77.3674588654771	2119.79825064802
31.623	2529.54741590961	11099.9504179713	11384.5293890769	77.1622079277065	2121.30527764422
25.119	3039.5829132664	13411.7742909667	13751.9000112151	77.230461018066	2122.76730564053
19.953	3569.62225693689	16247.6058559083	16635.1104326411	77.6088994950495	2124.52933763608
15.849	4120.57302683368	19753.1427990165	20178.3491026349	78.2168810781694	2126.33636963152
12.589	4707.60715696337	24098.8334152199	24554.3343855786	78.9467022478197	2128.17340362688
10	5302.69038145834	29523.1385060303	29995.5702150811	79.8175976206018	2130.32544662145
7.9433	5925.25371221911	36322.0469240113	36802.1701031915	80.7348908815323	2132.50748461594
6.3096	6591.07573934552	44878.5121634704	45359.928719174	81.6449930524586	2134.79452761016
5.0119	7308.27287309365	55522.6963403435	56001.6130239977	82.5014492852304	2137.10656960432
3.9811	8071.54774188712	68914.6044934818	69385.6800459762	83.3197301576769	2139.46361459837
3.1623	8950.77886937241	85689.899765356	86156.1104284842	84.0367677667968	2141.90065959222
2.5119	10011.6965696752	106723.485853206	107192.054280449	84.6407850822457	2144.38270658595
1.9953	11019.2251732876	133169.486290623	133624.60627567	85.2697868943127	2146.9397515795
1.5849	12368.1616005322	166492.096428591	166950.859819781	85.7514847922546	2150.89382856951
1.2589	13892.0092268038	208253.862415687	208716.695861662	86.183619310722	2153.60087656268
1	15796.6614860731	260129.232653658	260608.426945651	86.5249121335288	2158.52496755025
0.79433	18215.258093549	325488.836988827	325998.126730437	86.7969103211302	2161.51202154271
0.63096	21289.7249705833	407562.703502335	408118.377037172	87.009776159287	2164.85408653427
0.50119	25295.0671589081	510476.01300521	511102.338359226	87.163204347478	2168.51615152502
0.39811	30525.3998478784	639417.518566214	640145.735817436	87.266809753214	2172.59322851473
0.31623	37405.47875374	800879.292155127	801752.337348444	87.3259144762522	2177.2803125029
0.25119	46474.7308732652	1004181.90873348	1005256.78631749	87.350174154707	2182.60741348945
0.19953	58094.5758748268	1259080.8739228	1260420.41669606	87.3582198112311	2188.75452847393
0.15849	74615.9330002792	1576894.34888327	1578658.7107407	87.2908828091376	2195.95665945574
0.12589	96433.2126908666	1976443.15956163	1978794.31156647	87.2066801453722	2204.4088154344
0.1	131637.60949829	2475197.4738656	2478695.42196395	86.9557254642595	2214.5110044089
