Frequency (Hz)	Z' (Ω)	-Z'' (Ω)	Z (Ω)	-Phase (°)	Time (s)
10000	100.005970268535	51.4777059445639	112.477323486408	27.2369786776528	4356.7366690003
7943.3	100.974354082426	62.5581232042565	118.782738481659	31.7800644983702	4357.8436899975
6309.6	101.588514831539	77.3807332177332	127.702796441549	37.2967963592246	4359.05071199446
5011.9	101.404119796051	95.6934354984848	139.427504851498	43.3403822817844	4360.24273199144
3981.1	102.819282034875	119.563039126869	157.6931358158	49.3058275061722	4361.42475398846
3162.3	102.692541835907	149.003343679693	180.963406733097	55.425535256801	4362.61677798545
2511.9	105.142583952672	187.302101730756	214.795345091562	60.692196368014	4363.81880098242
1995.3	104.338919821043	235.625886111887	257.693943264939	66.1154693914826	4365.01082097941
1584.9	107.707108952085	294.966058446542	314.015599858199	69.9402909177523	4366.17284197647
1258.9	109.09909263082	369.488971246402	385.25927877936	73.5496984492283	4367.3498659735
1000	116.53250508537	462.646456697056	477.097022245803	75.8622917230632	4371.17293596385
794.33	123.163201430384	579.846807783647	592.782839396914	78.0082292811573	4372.3799589608
630.96	133.075162826287	727.35243525457	739.4258340307	79.6319328194828	4373.5669809578
501.19	147.429050663835	911.196672681124	923.046424230543	80.8093508349505	4374.77900395474
398.11	168.406152475557	1142.11391632271	1154.46300505889	81.6121053318434	4377.41505394809
316.23	199.173639990623	1428.09333610323	1441.91564090607	82.0602746535624	4378.52707294528
251.19	244.180393458698	1782.47617092093	1799.12349894347	82.1996361978055	4379.76909294215
199.53	309.440167829187	2221.34115417296	2242.79061454444	82.0695435925925	4380.96611693912
158.49	402.557533207012	2760.03235300454	2789.23486948903	81.7017814719419	4382.18813993604
125.89	533.759396404539	3418.08560975138	3459.50983939049	81.1245195015106	4383.46516393281
100	712.793067851072	4209.35586823223	4269.27989044963	80.3889665208465	4384.70718592968
79.433	951.608034447917	5161.89538093569	5248.8781444182	79.5546603738722	4385.99920992642
63.096	1249.52804309234	6290.14581030019	6413.05345723168	78.7645436932853	4387.34623592302
50.119	1623.56173829605	7636.17752254005	7806.86620058297	77.9968262653613	4388.88826291912
39.811	2042.21378849921	9228.80450386705	9452.06166550626	77.5222690525151	4390.33528891547
31.623	2516.44937216552	11165.8808192244	11445.9342961506	77.2994655119277	4391.85231791164
25.119	3018.41553264289	13493.35576839	13826.8391984591	77.3907263703888	4393.294346908
19.953	3555.07482998276	16343.2567574118	16725.4476318413	77.7278854981148	4395.05637890355
15.849	4113.3243749323	19879.4615927256	20300.5524710551	78.3097123415899	4396.87841289895
12.589	4691.29109297243	24269.0444813703	24718.3076313435	79.0594626699438	4398.73044689427
10	5300.3206100051	29752.365261804	30220.7980907296	79.8988480364392	4400.90748488878
7.9433	5962.48032935753	36589.2594482474	37071.8906807993	80.7445983924461	4403.10952788322
6.3096	6622.13127242564	45207.3473069309	45689.7895937233	81.6663813557644	4405.41156787741
5.0119	7351.58471360608	55927.4489937841	56408.5574071315	82.5114838981094	4407.73861187153
3.9811	8157.63246930841	69440.7148845554	69918.236899842	83.299818284579	4410.05565386568
3.1623	9044.59963242676	86365.3278247877	86837.6337355754	84.0214981342121	4412.4626988596
2.5119	10204.0921187898	107558.044677058	108040.994398981	84.5805375234924	4414.90474585344
1.9953	11165.4216728605	134165.476715997	134629.275358533	85.2427347117014	4417.47179384696
1.5849	12613.3702740367	167624.286707555	168098.181441342	85.6967245552393	4422.79789383351
1.2589	14296.344498631	209705.940274793	210192.689817126	86.0999924577697	4425.42494082688
1	16209.3082230405	261805.160137045	262306.468748778	86.4571325548155	4430.37403381438
0.79433	18739.7794278762	327647.348490532	328182.821466757	86.7265361031974	4433.45108780661
0.63096	21933.8582256916	410254.778036908	410840.695451142	86.9396525729919	4436.80315079815
0.50119	26089.2369595454	513809.881424724	514471.809271237	87.093242912314	4440.48521778885
0.39811	31805.7145602846	643459.784131693	644245.370393529	87.17021748934	4444.56729377855
0.31623	38911.9693692397	805446.873484834	806386.264371292	87.2341322512424	4449.24938176673
0.25119	48030.4688119946	1010462.76564299	1011603.64109921	87.2785999940044	4454.58147975326
0.19953	60258.9404216489	1265295.12384552	1266729.20955033	87.2733821580225	4460.7435927377
0.15849	78475.8852811938	1585104.9565068	1587046.37226299	87.1656963301929	4467.94072771953
0.12589	99987.0914871301	1987139.32414058	1989653.2642674	87.1194717795927	4476.33788169833
0.1	132983.5304229	2494399.58841847	2497941.93808943	86.9482882397798	4486.35506767304
