Frequency (Hz)	Z' (Ω)	-Z'' (Ω)	Z (Ω)	-Phase (°)	Time (s)
10000	99.1828044308128	51.1614214964262	111.600715697955	27.2860210098536	5276.50170167811
7943.3	100.517310439136	62.9007374347545	118.575851115451	32.0371055788611	5277.62872067527
6309.6	100.504413589459	76.9193785896619	126.561162895972	37.4280348157702	5278.83574167222
5011.9	101.102576825286	95.8611539946598	139.323694631964	43.4756556596169	5280.04276366917
3981.1	102.416568337636	120.078391521993	157.822601615126	49.5386663856265	5281.24478466614
3162.3	102.267195269821	149.08808049328	180.792242570102	55.5517664245733	5282.42680866315
2511.9	104.535468439189	187.358804856067	214.548330030542	60.8409884801852	5283.62383266013
1995.3	104.024869635948	235.658057951482	257.596377653569	66.1822373162091	5284.82085465711
1584.9	109.086888774975	295.301234572916	314.805921867573	69.725324028502	5285.98787365416
1258.9	108.907224811036	368.340766343997	384.103766926237	73.5286451193718	5287.14989365123
1000	116.246845104646	462.789167343004	477.165738928116	75.899739019467	5290.99796764151
794.33	122.929632519788	580.179822164059	593.060132362452	78.0369865904547	5292.21499063844
630.96	132.5673156393	726.99512621662	738.983089602549	79.6656791623711	5293.42700963538
501.19	146.73260900837	910.911623686905	922.654022217601	80.8492166367304	5294.64403563231
398.11	167.734612402415	1142.18698379218	1154.43752803782	81.6456069576665	5297.40008562535
316.23	198.351836986075	1428.14665877176	1441.85516963275	82.0929107273806	5298.51710462253
251.19	243.023179470227	1783.36833431279	1799.85079425751	82.2399882633759	5299.76912961937
199.53	307.851256988945	2222.24515853144	2243.46739246331	82.1129199885424	5300.97615361632
158.49	400.574300046559	2762.31927511775	2791.21255864631	81.7488407057903	5302.20817261321
125.89	530.308787050666	3419.22236182489	3460.10245068358	81.1838781431288	5303.49019760997
100	709.5028137511	4214.26161653099	4273.56937644483	80.4434409291157	5304.74222160681
79.433	945.271892724386	5166.67518159504	5252.43480523889	79.6320851825857	5306.03924460354
63.096	1248.18585575522	6305.23030384747	6427.58874812817	78.8024778116797	5307.39626860011
50.119	1616.1719729959	7644.87289732474	7813.83986670752	78.0630876134249	5308.93829859622
39.811	2035.3276366633	9253.44097389564	9474.63605875899	77.5951173950438	5310.36532459262
31.623	2508.47540576622	11187.217423983	11465.0025099344	77.3617828744149	5311.88735558877
25.119	3006.6858321882	13526.7833812118	13856.9126552674	77.4682297296576	5313.4593805848
19.953	3543.58230667193	16394.4002129772	16772.9941843257	77.8033804923488	5315.26141458025
15.849	4095.55914973837	19933.7804679748	20350.1648272052	78.3896805385022	5317.08345157566
12.589	4685.32308076056	24335.227503457	24782.1619318436	79.1020502703084	5319.0454845707
10	5288.58697323599	29838.7405113902	30303.7883354468	79.9493316338967	5321.21752756522
7.9433	5943.67014131313	36710.7295991459	37188.773607775	80.8033012103979	5323.40956755968
6.3096	6633.79428439932	45343.4391369647	45826.1355492185	81.6766147614054	5325.61660855411
5.0119	7345.74579717487	56135.1447505669	56613.7302911918	82.5447373282984	5327.95364954821
3.9811	8150.0068836102	69632.8095512743	70108.1363195951	83.3243242513534	5330.33069554221
3.1623	9044.24926222824	86629.8289689909	87100.6642449639	84.0398495236354	5332.76774253606
2.5119	10116.8847904713	107930.307102206	108403.424987591	84.6450071974435	5335.2447845298
1.9953	11349.4324501883	134682.521721036	135159.873017396	85.1831768981592	5337.80683552333
1.5849	12645.7269674367	168266.486592321	168740.99952489	85.7021310065766	5343.18293550976
1.2589	14160.948173664	210274.646210957	210750.94137944	86.1472326720311	5345.8199805031
1	16252.6471659091	262564.398185223	263066.933943185	86.4579299682323	5350.68907449081
0.79433	18810.239491992	328557.5045962	329095.516432887	86.7233372302851	5353.67112848328
0.63096	22041.7096052028	411563.76526751	412153.575555872	86.9343958796665	5357.0281884748
0.50119	26391.3038157039	515491.016098713	516166.144371729	87.0692189916907	5360.70025746553
0.39811	31912.0246420112	645711.714897479	646499.803613733	87.1706601690643	5364.78233345523
0.31623	38908.4757266818	808559.307989657	809494.919082317	87.2450096227548	5369.47941844337
0.25119	48696.5533076296	1012677.6295498	1013847.78724158	87.2469428486847	5374.82651742987
0.19953	61303.867173472	1269191.87557119	1270671.54731124	87.234677290518	5380.92363241447
0.15849	79301.1027087665	1589450.91611873	1591427.93730709	87.1437594954888	5388.10576439634
0.12589	103112.29239904	1991405.58810092	1994073.30887391	87.0359489128173	5396.50291937514
0.1	135833.74764431	2500513.22008471	2504199.90632088	86.8906148746009	5406.61010634962
