Frequency (Hz)	Z' (Ω)	-Z'' (Ω)	Z (Ω)	-Phase (°)	Time (s)
10000	97.3528383496406	50.8692729875211	109.841968614051	27.5881841461525	29320.7348929723
7943.3	98.1941128151369	63.0871922042563	116.713656492154	32.7197018785022	29321.9769149691
6309.6	97.4460341400751	77.2437712437834	124.347616646201	38.4032485923833	29323.4989429653
5011.9	98.5683092264362	96.6826929986583	138.069745814321	44.4466891751518	29324.810968962
3981.1	98.5291132393664	120.006994415587	155.272872274582	50.6130432060594	29326.0979909587
3162.3	99.9220979350614	149.688491876178	179.975193445954	56.2755581670055	29327.3800169555
2511.9	101.743677997451	187.888758630094	213.667876930546	61.5640033641567	29328.6720389522
1995.3	102.700503331057	234.086474222494	255.624472221207	66.311549652036	29329.964062949
1584.9	103.618799455065	296.147334638815	313.75165244853	70.7156017065538	29331.2360859457
1258.9	105.138088584555	369.90397644828	384.555547955641	74.1332195098018	29332.5081109425
1000	111.930060812462	464.590005891045	477.883052730815	76.4543150493602	29336.4811879325
794.33	118.015752368937	582.907373606049	594.7341624722	78.5545745717528	29337.7882079292
630.96	126.720199540214	730.844382119686	741.748960125605	80.1633531039822	29339.0852319259
501.19	139.563081091718	916.47396992079	927.039584454831	81.3413693711319	29340.3972559226
398.11	158.376768865271	1148.5706549086	1159.4385495719	82.1489762339619	29343.2583099154
316.23	186.21839276145	1437.84403821132	1449.85267114369	82.6205720926962	29344.4903349123
251.19	226.779935157618	1797.15848457123	1811.41043324158	82.8079701363146	29345.8323559089
199.53	285.687054694918	2242.24494803845	2260.37154030575	82.7389997175147	29347.1293829056
158.49	370.832745423826	2792.3671542093	2816.88325086176	82.4352539270601	29348.4764049022
125.89	490.902454402473	3463.46949138772	3498.0860677679	81.932792341393	29349.8584338987
100	655.654579571813	4276.86739733929	4326.83228957828	81.2842675717897	29351.2004558953
79.433	876.347097017275	5259.24543983841	5331.75832450344	80.5397321583618	29352.6074818918
63.096	1155.95021936427	6437.37645516153	6540.33917584679	79.8199737185637	29354.0595108881
50.119	1507.67462031593	7836.13956379837	7979.86002534323	79.1093631621037	29355.7815418838
39.811	1911.56212790346	9516.0202082308	9706.11716250591	78.641687362244	29357.3085688799
31.623	2357.79915085083	11548.4889672001	11786.7219472292	78.4607847582093	29358.9006008759
25.119	2848.14189506022	14009.9552032855	14296.5295457486	78.5087015540694	29360.462627872
19.953	3367.43380466093	17018.5926570234	17348.5476756546	78.8075754084199	29362.3246618673
15.849	3897.55578044813	20778.7699354374	21141.1499472365	79.3762521141163	29364.2416978624
12.589	4470.64321139807	25423.1117478963	25813.1993691143	80.0265310960771	29366.1837368575
10	5088.62509762493	31241.9591730748	31653.6588462732	80.7490192781074	29368.4457778518
7.9433	5723.65254739968	38454.1291581462	38877.7603237988	81.5340419936516	29370.727819846
6.3096	6449.44696349928	47566.495630713	48001.7382260437	82.2784667752772	29373.0248618402
5.0119	7180.12434701356	58945.0235801228	59380.7206970394	83.0549856623953	29375.4369068342
3.9811	8016.39061094587	73234.5416734829	73671.9798332606	83.7531666882773	29377.878951828
3.1623	8961.9504046148	91101.2023233282	91540.9505074683	84.3816866299953	29380.3709988217
2.5119	10140.5889850535	113363.290911265	113815.935928128	84.888374803479	29382.9180448153
1.9953	11457.4336473913	141559.633481064	142022.542636996	85.3727293068863	29385.5800938085
1.5849	12965.5259056696	176837.014319277	177311.687418982	85.8066299170679	29391.0611977947
1.2589	14818.9946039089	220902.903041559	221399.401926155	86.1621345841579	29393.7882447878
1	17154.9381331745	275897.301530997	276430.122986695	86.4420029583845	29398.7573387753
0.79433	20137.1644783913	345268.259447658	345854.993277884	86.6621056489418	29401.9043977673
0.63096	23859.1333488412	432104.952191461	432763.154569036	86.8395620047076	29405.4214617584
0.50119	29046.3103938853	540986.229645466	541765.437079106	86.9266601096407	29409.2035297489
0.39811	35969.6352500786	677496.447856884	678450.62570442	86.960906343152	29413.3856087383
0.31623	45015.5758027646	848219.802102469	849413.465129678	86.9621256810592	29418.1476977263
0.25119	57067.2616867483	1062384.16857569	1063915.78331966	86.9252423674966	29423.5897977126
0.19953	72571.2798468993	1330584.05561377	1332561.63824125	86.8781285210517	29429.8219116968
0.15849	96819.5505951896	1666866.36547692	1669675.8684654	86.6757229553225	29437.1140466784
0.12589	128063.8718376	2082978.31210358	2086911.3550805	86.4818187834057	29445.6812076568
0.1	167723.568849889	2605338.98907197	2610732.16617988	86.3165599781782	29466.6755996038
