Frequency (Hz)	Z' (Ω)	-Z'' (Ω)	Z (Ω)	-Phase (°)	Time (s)
10000	93.8142301262753	51.1020020002373	106.829417215569	28.5777850372413	62476.7257992614
7943.3	94.192681436875	62.7616475428383	113.186949948128	33.675968929484	62478.072824258
6309.6	94.4443304606089	77.7800823432973	122.349796752928	39.4733268607379	62479.4748472545
5011.9	94.6398422795341	96.077601196946	134.861429617421	45.431926707504	62480.871875251
3981.1	95.5826523505595	119.618653656376	153.116510321167	51.3729970943322	62482.2939012474
3162.3	96.2035858293568	150.973665615177	179.020048139055	57.493858215637	62483.7359282437
2511.9	96.9420841154662	188.021690576192	211.54177790635	62.7248254628477	62485.1679522401
1995.3	99.1006683080459	236.215853765169	256.161808295283	67.2402764622712	62486.5499802366
1584.9	102.154823737735	296.965605532868	314.044867626253	71.0170149080732	62487.9170062332
1258.9	100.857956669644	370.538341490171	384.019517652245	74.7733754701763	62489.3190302296
1000	108.043485108413	465.529730202752	477.903049139696	76.933708754007	62493.3171062195
794.33	113.801850098643	583.992558676376	594.977453081421	78.9730404796993	62494.729133216
630.96	122.252834892923	732.6349617983	742.764931111151	80.5264921121283	62496.1611562124
501.19	134.437617422075	918.229969955695	928.019262032293	81.670531603423	62497.5831822088
398.11	152.549995544692	1151.7839341872	1161.84238698389	82.4552747211731	62500.6092422011
316.23	179.255251916138	1442.50583873488	1453.60088749414	82.9163633575827	62501.9462641978
251.19	218.268042366766	1803.7126761563	1816.87103462121	83.1001620135413	62503.3782901941
199.53	275.155198047483	2251.27671200668	2268.02936864498	83.0317644358828	62504.7303171907
158.49	356.57421358459	2802.5963191411	2825.18871898086	82.7492168053321	62506.1173431872
125.89	472.772116326704	3479.31056542032	3511.28402220918	82.261985274234	62507.6393691834
100	631.355237694382	4301.7346585655	4347.81905199236	81.6504476673473	62509.0213971799
79.433	845.653927420073	5296.17680261043	5363.26572989535	80.9280185595543	62510.5134251761
63.096	1117.56832064329	6489.75181087638	6585.27429330614	80.2292057558549	62512.0704511722
50.119	1451.61578401071	7917.01910974772	8048.99869353322	79.6100059481764	62513.8524841677
39.811	1851.35922061996	9622.56642941593	9799.04667058469	79.1095023458078	62515.4895141636
31.623	2289.07411410521	11693.0121446625	11914.9650991974	78.9236111109101	62517.2515471591
25.119	2764.53725229237	14206.18644184	14472.677687271	78.9878194630034	62518.9135801549
19.953	3271.36101046539	17295.5470750672	17602.2087104618	79.2893381235325	62520.9356151498
15.849	3794.98388040746	21109.2376416356	21447.6529360114	79.8083278944258	62522.9826581446
12.589	4353.59963496357	25867.8324837602	26231.6333305693	80.4465546048794	62525.1446941392
10	4939.64976135036	31831.6791084943	32212.6673007834	81.1791787905733	62527.591738133
7.9433	5548.709502918	39291.5996332215	39681.4563604355	81.961915757099	62530.0287841269
6.3096	6237.77064928049	48538.530532359	48937.7025299898	82.6769580802555	62532.4808311207
5.0119	6986.07743705315	60276.6241265905	60680.1177821433	83.3889000067141	62535.0028781143
3.9811	7816.56885239762	74916.5466002479	75323.2215397841	84.0434816390835	62537.5599261078
3.1623	8722.32299710249	93287.9038384645	93694.78064994	84.6584328921351	62540.2069751012
2.5119	10017.9544919257	116121.074821808	116552.406367154	85.0692084356738	62542.9440240942
1.9953	11118.2153649974	145293.708443951	145718.483475153	85.6241204991018	62549.5471480776
1.5849	12904.4191351191	181299.25908634	181757.930716848	85.9286985780363	62552.2891980706
1.2589	14380.8146948683	226974.081836372	227429.201416072	86.3746517807	62555.2762520631
1	17146.3908337043	283242.07143514	283760.585264217	86.5357604095926	62560.4253480501
0.79433	20296.8745932796	354385.552931689	354966.312831168	86.7220554601107	62563.6924090419
0.63096	24465.2313161446	443473.686409178	444148.013707929	86.8423491917394	62567.3594750326
0.50119	29972.515073265	555589.995687796	556397.874697758	86.9120474074896	62571.3065510226
0.39811	37275.100475757	695233.742235485	696232.281252625	86.9310134069085	62575.6236300117
0.31623	47731.6317507029	870919.625383848	872226.634853767	86.8629851709092	62580.5707189992
0.25119	61042.2974105111	1089761.1035343	1091469.38795802	86.7939624779619	62586.212826985
0.19953	79552.1303425735	1364397.64782748	1366714.85059584	86.6631086013624	62592.534940969
0.15849	106763.189437996	1707620.17412738	1710954.42303581	86.4224313841215	62599.9470799503
0.12589	143024.383228509	2136568.21739111	2141349.97647833	86.1702669751948	62608.5842379285
0.1	195701.91254609	2671846.30617903	2679003.90489016	85.8107973379153	62629.6436318753
