Frequency (Hz)	Z' (Ω)	-Z'' (Ω)	Z (Ω)	-Phase (°)	Time (s)
10000	96.4949889698581	50.8441692606753	109.070676371338	27.7851921313085	30981.1326367802
7943.3	97.2806315842981	62.4842508024977	115.619215011128	32.7130089205929	30982.3496597771
6309.6	97.3286723933711	78.0779542346588	124.775948833602	38.7369059471148	30983.6416817738
5011.9	98.2200056932056	95.3819849072542	136.911988383856	44.1601585974559	30984.9237077706
3981.1	97.8677112739377	119.642514421985	154.571731462171	50.7167952450242	30986.2057297674
3162.3	100.093948335561	149.707542563859	180.086498088868	56.2334488016406	30987.522754764
2511.9	101.332984476659	187.099108222033	212.777935981217	61.559999245201	30988.8197797607
1995.3	102.548259076532	236.17025689282	257.473368876177	66.5288747084031	30990.1268017575
1584.9	103.600758197014	296.647824710261	314.218155115719	70.7488465699174	30991.3988267542
1258.9	108.737276766671	369.269385773645	384.946326944779	73.5920916618765	30992.6608487511
1000	111.763558685434	464.263476725213	477.526615877078	76.4645606142103	30996.658924741
794.33	117.878815327951	582.574221376556	594.380466128912	78.5611396124322	30997.9759487376
630.96	126.691503192898	730.536049811824	741.440258588607	80.1614674894458	30999.2779707343
501.19	139.725139002627	915.590714405671	926.190839284859	81.3232325947434	31000.6299967309
398.11	158.816412729056	1148.702556363	1159.62934420746	82.1283478315374	31003.5310537236
316.23	186.915124215385	1436.94696800551	1449.05274318111	82.5886956060183	31004.7280717206
251.19	227.985145512705	1796.52763161078	1810.935878963	82.7676399525554	31006.0600967172
199.53	287.686001707589	2241.5742083563	2259.95977113458	82.6865784307546	31007.3671227139
158.49	373.078919528608	2787.21202787302	2812.07019267242	82.3760590075633	31008.7191477105
125.89	493.868277542141	3457.99792399338	3493.08681797418	81.8720317086777	31010.101170707
100	660.949315488641	4269.72549122884	4320.57979536245	81.2005125787655	31011.4681987036
79.433	883.632139205274	5248.16459629307	5322.03320049965	80.4427621203361	31012.8602247001
63.096	1168.51770612244	6419.37167456317	6524.85757129653	79.6834105333504	31014.3072496964
50.119	1512.99348002569	7820.14824647395	7965.16590332115	79.050058874193	31016.049282692
39.811	1923.29522631646	9487.53095540125	9680.51177145448	78.5403946048167	31017.5813126881
31.623	2377.88587481763	11514.6460989279	11757.6109825599	78.3318887051285	31019.223342684
25.119	2868.44823916243	13959.2844364055	14250.9514516479	78.3881113980277	31020.78537168
19.953	3381.59813043581	16966.4767386694	17300.1889827706	78.7280547628764	31022.6574076753
15.849	3923.53879212235	20683.060249074	21051.9153028914	79.2587245718485	31024.5744416705
12.589	4484.86855711657	25289.3029754431	25683.9033435023	79.9435785825347	31026.5214776656
10	5089.33252172657	31095.9639246666	31509.6854621063	80.7050726624896	31028.7835196599
7.9433	5718.67711764649	38303.9787196623	38728.5173190536	81.5086193308259	31031.085559654
6.3096	6411.2296729449	47358.776828896	47790.7690736237	82.2904100444707	31033.4076046482
5.0119	7141.77367477316	58693.0600319419	59125.969143303	83.0623529930746	31035.8246506421
3.9811	7957.83672592604	72920.6267133374	73353.5613697276	83.7719507613455	31038.231692636
3.1623	8910.39519399853	90703.2015985282	91139.8152441428	84.3894460806764	31040.7737396296
2.5119	10111.3498828065	112995.225135879	113446.728908155	84.8865210266775	31043.385789623
1.9953	11243.3402976723	141150.630147811	141597.715702526	85.4457259202334	31046.0728406162
1.5849	12775.4243080461	176328.578717636	176790.777867038	85.8560256271961	31051.5189416025
1.2589	14602.1203931527	220310.788759758	220794.170131195	86.208002444747	31054.3609935953
1	16825.0854912836	275394.926154365	275908.406637705	86.5038946490132	31059.3500865827
0.79433	19733.8633387343	344496.75599327	345061.502129922	86.7214994524549	31062.4671425748
0.63096	23483.324066638	431234.809178663	431873.739832114	86.8829795549011	31065.9242075661
0.50119	28461.6094252826	539909.807924105	540659.471297527	86.9824181181905	31069.7662765564
0.39811	35270.3964392611	676030.619643517	676950.071689619	87.0134277817099	31073.9633565458
0.31623	44356.9817245236	846623.813071324	847785.009708911	87.000856600732	31078.7404425337
0.25119	55646.4054568956	1061038.6402267	1062496.83222794	86.9978606557533	31084.17254552
0.19953	72063.5589390357	1326983.09861221	1328938.4111122	86.8915308958984	31090.4396605042
0.15849	92811.0585322739	1661317.29804504	1663907.76708613	86.8024409782917	31097.7817964856
0.12589	123660.002508998	2083743.83706883	2087409.92015053	86.6037590621126	31106.2689514642
0.1	167883.897270616	2602276.46417262	2607686.29228086	86.3087216030361	31127.1683414115
