Frequency (Hz)	Z' (Ω)	-Z'' (Ω)	Z (Ω)	-Phase (°)	Time (s)
10000	95.0235797391643	51.3781883260531	108.024066494984	28.3995942882848	51900.433972964
7943.3	94.3474531558736	62.6099912209503	113.231854695078	33.5686825459928	51901.7509959607
6309.6	95.0978410683292	78.0469818013414	123.02410635382	39.3757922377412	51903.1130199572
5011.9	96.2176587301698	95.9496382356013	135.882930970222	44.9200882072712	51904.4950469538
3981.1	97.5697152750445	121.315885192709	155.683632212715	51.191613658183	51905.8670699503
3162.3	98.2589961139374	149.669502317389	179.041308756537	56.7148421540593	51907.2390959468
2511.9	98.2986761275238	187.020259179412	211.279925861305	62.2733856026326	51908.6211239433
1995.3	100.886896654081	236.003152847838	256.662529541442	66.8542058263178	51909.95814794
1584.9	102.897983363265	295.284388492531	312.69932054233	70.7880465836602	51911.2751719366
1258.9	107.246741445327	368.272535939332	383.570755243186	73.763611342357	51912.6071969333
1000	109.682645715552	465.343160835144	478.094697844691	76.7372993973185	51916.685271923
794.33	115.548774675227	583.578127967396	594.907514468322	78.8002651290392	51918.0822969194
630.96	124.114524223808	732.103007010794	742.549141806486	80.3780455491876	51919.4693229159
501.19	136.57359758519	917.542484219581	927.651097075405	81.5338443871677	51920.8513499125
398.11	154.947143458631	1150.86751752566	1161.25133376099	82.3320872090258	51923.7824059051
316.23	182.030893884498	1440.2960534571	1451.75341154498	82.7968993358556	51925.0794259018
251.19	221.746569597887	1800.62102669525	1814.2236970411	82.9793709444664	51926.5064558982
199.53	279.644630622905	2247.8416830138	2265.16960762997	82.9085052763625	51927.8934798947
158.49	362.542611067478	2798.68898988121	2822.07321076579	82.6189985921547	51929.3105038911
125.89	479.849709370623	3471.77426037239	3504.77848922972	82.1307464691472	51930.7575328874
100	642.026083914589	4290.68643683798	4338.45451649456	81.4898290688683	51932.1595578839
79.433	858.470113089631	5281.67998963374	5350.99191253038	80.7680304751873	51933.7265858799
63.096	1134.46940422556	6467.55144970326	6566.29595614473	80.0509954753065	51935.278614876
50.119	1480.65027371998	7881.25805721444	8019.13672395443	79.3598784190266	51937.0506478716
39.811	1874.18949402734	9581.32017343993	9762.90338605731	78.9321969936593	51938.6526798675
31.623	2322.95886787457	11636.7232676271	11866.3164591701	78.7108327895718	51940.3397108632
25.119	2798.29788085711	14116.0575780607	14390.7453794838	78.7873332839358	51941.9667388591
19.953	3312.44852148203	17195.8904125293	17512.0233635975	79.096652392982	51943.9087768542
15.849	3835.25144923074	20995.1227886724	21342.5475187536	79.6477256966874	51945.9408138491
12.589	4397.69795110888	25700.8957868257	26074.4279230525	80.2901158139125	51947.972851844
10	4990.7699503767	31573.5520794728	31965.5592100743	81.0176848239688	51950.3148948381
7.9433	5606.09337824124	38964.6061361924	39365.8330829434	81.8126658638743	51952.6819378321
6.3096	6265.36657190696	48148.4894950256	48554.4216208263	82.5859931096913	51955.1789858258
5.0119	7019.7965393941	59764.5970475269	60175.4485127261	83.3008794980107	51957.6710298195
3.9811	7850.08070564089	74240.6918152605	74654.5650867618	83.9640730093069	51960.1230768133
3.1623	8749.10573397788	92409.0486763031	92822.2986593399	84.5914711604914	51962.630122807
2.5119	10013.2626546516	115135.225538806	115569.829924868	85.0295164839276	51965.3021728002
1.9953	11025.5473541341	143694.678341987	144117.047146635	85.6123498293142	51968.0442227933
1.5849	12741.6443405097	179691.562579103	180142.741076679	85.9440356559569	51972.3633057824
1.2589	14695.8533292973	224698.126078676	225178.187150409	86.2580334323228	51975.1703567753
1	16983.8058359102	280628.433247052	281141.898704848	86.5366484269143	51980.2794497624
0.79433	20110.6357531001	351195.130809711	351770.461487095	86.7226266237839	51983.5115097543
0.63096	24036.1711496546	439642.806031435	440299.369087362	86.870638020713	51987.1035747452
0.50119	29493.3634206604	550296.543403489	551086.330957039	86.9321449633009	51990.9606477354
0.39811	36544.4119943747	689526.225156815	690493.960311763	86.9662018473033	51995.2277277247
0.31623	46581.3169880256	863130.596672125	864386.629931258	86.9108657489203	52000.1148177123
0.25119	59612.8603855818	1080460.69390448	1082103.97106558	86.8419898641852	52005.6219176984
0.19953	77810.8871946244	1353217.84228241	1355453.08396767	86.7090799678703	52011.9290356825
0.15849	103496.592569121	1693346.6318822	1696506.51645675	86.5024582628998	52019.271171664
0.12589	138184.312084994	2119831.14138666	2124330.24082865	86.2703670808597	52027.8683286423
0.1	186457.489920473	2645073.68078026	2651637.45114295	85.9677553483688	52048.9427205891
