Frequency (Hz)	Z' (Ω)	-Z'' (Ω)	Z (Ω)	-Phase (°)	Time (s)
10000	95.3341262654085	51.0066613093867	108.121575685519	28.148138002521	46487.258742631
7943.3	95.2637334091065	62.7795016959631	114.089634657294	33.3851762587788	46488.5157666278
6309.6	95.1131036562541	77.1178673300384	122.44863391912	39.0351983759713	46489.8827916243
5011.9	96.8969437484766	96.5955665558551	136.820032108029	44.9107581622268	46491.2248146209
3981.1	97.238741867107	119.55504906617	154.106400506637	50.8772093648224	46492.5868396175
3162.3	98.1501870771943	150.286271016572	179.497694913764	56.8519215343865	46493.9338646141
2511.9	99.9360089481139	187.399645721679	212.381338872059	61.9300050425784	46495.2758916107
1995.3	99.383833198278	236.169369269691	256.228642587879	67.1778664318844	46496.6379166073
1584.9	102.876307226565	294.238403788637	311.704624368423	70.7285409795773	46497.944941604
1258.9	101.968603826487	370.837941387886	384.601579480803	74.6254480427151	46499.2669636006
1000	109.836130030708	464.892093888132	477.690940273954	76.7069690364773	46503.2450405906
794.33	115.775503519166	583.286350264769	594.665396353539	78.7733755934255	46504.6120625871
630.96	124.395917866247	731.491583801184	741.993451152873	80.3487308308336	46505.9390905838
501.19	137.037870703227	917.235643741099	927.416090089029	81.5026832519332	46507.3011145804
398.11	155.510741629773	1150.0381598579	1160.50478667328	82.2990468250502	46510.2371685729
316.23	182.829507730665	1439.46805563897	1451.03236080457	82.761514501328	46511.5641915696
251.19	222.834415115679	1800.54378852727	1814.2803286604	82.9449757439072	46512.9512165661
199.53	281.071143305823	2245.21776749107	2262.74254192934	82.8644578695448	46514.2232425629
158.49	364.786953451413	2796.51733175545	2820.20898307501	82.5681120981128	46515.6402685593
125.89	483.312956091244	3468.10301260484	3501.6181858627	82.0663876216453	46517.0672935557
100	645.265182152713	4287.55879393169	4335.84219808788	81.4413811989761	46518.4843205521
79.433	863.405373453561	5272.93310202194	5343.15378192573	80.7007464358257	46519.9263475485
63.096	1140.01879944694	6454.74626618716	6554.64661320117	79.9838774194225	46521.4183735447
50.119	1483.84590244302	7865.27145097687	8004.01734504298	79.3162663939159	46523.1504055403
39.811	1882.22413035762	9558.91170474817	9742.46173490417	78.8605249942267	46524.7224375364
31.623	2321.57685716016	11603.5315057608	11833.4974757628	78.6859342961245	46526.3944675321
25.119	2806.15257146523	14081.3480062068	14358.2329667074	78.7296550217427	46528.0064985281
19.953	3318.66520804715	17140.2109468084	17458.5328726154	79.0420547357263	46529.9285315232
15.849	3835.66351818751	20918.0582509153	21266.816301775	79.6093238462646	46531.9005705182
12.589	4403.91838306069	25615.6174120155	25991.4284433044	80.2448938212664	46533.9126075132
10	4987.0449272973	31481.4165877171	31873.9738262468	80.9984404870041	46536.2146495074
7.9433	5610.04397343251	38831.2870745197	39234.44212994	81.7792293680307	46538.5966945013
6.3096	6293.7232455527	48039.6633367537	48450.1827220522	82.5361331747234	46541.0437374952
5.0119	7025.0440065728	59520.4774779042	59933.6172985745	83.268672733759	46543.5107844889
3.9811	7835.00750935847	73979.8541479126	74393.5895250264	83.9544936363271	46545.9728284827
3.1623	8774.60990969986	92117.1095003138	92534.0782726029	84.5587114065383	46548.5498784762
2.5119	9956.25650203462	114811.929967118	115242.814553918	85.0438254781864	46551.1969244695
1.9953	11279.6094229382	143241.455564967	143684.878052996	85.4975105106821	46553.9089764627
1.5849	12631.2696295816	179219.854811711	179664.424222454	85.9685064661652	46559.4900824486
1.2589	14628.8759657307	223826.536489224	224304.08477953	86.2605755078634	46562.2521294416
1	16891.9481992999	279819.012261921	280328.410149962	86.5453947400885	46567.3012254289
0.79433	19976.3705196564	349995.693696096	350565.316289205	86.7333275952542	46570.4982824208
0.63096	23933.8166476493	438093.299985602	438746.5863931	86.8729381666251	46574.0653504118
0.50119	29218.2578867562	548743.48784917	549520.811299089	86.9521215014247	46577.9174194021
0.39811	36382.7836633682	687159.81755776	688122.316026089	86.9692126398986	46582.1745003913
0.31623	45817.4081151067	860486.49155822	861705.42358776	86.952110839665	46587.0315883791
0.25119	59212.5101725343	1077444.30182119	1079070.12973573	86.8543918099278	46592.5086913652
0.19953	75994.2739646989	1348618.50680924	1350757.93782002	86.7748096750855	46598.8108073493
0.15849	99853.2899538076	1688091.88006834	1691042.5408804	86.614809000521	46606.047943331
0.12589	137380.264319853	2109207.11268861	2113676.41356022	86.2733832592028	46614.780105309
0.1	183032.360438068	2632684.32702258	2639039.14535534	86.023019412664	46635.774495256
