Frequency (Hz)	Z' (Ω)	-Z'' (Ω)	Z (Ω)	-Phase (°)	Time (s)
10000	92.6808806594873	51.7946841253701	106.171723841449	29.1986295058228	72860.1930570457
7943.3	93.0380491077859	62.5938476950922	112.134153365775	33.9317538190982	72861.6900820419
6309.6	93.7343055044186	77.062297146254	121.345447668436	39.424836383394	72863.1221070383
5011.9	94.2340126903986	96.7382599254021	135.049398670001	45.7512848442918	72864.5441360347
3981.1	93.9747201754376	120.021786178893	152.435157328038	51.9397480088159	72865.9811620311
3162.3	95.3457753016623	150.087982038791	177.812314591402	57.5735973400097	72867.4031890275
2511.9	96.0239154636536	187.747976093955	210.878863019382	62.9124751741469	72868.8502160238
1995.3	97.2598433457474	234.860341831295	254.202394348975	67.5046844011245	72870.2722420202
1584.9	99.6584588868503	294.478897469847	310.885235227984	71.3029936504233	72871.6592680168
1258.9	103.760560539409	371.298180612101	385.523790250756	74.3867956318031	72873.0712930132
1000	106.978662869831	465.856371746043	477.981791918692	77.0668966237494	72877.2193700027
794.33	112.639837429565	584.404493475247	595.160772371818	79.0904266630076	72878.696396999
630.96	120.848226171322	732.736271930068	742.634996462414	80.6346691016455	72880.1184239954
501.19	133.07837374115	919.402934521099	928.984181546488	81.7639597231	72881.5754489917
398.11	150.826803933941	1152.77950741075	1162.60454045694	82.5459044518288	72884.6515079839
316.23	177.054471285827	1443.36204041444	1454.18096037311	83.0065740126422	72886.0085309805
251.19	215.643984539458	1804.71781659711	1817.55570082765	83.1860890575881	72887.4705599768
199.53	271.580016069601	2253.68917691536	2269.99352670306	83.1287246673392	72888.9375879731
158.49	352.06310973609	2805.56311641863	2827.56659222125	82.8474831649109	72890.4246129694
125.89	466.287778196903	3486.05684409793	3517.10344067072	82.3814548030595	72891.9366429655
100	623.659503841302	4307.06898261894	4351.98740781379	81.7608895017158	72893.343669962
79.433	835.045894345102	5304.26950269903	5369.59743397265	81.053410382729	72894.8806959581
63.096	1105.50300445606	6502.71624976745	6596.01815627057	80.3516015057108	72896.4677279541
50.119	1441.25557411151	7941.87334427615	8071.59029228017	79.714159639689	72898.3197609494
39.811	1829.47861247153	9658.27280895893	9830.01656386022	79.2740608928916	72899.9867899452
31.623	2271.03443388252	11738.7693157395	11956.4335170663	79.0505735601569	72901.7938249407
25.119	2742.0819398305	14263.5544774244	14524.7375086505	79.1179953451896	72903.4658569364
19.953	3242.39931704636	17382.4609683764	17682.2821674215	79.4338878549647	72905.612895931
15.849	3768.50775601052	21237.1156310522	21568.8833979368	79.9376561175695	72907.6749349258
12.589	4324.65852487953	26039.8802408648	26396.553455241	80.5704818474049	72909.7519709206
10	4910.21853311268	32000.7268554206	32375.2492703634	81.2765247317024	72912.1740189145
7.9433	5534.65071268746	39486.2291163281	39872.2290364936	82.0210275096946	72914.6110599083
6.3096	6170.70368046241	48861.5414504103	49249.6478852615	82.802244321482	72917.1531109019
5.0119	6920.93517492351	60674.2905528863	61067.7400743761	83.4925675784669	72919.6951548955
3.9811	7778.44015679168	75425.7332107619	75825.7565847768	84.1120643866125	72922.3072028889
3.1623	8714.44993043148	93898.8693584691	94302.382283741	84.6977523952298	72924.9242518823
2.5119	10012.8683518173	117038.186602957	117465.716938771	85.1101296825387	72927.6663048753
1.9953	11169.980378287	146173.268221192	146599.429753719	85.6301767027497	72932.9224018621
1.5849	12670.0285344453	182535.906501809	182975.098812655	86.0294021182585	72935.6694508551
1.2589	14274.5985210172	228444.77457273	228890.32131683	86.4244650608965	72938.7165088474
1	17245.9223417628	285371.446348675	285892.084935125	86.5416362506598	72944.030606834
0.79433	20573.2271996379	357027.783200105	357620.043697482	86.7020577775173	72947.3526688256
0.63096	24940.7719146057	446763.645828801	447459.268914991	86.8047551140087	72951.0047368164
0.50119	30760.6409309978	559385.923599461	560231.049257097	86.8524742123086	72954.9268108065
0.39811	38361.6914349306	700393.136947529	701442.91688843	86.8649477968081	72959.2588867956
0.31623	49406.4534095434	877092.611124721	878483.036904009	86.7759472083903	72964.1709787832
0.25119	62833.2110255592	1096507.23098334	1098306.02293101	86.7203635363658	72969.778084769
0.19953	83508.1929293999	1373465.22596785	1376001.57893414	86.5206369851188	72976.1752027529
0.15849	112108.317647433	1719611.05637653	1723261.57622635	86.2699377341798	72983.6073397341
0.12589	149572.782940202	2150047.01825317	2155243.41968508	86.0205036503359	72992.344499712
0.1	205239.829902605	2687764.39808131	2695589.14661932	85.6333228135288	73013.4038956589
