Frequency (Hz)	Z' (Ω)	-Z'' (Ω)	Z (Ω)	-Phase (°)	Time (s)
10000	93.4744885608854	51.0629560892275	106.512466389102	28.6467616181822	66962.7978629352
7943.3	94.4468233357486	62.9987684407609	113.529939942144	33.7044368422862	66964.1498839318
6309.6	94.2453447859067	77.9788689407147	122.322888353274	39.6044532865167	66965.5819109282
5011.9	95.3528716002818	96.5538765512933	135.701220331662	45.3585679877393	66967.1239409243
3981.1	95.2094481812921	120.204818214874	153.342875103661	51.6186577321326	66968.5359649207
3162.3	95.9229477335758	149.628328706029	177.735333159329	57.3370918860913	66969.9479939171
2511.9	97.6494859084123	188.649263285317	212.424025562718	62.6328076801385	66971.3800199135
1995.3	98.084933630391	234.936691525433	254.589676205055	67.3396994298126	66972.8120449099
1584.9	100.559423370707	296.709652762812	313.287113797037	71.2776970276411	66974.1940709064
1258.9	102.436247840384	368.544735521525	382.515891110745	74.4668385339656	66975.5860979029
1000	107.723707641918	465.639252280784	477.937559156768	76.9740198916351	66979.7341768924
794.33	113.454916794166	584.167679172155	595.083099687895	79.0090521982185	66981.1811988888
630.96	121.806294289459	732.716666216922	742.772163102906	80.5615048235857	66982.6082268852
501.19	133.855805536772	919.272659724443	928.966952906695	81.7153536718635	66985.6192828776
398.11	151.965423767365	1151.26820225006	1161.25447836936	82.4805264746408	66987.808324872
316.23	178.278726138535	1440.82472342327	1451.81238037885	82.9464262296042	66989.1503488687
251.19	216.694763855214	1801.73079599814	1814.71498641808	83.1419579778589	66990.6273758649
199.53	272.999829862227	2248.98843187552	2265.49726855159	83.0788513782401	66992.0544008613
158.49	354.391038286942	2803.6880111942	2825.99707574729	82.7959192478244	66995.9574748515
125.89	470.123631461299	3482.13157748284	3513.72402897005	82.3109726061307	66997.3895018479
100	628.396945891069	4306.28837386524	4351.89640047786	81.6976887124162	66998.9365308439
79.433	839.97238842667	5300.35896466139	5366.50340236411	80.9949594339409	67000.5185588399
63.096	1110.2506757947	6494.27959044905	6588.49937102719	80.2986015969669	67002.1255888359
50.119	1446.58107392879	7931.38832403584	8062.22782797044	79.6636160487364	67003.9826218312
39.811	1841.37498143555	9643.0550194225	9817.28943903897	79.1893148189393	67005.649653827
31.623	2277.9757286842	11722.2158830526	11941.5040354791	79.0027892799639	67007.3966858226
25.119	2756.70488700962	14238.2973110261	14502.7077523901	79.0424255408817	67009.0737188184
19.953	3254.60096338667	17333.2386958629	17636.1444516265	79.3655966082185	67011.0957538132
15.849	3787.39739793679	21170.4981429625	21506.6122546318	79.8570977640841	67013.152792808
12.589	4351.21690901504	25945.7329402367	26308.0623839039	80.4798296104411	67015.2498308028
10	4916.82312044674	31921.3436155765	32297.7913768336	81.2435855498721	67017.7068757966
7.9433	5552.74607493281	39412.6730681511	39801.9068305734	81.9805330301795	67020.1489227904
6.3096	6210.01007234057	48759.9085551362	49153.7679878544	82.741944779028	67022.680968784
5.0119	6952.1751267158	60454.4612934375	60852.8933516909	83.4398858400071	67025.1480137778
3.9811	7780.13010456632	75159.1387671409	75560.7475125963	84.0900523530051	67027.7850657711
3.1623	8761.013495016	93552.3762496062	93961.7074100281	84.6499557794514	67030.3671107646
2.5119	9921.39779767011	116666.705991158	117087.806457747	85.1392318961672	67032.999159758
1.9953	11169.1979777322	145740.289581604	146167.653709005	85.617550732159	67037.1482387475
1.5849	12645.5689975637	181970.72745774	182409.583264617	86.0247738607071	67039.9652897404
1.2589	14193.5484510916	227770.311799303	228212.120087399	86.4342138298725	67043.0223467326
1	17113.3528140083	284356.496879235	284870.99564885	86.5559371397469	67048.2114417195
0.79433	20410.9328001303	355787.027367413	356372.017729663	86.7166315997275	67051.4885007113
0.63096	24572.714977198	445420.080537057	446097.37330205	86.8423355446129	67055.145570702
0.50119	30383.5873886146	557480.330210507	558307.693798158	86.8803729852258	67059.0676426921
0.39811	37604.3592501091	698127.560835256	699139.599101921	86.9167655549988	67063.3997216812
0.31623	48450.6808958926	874221.561577514	875563.137190176	86.8278264272557	67068.4268176685
0.25119	61971.398399157	1093599.4776047	1095353.94810847	86.7566679571006	67073.9939196544
0.19953	81961.632858843	1369158.29350187	1371609.3255464	86.5742031615807	67080.4110386382
0.15849	108229.867774949	1713324.63465605	1716739.64479122	86.3854567156854	67087.8481746195
0.12589	144267.130123304	2147241.14576675	2152082.14130124	86.1562335365712	67096.4953345976
0.1	198019.28806041	2679413.75794022	2686720.99866795	85.7732989336667	67117.5497275445
