Frequency (Hz)	Z' (Ω)	-Z'' (Ω)	Z (Ω)	-Phase (°)	Time (s)
10000	96.5705015577989	51.4876106560662	109.43873090545	28.0647923265276	33213.6059721437
7943.3	96.6554420196186	62.0540759828322	114.860710506644	32.701001163786	33214.8479951406
6309.6	98.3550714020882	77.8415441020816	125.431359949202	38.3592883859918	33216.1550201373
5011.9	98.4103268917038	96.6574949661721	137.939348164574	44.4851679396797	33217.437041134
3981.1	98.4635776570528	120.042539284695	155.258775478051	50.6400587796984	33218.7290671308
3162.3	98.8523731490235	150.290262846664	179.885949378247	56.6653594486607	33220.0210931275
2511.9	100.035407996846	189.103959595416	213.933144668516	62.1212985450867	33221.3231141242
1995.3	103.102224654727	234.10580171406	255.803821560462	66.2308913067011	33222.6301371209
1584.9	105.445628011393	295.394126085355	313.650235441403	70.3551687638822	33223.9171631177
1258.9	105.541959580307	369.401006101257	384.182519827063	74.0547740293819	33225.1991851144
1000	111.854116720302	464.765404431098	478.035798432797	76.4680882044203	33229.1922611044
794.33	117.851152276307	582.774896358754	594.571672650834	78.5675875615617	33230.524286101
630.96	126.729787952683	730.647509032657	741.556620636724	80.1600244696088	33231.7513060979
501.19	139.626017644859	916.558537006192	927.132663949606	81.3383110714777	33233.0783310945
398.11	158.582385597503	1148.38026050705	1159.27804936694	82.1376237713023	33235.9443870873
316.23	186.544322364041	1437.61347577464	1449.66592356139	82.6066265099273	33237.1564090842
251.19	227.739174398474	1797.95036461592	1812.31637557525	82.781016972571	33238.5184330808
199.53	286.911510421505	2242.22536360228	2260.50719883696	82.7081502833715	33239.8204560775
158.49	372.442531833937	2790.55359872628	2815.29799965884	82.3979184475547	33241.1524830742
125.89	492.698978779436	3461.01123170953	3495.90489425983	81.8979857621148	33242.5245060707
100	659.342421035246	4274.23052790396	4324.78658824257	81.2306807653677	33243.8865310673
79.433	881.057352056659	5253.88222866356	5327.24511640678	80.4802803047245	33245.2835570637
63.096	1163.0814301878	6429.53653680717	6533.88846640237	79.7462737388818	33246.7305860601
50.119	1509.1504088314	7822.35195178376	7966.60059335543	79.0802055687504	33248.4626160557
39.811	1913.34901303456	9499.94462879392	9690.70959196646	78.6126106795329	33249.9846470519
31.623	2365.94537408939	11526.1751369059	11766.4952640879	78.4001840873566	33251.6216750477
25.119	2857.29816220941	13991.3675807813	14280.1442418592	78.457843072714	33253.1887040438
19.953	3372.29827144844	17004.9757170504	17336.135520037	78.7830686976854	33255.0407380391
15.849	3915.81108700747	20726.0946635767	21092.7612339559	79.3011348006912	33256.9727760342
12.589	4471.2748070209	25368.0105715237	25759.0422717313	80.0039207940483	33258.9498130292
10	5076.57889218964	31176.7280115263	31587.3395960045	80.7515641606088	33261.2218520235
7.9433	5719.38407954667	38413.9314968923	38837.3723016543	81.5315399074453	33263.5338970177
6.3096	6398.56580347089	47523.3480851916	47952.166349057	82.3317841786824	33265.9159420116
5.0119	7122.16923575293	58879.1748693303	59308.3681103762	83.1028712851218	33268.3479850055
3.9811	7984.23177357415	73142.1005641506	73576.5916032435	83.7702278801787	33270.7450289994
3.1623	8882.42183707897	91030.132327938	91462.4644831623	84.4269085510865	33273.1870759933
2.5119	10026.9052934932	113350.317432918	113792.940430889	84.9448059370903	33275.6991209869
1.9953	11270.1578491207	141433.682711053	141882.004014445	85.4440066106013	33278.3711719802
1.5849	12831.7618489964	176832.547225317	177297.501026787	85.8496360725533	33283.9272779662
1.2589	14658.6348515226	221136.949619842	221622.259854192	86.2075492523499	33286.6493259593
1	16962.2452019637	276060.521951692	276581.144589671	86.4839421032613	33291.6734209466
0.79433	19956.6749381528	345624.063488582	346199.743120855	86.69535440397	33294.8254739386
0.63096	23809.0368241494	432300.459900473	432955.607267828	86.8476079349049	33298.3525419297
0.50119	28938.8788318335	541150.73779778	541923.961204083	86.9389346528447	33302.1546109201
0.39811	35578.7927145638	677520.775615492	678454.310828404	86.9939756799377	33306.3166869096
0.31623	44672.5415118323	848204.203093759	849379.777314626	86.9851771270427	33311.1237758975
0.25119	57287.8127368155	1062013.18736824	1063557.19339968	86.9123059850629	33316.5458788838
0.19953	73607.0895320145	1329632.33918777	1331668.18729116	86.8313983199147	33322.7829928681
0.15849	98291.2922576079	1664767.92619005	1667667.06095815	86.6210630101186	33330.0451288497
0.12589	127405.56979847	2086739.55119897	2090625.29731029	86.5061518156157	33338.6722888279
0.1	173491.872002333	2605870.27325098	2611639.19994014	86.1910214482692	33359.631678775
