Frequency (Hz)	Z' (Ω)	-Z'' (Ω)	Z (Ω)	-Phase (°)	Time (s)
10000	100.183823098994	51.0318524107379	112.432416905454	26.9934819488406	7603.62579080269
7943.3	98.9769397958125	62.3843304857954	116.996749106566	32.2228851757333	7604.75280779984
6309.6	100.151989604267	76.5222200613232	126.039958682978	37.3820310239527	7605.96482979679
5011.9	101.053912273006	96.4434715944484	139.689786308339	43.662712295052	7607.18185179371
3981.1	101.020682238482	119.705329976674	156.635067161708	49.8386018326551	7608.38387379068
3162.3	101.962559044426	149.830882102983	181.233707346746	55.7640217883522	7609.58589778764
2511.9	103.140641962695	187.086283696657	213.633493562931	61.1320580065728	7610.79791878458
1995.3	103.526818874067	233.178905404304	255.127819243087	66.059726221671	7612.02494278148
1584.9	106.594807442074	294.763041945663	313.444897662529	70.11854987682	7613.18696477855
1258.9	114.583790766367	370.369434606378	387.689261131952	72.8091343758226	7614.36398577558
1000	115.858526169879	462.895917604136	477.174840724897	75.9480834681878	7618.22205676584
794.33	122.448362926496	580.376212785046	593.15272059571	78.0863975280313	7619.44907776274
630.96	132.130329187909	727.659312404185	739.558313332922	79.7082154633658	7620.67610275964
501.19	146.128139827027	911.809817056488	923.444950026743	80.8951068006977	7621.91312375652
398.11	166.755575431955	1142.36690991296	1154.4737237381	81.6949777532078	7624.66917974956
316.23	197.151989673226	1428.96386881433	1442.50013705682	82.1445806362417	7625.79619474672
251.19	241.57132741013	1785.20337286475	1801.47378241105	82.2936219353081	7627.02821874361
199.53	305.631732178321	2223.75623400935	2244.66089733166	82.1743309717474	7628.25524374051
158.49	397.969350081146	2763.7404590942	2792.24657378933	81.8059250624727	7629.51226473733
125.89	527.359394944067	3422.52240118491	3462.91315485218	81.2404692513429	7630.80429173407
100	705.573204486668	4219.11896462237	4277.70947874277	80.5061450687349	7632.09131373082
79.433	940.775473826866	5174.52862713403	5259.35404828233	79.6956670786946	7633.40333872751
63.096	1238.03329533479	6310.38697616082	6430.68505131899	78.900134712706	7634.76036172408
50.119	1602.45000514579	7665.84809143393	7831.54346089792	78.193046969541	7636.2973917202
39.811	2024.78953549156	9272.52649334525	9491.02313941051	77.6819996294308	7637.74441771655
31.623	2496.63055587926	11212.7530256103	11487.3406211308	77.4472970850605	7639.27644871268
25.119	2996.31000367135	13566.0687669816	13893.0232645229	77.5451552302798	7640.84347470872
19.953	3529.85506501313	16445.682369623	16820.236186883	77.8859903004879	7642.62550670423
15.849	4083.01186740365	19998.5044528012	20411.0550011034	78.4607464895114	7644.4575416996
12.589	4653.99791241682	24414.9350406781	24854.5518891271	79.207699071414	7646.3195786949
10	5265.4385871227	29945.5701944124	30404.9669919775	80.0274163578179	7648.53161868931
7.9433	5905.21306499395	36822.4007205523	37292.9046357066	80.8890469225213	7650.73366068375
6.3096	6568.26169299621	45511.2093564098	45982.7384868566	81.7876717491197	7652.95070067816
5.0119	7291.8823029215	56313.7046965331	56783.8435135206	82.6220044017621	7655.29774267223
3.9811	8124.34415301831	69913.8719543829	70384.3339072732	83.3716705372255	7657.60478566641
3.1623	9018.91688876192	86960.5203312269	87426.9578455302	84.0788650631967	7660.05683166022
2.5119	10146.8543379503	108382.133787419	108856.077355697	84.651496255093	7662.57887865385
1.9953	11247.819756946	135212.256787961	135679.282998467	85.2447194828334	7665.1709266473
1.5849	12630.4290407867	168890.585871347	169362.208694033	85.7231145785655	7669.34500463677
1.2589	14168.6349354078	211040.187337537	211515.273413992	86.1590890543563	7672.05705262992
1	16263.0999516136	263709.820582209	264210.820920599	86.4710135586171	7676.95614461755
0.79433	18837.7294250026	330146.74237004	330683.733418261	86.7343207643009	7679.96820060994
0.63096	22071.5855937431	413280.824318874	413869.779810401	86.9429782741585	7683.41526460124
0.50119	26470.1923852242	517655.634792935	518331.966328324	87.0727441207884	7687.10733059192
0.39811	32126.5767893805	648362.058594951	649157.512443387	87.1632932796365	7691.2744105814
0.31623	39362.0806351314	812144.216391858	813097.535115358	87.225224756998	7695.9864955695
0.25119	49232.3172881174	1017527.08507766	1018717.42398577	87.2299451085951	7701.31859655604
0.19953	62183.2935395342	1275364.1681401	1276879.21252212	87.208623933389	7707.49070954046
0.15849	79734.0511663169	1597057.84225039	1599046.98818042	87.1418476753208	7714.68784152229
0.12589	103822.375352688	2003171.64140043	2005860.34173238	87.0330719937407	7723.119999501
0.1	138344.556882886	2509268.14397483	2513078.95514367	86.8442820977978	7733.23718547545
