Frequency (Hz)	Z' (Ω)	-Z'' (Ω)	Z (Ω)	-Phase (°)	Time (s)
10000	92.345728278551	51.6800928711435	105.823274994048	29.2329938678374	80898.4888887509
7943.3	91.9255119744495	63.0243864297433	111.455699883901	34.4346435026749	80899.8709127475
6309.6	92.9075997441294	76.1615817528104	120.134960046214	39.3433994418555	80901.3379427438
5011.9	94.8556709141681	97.1626530515417	135.787258064191	45.6883404553663	80902.80496674
3981.1	94.1369268973363	119.924214699158	152.458447705872	51.8691450961423	80905.1090127342
3162.3	94.5607701330517	150.388695814597	177.647119529057	57.8393129046873	80906.4810357308
2511.9	96.5028237905934	188.120919688985	211.429126243732	62.842949897269	80907.9480647271
1995.3	97.7623862797826	236.623234232925	256.023512884983	67.5517234349455	80909.4100887234
1584.9	100.576279130636	296.665409597374	313.250623583324	71.2721796169823	80910.8321157198
1258.9	99.4698893127436	371.258238026952	384.352622187967	75.0012175552999	80912.2691427162
1000	106.329104421201	465.996044293128	477.973003153795	77.1465328170012	80916.4922237055
794.33	111.996757397688	584.845849169899	595.472871723689	79.1592221260757	80917.9892487017
630.96	120.170619088019	733.574626243113	743.352345768627	80.6967165173932	80919.446275698
501.19	132.101333127524	919.495754751938	928.936599139524	81.8244211067962	80920.9383046943
398.11	149.652282658405	1153.81999103408	1163.48458408986	82.609902230207	80924.0643626864
316.23	175.605444605554	1444.89561206279	1455.527602601	83.0705396566433	80925.4613886828
251.19	213.5853923076	1807.08205099759	1819.66047900284	83.2592825555851	80926.9534136791
199.53	268.722234704693	2255.66982488372	2271.62012632298	83.2062639433854	80928.4354416753
158.49	348.708245439946	2810.11197561228	2831.66501477794	82.9262972825128	80929.9674726715
125.89	461.580456440337	3490.3907544177	3520.77891045323	82.4667341844346	80931.5294996675
100	617.786047049956	4317.34899585772	4361.32571037331	81.8566075661553	80933.0265286637
79.433	826.294888476726	5316.43454331575	5380.26388721629	81.1656148920948	80934.5835556598
63.096	1099.15117690181	6520.60953405942	6612.60024539146	80.4318440604344	80936.3405906554
50.119	1422.99164377667	7961.34313670011	8087.51443637291	79.8660999633414	80938.1576236508
39.811	1814.95953680399	9698.06473482935	9866.43490431962	79.3999083650599	80940.6466706445
31.623	2249.17757550234	11786.5423562034	11999.2241616164	79.1963679007043	80942.3937006401
25.119	2725.1824990292	14332.1361538085	14588.9254705177	79.2340206047385	80944.0957336358
19.953	3223.12085492631	17467.4458602967	17762.3245361596	79.5452879944877	80946.1627716306
15.849	3746.47833840803	21326.2243220214	21652.8045244337	80.0362493127647	80948.2348136254
12.589	4289.06065791287	26140.7659976729	26490.2942277422	80.6821856084855	80950.33685062
10	4868.45735545759	32179.7016253634	32545.8918101705	81.3969798555889	80952.7688946139
7.9433	5498.5024551459	39737.4432862303	40116.0557405089	82.1219609779739	80955.2409406077
6.3096	6199.74075931238	49182.2362000678	49571.4549223839	82.8153894760014	80957.7179856014
5.0119	6919.56665248255	60970.7495027609	61362.143847706	83.525208992389	80960.3300325948
3.9811	7758.87953338174	75816.4599747594	76212.438713886	84.156825531	80962.8820815884
3.1623	8658.8014113289	94453.1129656573	94849.1717980924	84.7621633701641	80965.5191295817
2.5119	9975.46390442199	117646.335232503	118068.497380745	85.1533713321287	80968.2811815747
1.9953	11146.3255468382	147061.8635035	147483.667808738	85.665642483861	80972.5002615641
1.5849	12661.5272026606	183786.562980196	184222.189225884	86.0589740265834	80975.3623115569
1.2589	14542.7045469971	229922.903369096	230382.359891585	86.3808429206742	80978.4543695491
1	17337.8443249506	286914.403584328	287437.777318826	86.5418996724381	80983.6934665358
0.79433	20628.0177425238	359072.00472756	359664.03725568	86.7120780579873	80987.0705295273
0.63096	24944.589647701	449195.052586691	449887.127867705	86.8215293522815	80990.757598518
0.50119	30885.8925807086	562298.336220883	563145.946693466	86.8560198628916	80994.729671508
0.39811	38637.2731456476	704092.733193367	705152.051554725	86.8590293606472	80999.056751497
0.31623	49395.9284937206	881362.089540693	882745.201420711	86.7922144617012	81004.0438434845
0.25119	63906.2245944378	1103479.99706208	1105328.95983867	86.6855116409481	81009.6759494702
0.19953	85215.2856112006	1380500.40014679	1383127.97661939	86.4677380163389	81016.0280664542
0.15849	112320.45906341	1727106.15020142	1730754.61564827	86.2790715323451	81023.4852034354
0.12589	150703.26063826	2162806.7624856	2168050.86762752	86.0141020970132	81032.1623624135
0.1	204197.847936912	2700425.26827178	2708134.66995694	85.6756989583935	81053.31675836
