Frequency (Hz)	Z' (Ω)	-Z'' (Ω)	Z (Ω)	-Phase (°)	Time (s)
10000	96.4046036202413	50.691127773822	108.919410731778	27.73613265085	28224.2335927407
7943.3	97.9249012828592	62.9446534173707	116.410118482418	32.7322996412184	28225.4656117375
6309.6	98.6453167710042	78.0393230996893	125.781693702659	38.3478830269464	28226.7676367343
5011.9	98.4941579380097	96.3764313195453	137.802451581271	44.3773713026388	28228.054661731
3981.1	99.4348407353829	120.538302207256	156.258663283284	50.4799874409854	28229.3616857277
3162.3	100.164859581026	149.633202911229	180.064139984506	56.201543900218	28230.6337107245
2511.9	101.403787298479	187.035935350278	212.756126094711	61.5351309229778	28231.9157317213
1995.3	103.022685588	234.594331287659	256.218996208455	66.2912006331786	28233.202755718
1584.9	104.034366837305	293.530102681741	311.421050450339	70.4844077307893	28234.4647787148
1258.9	107.322264275235	370.365368273837	385.601574719007	73.8397846001917	28235.7118037117
1000	112.211367067886	464.568957962305	477.928559097933	76.4209381261219	28239.6848787016
794.33	118.205659653919	582.487328208235	594.360215271333	78.5285967242922	28240.9869016984
630.96	127.080407741811	730.758106650741	741.725582993873	80.13479874272	28242.2889236951
501.19	139.938598096263	915.719678330597	926.350549478457	81.3113843659131	28243.6159516917
398.11	159.122168698363	1148.95144149228	1159.9177899655	82.1150706183045	28246.4520026846
316.23	187.039654788301	1437.8425030555	1449.95686006731	82.5883805083482	28247.6840266815
251.19	227.874362584296	1796.8916022399	1811.28301359105	82.7725658942466	28249.0160486781
199.53	287.616706279465	2242.02056388941	2260.39367779908	82.6897608695673	28250.3280736748
158.49	372.757060016412	2789.86559013296	2814.65767666337	82.389719329753	28251.6550976714
125.89	493.832369187294	3459.77895202484	3494.84489008185	81.8767427517716	28253.022124668
100	659.114045240793	4271.01831155846	4321.57711284912	81.2271804012787	28254.3941476645
79.433	880.628815888055	5251.55940040329	5324.88340222925	80.4806942311118	28255.8461746608
63.096	1165.36660941116	6426.7090965372	6531.51354173322	79.7221327284117	28257.2882016572
50.119	1507.02542423125	7824.85466048091	7968.65585195704	79.0986167082428	28259.0202326528
39.811	1916.31451976189	9500.39019610199	9691.73231248372	78.5959443345931	28260.542264649
31.623	2371.93394403196	11526.1717563052	11767.697565399	78.3716185308542	28262.1492916449
25.119	2860.72555928607	13976.0909981293	14265.863812386	78.4320795581212	28263.701322641
19.953	3378.47324532097	16996.2849532274	17328.8136835922	78.7574521861781	28265.6083566362
15.849	3924.72049311994	20709.2795925851	21077.8958198625	79.2688518756047	28267.5453926313
12.589	4484.93090225306	25358.147601661	25751.7039239272	79.9701890208747	28269.5924306261
10	5088.73827365813	31147.2223408486	31560.1761206754	80.7211675364677	28271.8694706204
7.9433	5713.91966424862	38377.235022869	38800.2712094904	81.5315409890125	28274.1615156146
6.3096	6435.37986284077	47481.0275775008	47915.1551577833	82.2814038181048	28276.5685606085
5.0119	7192.72453690987	58798.9162498891	59237.2166667656	83.0258000376671	28278.9256036026
3.9811	8018.06482066302	73030.1410001685	73468.9788820619	83.7345236584645	28281.2926465966
3.1623	8901.29211724553	90871.6057762214	91306.5262602051	84.4054624684795	28283.8146935902
2.5119	10179.7576631063	113162.994845552	113619.940452783	84.8597024094365	28286.4317405836
1.9953	11291.5170307726	141208.456335108	141659.191362228	85.4281589068948	28289.1087925769
1.5849	12857.9080338372	176220.051391166	176688.517768733	85.8268049589993	28294.6848955628
1.2589	14682.2047861745	220224.041693881	220712.92594085	86.1857692344656	28297.4869455557
1	16985.051795897	275033.253674161	275557.222026759	86.4661094002805	28302.4710425431
0.79433	19911.1660750079	344292.061161393	344867.333786816	86.690145950229	28305.6180965352
0.63096	23757.9116445047	430959.953049508	431614.31799483	86.8445986580484	28309.1201625263
0.50119	28724.8328016735	539458.684999661	540222.906623782	86.9520207608789	28312.8972315168
0.39811	35372.2727938848	675649.112364593	676574.401467915	87.0031287810004	28317.164311506
0.31623	44092.4119853734	846016.039457819	847164.257871271	87.0165749208868	28321.926400494
0.25119	56112.3555856847	1059476.91702726	1060961.79674999	86.9683151024081	28327.3485004803
0.19953	71664.0500039466	1326657.95902102	1328592.14068757	86.9079740959987	28333.6106174645
0.15849	94788.5290572842	1661300.00869113	1664001.97839966	86.7344244704415	28340.8927524461
0.12589	123359.485108946	2080576.48220113	2084230.32816788	86.606847653731	28349.3949094247
0.1	165959.282222505	2601938.96026015	2607226.2725501	86.3504512385801	28370.2742943719
