Frequency (Hz)	Z' (Ω)	-Z'' (Ω)	Z (Ω)	-Phase (°)	Time (s)
10000	94.4682623030916	51.2721051996532	107.485261102023	28.4906419308952	55585.9052116591
7943.3	95.0529393773711	62.9593530774281	114.012900253464	33.5189351645943	55587.2022356558
6309.6	95.1865471261169	78.155651958151	123.16162018582	39.3886909403196	55588.5792596523
5011.9	96.2930352667738	96.1299972139754	136.063679963637	44.9514538879803	55589.9862846488
3981.1	97.0309775418852	119.349058863543	153.815501346084	50.8888335034492	55591.3483096453
3162.3	98.3283889433727	149.497933580355	178.936033869636	56.6661179122539	55592.7753356417
2511.9	99.0587703264462	187.541594496418	212.095472947554	62.1571530010062	55594.1873646382
1995.3	98.3319669984607	235.424290305845	255.134811814846	67.3306923294341	55595.5493866347
1584.9	102.92947025626	296.968448895066	314.300390528513	70.8836482025618	55596.9764156311
1258.9	105.596248118117	370.097019247943	384.866692859794	74.0754683586091	55598.3184406277
1000	109.032616418241	465.406677403793	478.007831332339	76.8148828349745	55602.4315156174
794.33	114.778852329124	583.648578137748	594.827578130172	78.8743323574185	55603.8185406139
630.96	123.272673788999	732.029280716609	742.336190637076	80.4411569345738	55605.2105656103
501.19	135.594084233817	918.658332589014	928.611268354221	81.6037585101886	55608.1616256029
398.11	154.021519510955	1150.24275911756	1160.50895445698	82.3732620877367	55610.2906635975
316.23	180.714407692788	1440.29062258156	1451.58354036002	82.848425687371	55611.5926855942
251.19	219.850166729959	1800.61862001184	1813.99049350997	83.038811369891	55613.0247105906
199.53	277.145529083974	2245.12092019072	2262.16214948648	82.9628106625346	55614.4217385871
158.49	359.822517341081	2801.34399464394	2824.35840861484	82.6806412503085	55618.2498115774
125.89	476.545157472537	3474.3239864804	3506.85363968096	82.1899321051018	55619.6318345739
100	636.802652622602	4296.29027790298	4343.22780549108	81.5689177064852	55621.0088605705
79.433	852.309611915566	5287.82236878098	5356.07104866469	80.843619460259	55622.5058855667
63.096	1129.39678438812	6477.49727467488	6575.21923893088	80.1095066281122	55624.0579175628
50.119	1465.46158426621	7900.43953556861	8035.20519402806	79.4915748889828	55625.8349475583
39.811	1864.09218435742	9597.44985232119	9776.8033292893	79.0084167000606	55627.4719775541
31.623	2306.45528791156	11664.7775673911	11890.6169601011	78.8152811224795	55629.1790105498
25.119	2783.2824661892	14170.6303352424	14441.3789294752	78.887871249435	55630.8310425457
19.953	3289.48607169569	17232.165970942	17543.3253024041	79.1927028128613	55632.7780785407
15.849	3817.07177049143	21045.1534132832	21388.5137185758	79.7197167009508	55634.8401165355
12.589	4370.09532965667	25784.191275038	26151.9072516333	80.3805024241983	55636.9671565302
10	4967.20147598848	31687.4830554453	32074.4395569462	81.0910451623002	55639.3191985242
7.9433	5604.80203137804	39119.9099154752	39519.3769890902	81.8465843079834	55641.7262425181
6.3096	6247.10471699292	48375.4929618253	48777.1938168309	82.6416726647661	55644.2132905119
5.0119	7010.05835438999	59981.7231645035	60389.9663182146	83.3340868304936	55646.7653385054
3.9811	7831.55665768112	74560.9936757293	74971.1615062393	84.0038911292406	55649.2423814992
3.1623	8780.17079587494	92789.3007957809	93203.7860892713	84.5944922702857	55651.8544304926
2.5119	9963.50406136772	115639.238595722	116067.673863911	85.0755438073131	55654.4264794861
1.9953	11107.0995495714	144526.884410555	144953.054392882	85.6053748732025	55659.6325774729
1.5849	12707.9052131177	180430.885466748	180877.846308552	85.9712608341812	55662.3046264662
1.2589	14555.5240237918	225294.950628392	225764.65192376	86.3034561632693	55665.3416814585
1	17046.5265983048	281922.948653207	282437.839260934	86.5398121691356	55670.5007784455
0.79433	20166.0530028284	352756.117987231	353332.065444298	86.7281261727483	55673.6778364375
0.63096	24245.9150750284	441531.706126068	442196.915313101	86.8568626918024	55677.2999004283
0.50119	29712.7311251712	552988.726477336	553786.401062668	86.9243882737652	55681.1569734186
0.39811	36947.2417922078	692274.007151219	693259.258613441	86.9449748982491	55685.4590524077
0.31623	46772.5351600132	866956.541647556	868217.320231971	86.9118713247229	55690.3311443954
0.25119	59977.1622435713	1085947.33403037	1087602.3502542	86.8387504743859	55695.8682443814
0.19953	77524.0909375252	1359693.18581123	1361901.44438471	86.7367642334398	55702.2003613655
0.15849	103383.618624341	1701646.54893325	1704784.19458192	86.5232656798428	55709.5624983469
0.12589	140850.661603749	2128594.13593061	2133249.14259736	86.2142145374479	55718.1446593252
0.1	189099.459142057	2662250.71899532	2668958.1293529	85.9371088865746	55739.209051272
