Frequency (Hz)	Z' (Ω)	-Z'' (Ω)	Z (Ω)	-Phase (°)	Time (s)
10000	97.3815972426391	51.6825870720384	110.246384466732	27.9558899994043	27674.6174171283
7943.3	98.1327306645494	62.9750847450488	116.601432779907	32.6896588497628	27675.8044351253
6309.6	98.1822759946067	77.6237787181162	125.160738020995	38.3302093727982	27677.0914611221
5011.9	99.82163095994	96.3255691402945	138.719044394431	43.9788873893079	27678.4084841187
3981.1	99.0656736278174	119.107689730785	154.921429906705	50.2486198553675	27679.6905071155
3162.3	100.161053933166	149.797444588258	180.19853254168	56.2315992288545	27680.9825321122
2511.9	101.765602473372	188.351728599021	214.085523828697	61.617844241691	27682.249556109
1995.3	101.965258518695	235.961610809358	257.050181327559	66.6295491200453	27683.5215791058
1584.9	104.965457501966	295.298545155461	313.399071535844	70.4319696408277	27684.7686021027
1258.9	107.482390825698	373.543855357511	388.699724997281	73.9475147343513	27686.0256250995
1000	112.45061020916	464.5945376999	478.009648644247	76.3937831397754	27689.8986990897
794.33	118.490154403518	582.269227821962	594.203138967604	78.4975299566258	27691.2057200864
630.96	127.435193485067	730.50409601139	741.536218149858	80.1044284727735	27692.4977440832
501.19	140.410154380966	916.513257068076	927.206321071432	81.2899873823327	27695.353799076
398.11	159.551402779585	1146.4440386604	1157.49323277024	82.0769977069493	27697.3578350709
316.23	187.573054658855	1435.04821377091	1447.25499711735	82.5531699044912	27698.5698580678
251.19	229.097183021485	1793.81863673947	1808.38901256954	82.7218817835042	27699.8868840645
199.53	288.592932067773	2236.7647205675	2255.30536637833	82.648171691511	27701.1789070612
158.49	375.327599721261	2786.14915265932	2811.31604555176	82.3277612050514	27704.9019750518
125.89	496.869627764124	3456.69318768545	3492.22095818484	81.8202576019477	27706.2089990485
100	664.252592453896	4265.77966070156	4317.18746642265	81.1491779702269	27707.5610230451
79.433	887.525009729021	5242.4683357565	5317.06449973141	80.3912040316485	27708.9480510416
63.096	1174.48898480513	6408.9936982518	6515.72134146787	79.6154079662863	27710.395075038
50.119	1524.67685058653	7806.06678865493	7953.57266941441	78.9481581364487	27712.1021080337
39.811	1929.36982329245	9467.41834652983	9662.01211255923	78.4813945250826	27713.6141370299
31.623	2385.79970982948	11477.1464007602	11722.4967374662	78.2569394604024	27715.2661680257
25.119	2878.23463599148	13928.8132422506	14223.0824000045	78.3247879661086	27716.8081960218
19.953	3393.52415089503	16919.5047012714	17256.4667733303	78.6587365374984	27718.6652300171
15.849	3938.90198881342	20624.9329653422	20997.6857939711	79.1879770567967	27720.6072660122
12.589	4518.15262299958	25231.4232844111	25632.760758097	79.8477318219456	27722.5443000073
10	5097.88579188816	30982.9125221804	31399.5112685567	80.6563510944674	27724.8163430016
7.9433	5735.6718873507	38207.3315831606	38635.4515788922	81.4625289784644	27727.1083869958
6.3096	6461.72162598098	47196.2288357402	47636.5181629307	82.2040009744516	27729.40042999
5.0119	7173.97951065229	58476.580776155	58914.9936882746	83.0058319344513	27731.8074739839
3.9811	7985.28962164628	72665.6792428493	73103.1175133197	83.7288834841582	27734.2145179778
3.1623	8903.71303317557	90401.9047974505	90839.3114063754	84.3750611609348	27736.7465629714
2.5119	10088.3349489653	112585.258770104	113036.343688098	84.8796191571183	27739.2436109651
1.9953	11365.5593099294	140469.569375099	140928.619729469	85.3742074587504	27741.9006589584
1.5849	12810.2114564094	175599.946000295	176066.585565986	85.8276003037908	27747.5067669443
1.2589	14581.4422360057	219494.728997853	219978.531942376	86.1993195032491	27750.2388149374
1	16845.3692273139	274114.591330522	274631.709102761	86.4833820213332	27755.2429089247
0.79433	19774.1652735724	343032.042494169	343601.513078723	86.7008220242124	27758.3449649169
0.63096	23455.3079781853	429336.338784131	429976.561306443	86.8729515112772	27761.8270289081
0.50119	28469.8012563993	537630.538845581	538383.809083231	86.9687783905734	27765.5790968987
0.39811	34870.2310619367	673332.928018137	674235.244531009	87.0354430111339	27769.7461768881
0.31623	43660.6585978012	843318.094858194	844447.548533624	87.036302185082	27774.5232648761
0.25119	55593.6627224741	1055707.93669132	1057170.70661646	86.9855841101909	27779.9503628624
0.19953	70883.9308178913	1322086.11030359	1323984.97525685	86.9310129166371	27786.1974808466
0.15849	91451.7660211233	1655893.85641333	1658417.28440576	86.838877949617	27793.3996128284
0.12589	122597.943511388	2072352.72351164	2075975.93107419	86.6143951732407	27801.9067708069
0.1	161669.205184847	2596181.68123609	2601210.53624864	86.4366832635139	27822.9311637539
