Frequency (Hz)	Z' (Ω)	-Z'' (Ω)	Z (Ω)	-Phase (°)	Time (s)
10000	96.4399926035285	51.3838420907211	109.27475189344	28.0489751721916	34333.5307113162
7943.3	96.9887728096422	63.4687885411316	115.909918341785	33.2004607923792	34334.7627323131
6309.6	97.7266319366974	77.4534179846959	124.697740746185	38.3986474921138	34336.0647533098
5011.9	97.8554544049243	95.9005612816828	137.013165830646	44.4219362711029	34337.3667783065
3981.1	98.3740440104039	121.538702209175	156.362107524974	51.0131154806533	34338.6588023032
3162.3	99.4267091937842	151.526969858692	181.234911359987	56.7285122911411	34339.9658252999
2511.9	100.258616301424	186.490523720924	211.732155282046	61.7372128571492	34341.2728522966
1995.3	102.409230786247	234.812311753822	256.172739184725	66.4364297683953	34342.5848752933
1584.9	103.919434204681	296.620129132747	314.29723163297	70.6923363633706	34343.8719002901
1258.9	107.94898970546	369.255004883586	384.710596435823	73.7041068624358	34345.1639242868
1000	111.692106044669	464.35331750769	477.597246676623	76.4754170049038	34349.1170002768
794.33	117.798474019014	582.763193717072	594.549762789062	78.5723398199074	34350.5140232733
630.96	126.588784020501	730.494481189086	741.381755432045	80.1687401970073	34351.8610482699
501.19	139.559221107984	916.027047682765	926.597176923537	81.337444923728	34353.1930732665
398.11	158.584830798616	1148.57980674004	1159.47605452222	82.1388529520159	34356.0491252593
316.23	186.52053386521	1437.57246282035	1449.62219057682	82.6073503299322	34357.2611482563
251.19	227.532366002007	1796.89375147935	1811.24215158659	82.7833070107366	34358.5931702529
199.53	286.866735500651	2241.4036993582	2259.68649759949	82.7066320969789	34359.9101952496
158.49	372.468034925986	2789.09080034046	2813.85144056779	82.393463311784	34361.2572202462
125.89	493.977521074792	3459.39175173916	3494.48209085812	81.8734896385595	34362.6442472427
100	660.337297597577	4272.01863776178	4322.75243195612	81.2131787192461	34363.9962712393
79.433	881.290868830283	5253.37248411399	5326.78102162363	80.4768963470061	34365.3932962357
63.096	1165.73447487479	6425.72024071572	6530.60621059449	79.7174091476521	34366.870326232
50.119	1507.37730565118	7819.7676899017	7963.72733496211	79.0892092380269	34368.5923562276
39.811	1916.00723574934	9497.03366830288	9688.38130052292	78.5938008074902	34370.1243862238
31.623	2364.88021480576	11515.4887579583	11755.8130201634	78.3947967710106	34371.7514172197
25.119	2850.9734368105	13979.2556257278	14267.0122095287	78.472996733842	34373.3084432157
19.953	3369.71015645218	16987.2242987006	17318.2197674259	78.7800434714234	34375.180479211
15.849	3896.19861062174	20720.3775848676	21083.5104020392	79.3506221365128	34377.1175142061
12.589	4469.25884357544	25361.0717419978	25751.8588555008	80.0056582613695	34379.0795522012
10	5058.6819944898	31152.8542276403	31560.9028712738	80.7766664045549	34381.3565921954
7.9433	5692.81194830384	38362.6058765685	38782.697656554	81.5592018167519	34383.6586381896
6.3096	6382.50885003561	47450.4967547227	47877.8243186836	82.3391946029932	34385.9806811837
5.0119	7111.23666802955	58847.3751025178	59275.4860242003	83.1096710482978	34388.3877251777
3.9811	7921.61728379854	73057.3996969745	73485.6154010733	83.8115928838758	34390.8597691714
3.1623	8862.94926003363	90950.8381309462	91381.6547579847	84.4342317432541	34393.3018141653
2.5119	10031.2028318084	113361.605415433	113804.563232839	84.9431514858435	34395.8938611587
1.9953	11167.2321187428	141516.956932638	141956.881385398	85.4880874153559	34398.565911152
1.5849	12729.9450919723	176772.175350234	177229.945212705	85.8810530322706	34404.0420141381
1.2589	14442.6768728296	221053.827990175	221525.135784549	86.2618608427232	34406.7890631312
1	16777.3990485585	276053.278843406	276562.640063747	86.5220727713265	34411.8281581185
0.79433	19777.6768416708	345527.458081165	346093.023317842	86.7240163867217	34415.0202161104
0.63096	23572.2149998519	432493.668314641	433135.570522965	86.8802931304288	34418.5522831015
0.50119	28808.9648848856	541806.474672024	542571.85003856	86.9563317942123	34422.3493530919
0.39811	35401.128945005	678505.161498345	679428.063970334	87.0132906142472	34426.5214290814
0.31623	44462.3218767503	849851.510443117	851013.800046226	87.0051439904969	34431.2935170693
0.25119	56249.7533125723	1064235.93813158	1065721.43018639	86.9744703964942	34436.7156170556
0.19953	73347.6173196403	1331889.92769707	1333908.03748511	86.8478864789796	34443.7877480378
0.15849	97626.5654203249	1668588.31567873	1671441.86662156	86.6515284481343	34451.0798830194
0.12589	131047.430128979	2087615.60089374	2091724.72520605	86.4080430139213	34459.5870409979
0.1	175236.21626905	2606626.38879067	2612510.06930733	86.1539517744923	34480.541430945
