Frequency (Hz)	Z' (Ω)	-Z'' (Ω)	Z (Ω)	-Phase (°)	Time (s)
10000	99.0121125613982	50.9677353640656	111.360264376538	27.2377170296606	9493.22177703192
7943.3	98.9231674981842	62.889583117683	117.221554044424	32.445822070849	9494.35379302906
6309.6	100.953396647544	77.1647277393445	127.066846587785	37.3928457831464	9495.58081802596
5011.9	101.590695400305	96.2303677260717	139.931958696405	43.4478446670619	9496.81783902284
3981.1	101.470531342784	119.966053654376	157.124545378472	49.774555579675	9498.02486401979
3162.3	101.741176898207	150.022454246218	181.26776838338	55.8559394897474	9499.23188401674
2511.9	104.631444953661	186.815123012982	214.120595598477	60.7476771888607	9500.45390601366
1995.3	103.498299629816	232.250226213985	254.26770460031	65.9806832278016	9501.66093101061
1584.9	107.684572057843	292.858116173734	312.02859367069	69.8114141357263	9502.82795300767
1258.9	111.760831062893	370.749027015963	387.227742282435	73.2247743379352	9504.01497400467
1000	115.542049441301	462.923444774399	477.124806430028	75.9857531139591	9507.87304699493
794.33	122.107894478486	580.430782275504	593.135929536327	78.1196658910329	9509.11006899181
630.96	131.673088754352	727.705148669404	739.521862896609	79.7437054830612	9510.31208898877
501.19	145.782069507724	911.96391065735	923.542411658177	80.9178189639383	9511.54411398566
398.11	166.312264144894	1143.03744294328	1155.07331593077	81.721541273536	9514.32516497864
316.23	196.616073731089	1429.86620665711	1443.32091005064	82.1705510492918	9515.44718697581
251.19	240.859408685386	1784.87716031046	1801.05517187847	82.3146735899121	9516.69420897266
199.53	305.150671371966	2224.80056695664	2245.63008863199	82.1901186468775	9517.9462299695
158.49	396.729488549253	2765.18850645105	2793.5034926224	81.8353284988714	9519.23325396625
125.89	526.407363360908	3423.54759473502	3463.78158168446	81.2586160177176	9520.54027996295
100	703.045589027861	4220.56369869823	4278.718386973	80.5427194658754	9521.81230195974
79.433	937.920730763797	5176.59399415887	5260.87641724819	79.7302800145282	9523.1343279564
63.096	1237.04300631935	6318.91043931938	6438.85894702028	78.9233836415783	9524.51635395291
50.119	1596.43197154455	7669.28519952904	7833.67924486858	78.241275633744	9526.16838394874
39.811	2022.09368890401	9281.86543119741	9499.57308354238	77.709901688406	9527.61540894508
31.623	2490.35525683976	11223.6455101819	11496.6120158721	77.4896219604473	9529.17243994115
25.119	2990.19284768515	13577.2066459493	13902.5822627725	77.5796718118915	9530.63946493745
19.953	3520.08488920649	16458.4785768607	16830.701550803	77.9276513992878	9532.42649893294
15.849	4079.21802060647	20054.3978410366	20465.0651703388	78.5024563324387	9534.29353592822
12.589	4654.26927722569	24471.8427772496	24910.5060450275	79.2315952966722	9536.17056792348
10	5253.80358303818	30005.9668430409	30462.4440627277	80.0686421509778	9538.35760891796
7.9433	5892.9744208057	36932.5874872832	37399.7749462493	80.9342893574991	9540.56965091238
6.3096	6565.22696928164	45631.3482915499	46101.2163837672	81.8127326825292	9542.90169290649
5.0119	7284.56684575166	56465.1056704727	56933.0578180012	82.64887149533	9545.19873590069
3.9811	8111.83417236483	70094.9776850281	70562.79295992	83.3987348113873	9547.52077989483
3.1623	9004.54162114414	87190.1734179114	87653.9109820684	84.1036972210069	9549.94282488871
2.5119	10147.1687798736	108557.422675436	109030.633549386	84.6599180579287	9552.47486888232
1.9953	11144.5127756311	135413.231226445	135871.054151327	85.2951590250878	9554.99691887595
1.5849	12586.5628713614	169182.246273171	169649.798169496	85.7452341897915	9559.06599686568
1.2589	14270.7330219345	211628.259873615	212108.873454454	86.1422127807536	9561.73304085894
1	16257.259955222	264217.061027908	264716.742650473	86.4790330201768	9566.6621358465
0.79433	18838.6753388174	330676.736714512	331212.922291205	86.7393801855586	9569.77418983864
0.63096	22111.9710987173	414058.445419232	414648.448072414	86.943136120381	9573.22625682993
0.50119	26512.4895898126	518445.512327629	519122.973250951	87.0725339177578	9576.94332482054
0.39811	32145.3741818068	649033.867569709	649829.428645536	87.164569391505	9581.05040081017
0.31623	39507.9689087465	813093.974699281	814053.248442366	87.2182047662377	9585.78248779823
0.25119	49279.4476140331	1018335.3970736	1019527.06922876	87.2294948831482	9591.14458778469
0.19953	62390.542866197	1275799.48107082	1277324.1153833	87.2002894935987	9597.29170176917
0.15849	80511.6674928248	1598840.38204659	1600866.23297056	87.117232218371	9604.51383275093
0.12589	105159.569960834	2004231.23527411	2006988.13638813	86.9965144377537	9612.96099072961
0.1	139948.42272132	2509944.52878872	2513843.09347632	86.8086307079337	9623.07317870407
