Frequency (Hz)	Z' (Ω)	-Z'' (Ω)	Z (Ω)	-Phase (°)	Time (s)
10000	91.5623876679109	50.9129487584287	104.765448439489	29.0760961585708	77521.7593662764
7943.3	92.2554681642454	63.6216336164204	112.065979093685	34.5910987739619	77523.111390273
6309.6	93.1933145466024	77.3230497364187	121.094375991301	39.6826968747697	77524.5934192692
5011.9	92.8784752565332	94.9917012615763	132.852679591143	45.6444547366459	77526.0304462656
3981.1	94.0042042877672	119.925515627665	152.377556491557	51.9087027666493	77527.4824712619
3162.3	95.145493746061	149.941176395965	177.581027587937	57.6027433375895	77528.9094972583
2511.9	96.1987167159095	187.714768781582	210.928963199724	62.8660937909526	77530.3565262547
1995.3	97.4205496536815	236.692565046491	255.957289099398	67.6283710842714	77531.8335532509
1584.9	97.1290474754626	294.575654763426	310.175544237117	71.7513044641462	77533.2755782473
1258.9	105.321777539558	370.974299467296	385.635329928863	74.1504449398599	77534.7076072437
1000	106.287380040343	465.993159930348	477.960910805174	77.151332295397	77538.9056842331
794.33	111.872522610743	584.402592134495	595.014160343103	79.1629438270549	77540.4277122292
630.96	120.086685940191	732.843313333387	742.617084396497	80.6939856416175	77541.9397402254
501.19	132.17340762452	919.311323552244	928.764296952923	81.8184020169498	77543.4217672217
398.11	149.774204794393	1153.45047825091	1163.1338350332	82.6016050186631	77546.447824214
316.23	175.837263471927	1443.70099701489	1454.36973016048	83.0557957483728	77547.8198492106
251.19	214.0637331958	1805.78972969891	1818.43334487568	83.2395355818352	77549.2868772069
199.53	269.757713943195	2254.96805494684	2271.04604820391	83.1782290694875	77550.7289022032
158.49	349.439015404808	2808.22991550699	2829.88743306787	82.9069217118747	77552.2859301993
125.89	462.078169136303	3487.63945410311	3518.11671156729	82.4528240949922	77553.8279591954
100	619.458436377147	4313.20441302684	4357.46039143823	81.8271197228572	77555.3399861916
79.433	829.036358960597	5313.10560240076	5377.39643570576	81.1313038675505	77556.8770151877
63.096	1096.1078099818	6514.18311206494	6605.75763623032	80.4486086336951	77558.5190481836
50.119	1435.63742468414	7953.48369731461	8082.01446043021	79.7680453383898	77560.3760821789
39.811	1816.78657423296	9682.4161412074	9851.39055097435	79.3727216396615	77562.9301311724
31.623	2254.11150048887	11773.8072371437	11987.6417828551	79.1617944480711	77564.6321611681
25.119	2720.3298416595	14309.9468138476	14566.2202462605	79.2364684719182	77566.3241921639
19.953	3222.16790366302	17430.4262311987	17725.7475047079	79.5266037726674	77568.3612301587
15.849	3741.70164079612	21293.7938250966	21620.0366936427	80.0338466127581	77570.4682701534
12.589	4290.20531210277	26119.9631917246	26469.9516198471	80.6724499690276	77572.5803081481
10	4874.82899694185	32117.5011207063	32485.3480201151	81.3694577745445	77575.0073511419
7.9433	5507.89147973906	39685.3784343422	40065.772550015	82.0984558252863	77577.4593981357
6.3096	6190.62273543769	49135.4277176455	49523.8737060065	82.819082690788	77579.9364421295
5.0119	6902.52362353763	60937.1286746013	61326.8170010348	83.5374881284795	77582.508490123
3.9811	7737.9825914543	75693.0034869417	76087.496682831	84.1630152168282	77585.1205381164
3.1623	8615.61197962108	94265.8019349251	94658.7036897185	84.7778460333827	77587.8025881096
2.5119	9966.63584282528	117523.990898609	117945.844635408	85.1526231196091	77590.4646401029
1.9953	11128.3364300611	146804.088776275	147225.270769434	85.66504156926	77594.6787200923
1.5849	12845.4888564034	183374.459428535	183823.825862339	85.99294267745	77597.5257700851
1.2589	14428.77251998	229500.322296299	229953.446181045	86.4025274636584	77600.5878260773
1	17264.2213064298	286619.869564804	287139.344163531	86.5530186557175	77605.7669230643
0.79433	20614.3037760994	358579.475538244	359171.53255437	86.7097559087753	77609.0739840559
0.63096	24954.4053348258	449015.032619605	449707.92950981	86.8190089896989	77612.7310490467
0.50119	30633.0584431856	561912.341982867	562746.714199429	86.8795678923335	77616.7181250366
0.39811	38447.3245307572	703841.853813892	704891.163190283	86.8733284397571	77621.0502060257
0.31623	48968.3140513378	880877.945881991	882237.978848285	86.8181823957293	77626.0522990131
0.25119	62750.9374173711	1101896.58023671	1103681.90783582	86.7406335673609	77631.6694019989
0.19953	84785.600059438	1380032.21612884	1382634.26672816	86.484314849681	77638.0015199829
0.15849	112230.44600858	1726728.7561129	1730372.17678697	86.2812347818606	77645.468655964
0.12589	150440.863763353	2161081.76258647	2166311.8053673	86.0178539759312	77654.1358169422
0.1	203932.563918581	2696852.88332751	2704552.45187412	85.6755965306191	77675.3202128887
