Frequency (Hz)	Z' (Ω)	-Z'' (Ω)	Z (Ω)	-Phase (°)	Time (s)
10000	98.2468515341168	50.7693017245126	110.589175934905	27.3277708214484	21379.4128550222
7943.3	98.9159735789713	63.1017383289282	117.329447323373	32.5351367248103	21380.6048750192
6309.6	99.1475762345344	77.7896854358293	126.021732385284	38.1171932020185	21381.8919000159
5011.9	99.8034775995348	96.2823177328576	138.675949064615	43.9712364536198	21383.1939260126
3981.1	101.285587317368	119.937284638039	156.983191598878	49.819312228538	21384.4509480095
3162.3	101.166022859308	150.274034364674	181.154214925861	56.0511552896418	21385.7029710063
2511.9	101.090551659662	187.788627237411	213.269473095814	61.7054893012699	21386.994996003
1995.3	104.936669189547	234.170956197846	256.60814731261	65.861898457648	21388.2620159998
1584.9	104.890442366349	295.147355595276	313.231490138991	70.4356362939092	21389.4890419967
1258.9	111.222443188009	367.867759779412	384.31383081257	73.1776469844886	21390.7410619936
1000	113.663677313587	463.919485793155	477.640786406514	76.2333027967451	21394.6591359837
794.33	119.943809457375	581.573466802092	593.813282703705	78.3466997652985	21395.9961619803
630.96	129.138428663697	729.503223177691	740.845251307159	79.9613601552727	21397.308185977
501.19	142.609865071834	914.441828492445	925.49523570487	81.1359578783863	21398.6302109737
398.11	162.437136424159	1146.41316159041	1157.86396453012	81.9353523275444	21401.4512639665
316.23	191.390372959413	1433.60863803098	1446.32776433925	82.3958322042575	21402.6532869635
251.19	233.952988963086	1791.70878927146	1806.91847812716	82.5606734023555	21403.9603079602
199.53	295.930859958045	2234.44141054212	2253.95285909465	82.455616410009	21405.2473319569
158.49	384.49846154604	2778.67038507517	2805.14672982093	82.1217268309843	21406.5693579536
125.89	508.821967753278	3442.47633085186	3479.87687761271	81.5921606237697	21407.9513819501
100	680.61580502819	4249.27505660947	4303.43773985143	80.9001023471512	21409.2684069468
79.433	908.647194603583	5217.33534714123	5295.86894180646	80.1205013455684	21410.6504319433
63.096	1200.06199539268	6375.91450007551	6487.86825583403	79.3406076388781	21412.0774569397
50.119	1553.34844677366	7748.8971383872	7903.05626061206	78.6646952296493	21413.7844909354
39.811	1968.3545180407	9395.8671800518	9599.8301846369	78.1681268351807	21415.2965189316
31.623	2430.0954973594	11380.1420106578	11636.7089982102	77.9461960873884	21416.8785489276
25.119	2921.6446283361	13784.14815841	14090.3778440212	78.0328796052039	21418.4055749237
19.953	3446.2013306472	16730.905428036	17082.1397972631	78.3610992708072	21420.277609919
15.849	3986.78508812334	20386.2251891759	20772.4007472096	78.934735390875	21422.1646439142
12.589	4565.43975591286	24919.6897194424	25334.4464292819	79.6181939108999	21424.0616809094
10	5163.14254801383	30587.8841033775	31020.5850185448	80.4189597165595	21426.3337239037
7.9433	5807.31400072567	37674.8411381896	38119.7921123771	81.2372222658397	21428.600763898
6.3096	6475.14471380135	46550.8524194879	46999.0357352745	82.0810659936043	21430.8678078923
5.0119	7211.18876368527	57666.6094201063	58115.7387064519	82.8721832467209	21433.2248498863
3.9811	8019.37658180527	71630.4494818754	72077.955671178	83.6120592742884	21435.6418958802
3.1623	8928.71479010042	89049.3358463354	89495.8443866328	84.2742575492496	21438.1439398739
2.5119	10155.3694481396	111035.275808837	111498.717492951	84.7742240754688	21440.6309888676
1.9953	11229.9266366698	138481.633423277	138936.222950834	85.3638435228666	21443.2830348609
1.5849	12748.4311784462	173043.23935562	173512.204712516	85.7865207204817	21448.6341368474
1.2589	14417.1933815497	216440.144516506	216919.781539921	86.1891271706747	21451.3261868406
1	16618.9080351146	270333.45100471	270843.79785477	86.4821353968938	21456.320279828
0.79433	19393.9195558521	338355.527858256	338910.884080134	86.7195002009363	21459.4023368202
0.63096	23065.5651583851	423513.561688375	424141.19963763	86.8826140971036	21462.9094008114
0.50119	27647.8379625068	530216.856569894	530937.207148699	87.0150495984438	21466.6664708019
0.39811	33750.2165769424	664257.180547332	665114.034604354	87.0913622362665	21470.8985477912
0.31623	42270.4298648345	832100.778187073	833173.747966467	87.0918941842377	21475.6706367791
0.25119	52560.4645103637	1041913.46267762	1043238.35538117	87.1120997764867	21480.9977337657
0.19953	67678.1864690502	1304842.51314633	1306596.46449765	87.0309038835131	21487.22984975
0.15849	88916.0572298393	1635439.9093201	1637855.23237868	86.8879907952855	21494.5069867316
0.12589	117317.014016024	2048816.19666617	2052172.28553045	86.7227720410045	21503.05914271
0.1	155496.691757989	2562184.57702662	2566898.71788911	86.5270300191912	21513.2513326843
