Frequency (Hz)	Z' (Ω)	-Z'' (Ω)	Z (Ω)	-Phase (°)	Time (s)
10000	95.3172735235484	50.7371594718581	107.979822111521	28.0262673110713	50683.2224350372
7943.3	95.4824567458968	63.2259515561728	114.518210326636	33.51146997331	50684.5244570339
6309.6	96.1919903781113	76.9983962288242	123.213846765344	38.6760771197195	50685.9064810304
5011.9	96.4366503251033	96.1878172629113	136.206180901343	44.925985122685	50687.2735070269
3981.1	97.992176077523	119.934536075638	154.87659447472	50.7495559633677	50688.6205320235
3162.3	97.6176674396496	149.824740564869	178.820194278186	56.9139178238457	50690.00755802
2511.9	98.6349979324018	189.771267515972	213.873787060836	62.536516249323	50691.3645860166
1995.3	99.5077844399665	235.678381470454	255.824351180031	67.10962692352	50692.7266080132
1584.9	102.072671843358	294.833206842758	312.002324020874	70.9039009087285	50694.0436350098
1258.9	106.974133740054	370.416413765499	385.553867671339	73.8915861466758	50695.3756590065
1000	109.765777785448	465.218567328011	477.992511823743	76.7241740746082	50699.518734996
794.33	115.606384544077	583.427171663964	594.770628715949	78.7919966195277	50700.8857589926
630.96	124.175674073976	731.920582960281	742.379510622865	80.3710391911602	50702.2427879891
501.19	136.680023482677	917.436622649901	927.56206552364	81.5263793446493	50703.6448109856
398.11	154.930859475788	1150.28562914383	1160.67247741674	82.3290511229489	50706.6208669781
316.23	182.143726473465	1440.76465614791	1452.23246468967	82.7948009788885	50707.8928909749
251.19	221.789554040769	1800.54029611105	1814.14882636494	82.9777119164973	50709.3049149713
199.53	279.251195580658	2246.86024137495	2264.14711856467	82.9153191419023	50710.6919429678
158.49	362.310151070211	2797.42713676608	2820.79195104562	82.6203884901175	50712.1389669642
125.89	479.421997169973	3471.74335590372	3504.68934152973	82.1376038246305	50713.5759959605
100	642.38148165705	4291.81962617541	4339.62782639253	81.4874025075782	50714.9980199569
79.433	858.309713282366	5279.79756991643	5349.10814465461	80.7664914987178	50716.4600499532
63.096	1135.55661746265	6464.63407009288	6563.61047683886	80.0372476530044	50717.9770789494
50.119	1474.68083913976	7884.09907333852	8020.82924488131	79.4055343101052	50719.7991109448
39.811	1874.61779717591	9576.28671326613	9758.04586483207	78.9240552951735	50721.4011409408
31.623	2315.03812915935	11632.5540568527	11860.6793829469	78.7444127552891	50723.0781709365
25.119	2801.53448124651	14114.2779576665	14389.6295197577	78.7733140904668	50724.6951999325
19.953	3309.03526552148	17186.0564514036	17501.7213650342	79.1015352067088	50726.6672379275
15.849	3841.73355014766	20977.0711632344	21325.9567489416	79.6218787197532	50728.6592729225
12.589	4392.50572455724	25696.8772456697	26069.5916101363	80.2998742268536	50730.7063119173
10	4992.8510096047	31586.0312867241	31978.2102946682	81.0174928155792	50733.0633569113
7.9433	5623.62726207308	38933.5055801941	39337.552546463	81.7809368119827	50735.4254009054
6.3096	6323.4807488575	48176.6264125772	48589.852245898	82.522320666038	50737.9024478991
5.0119	7045.33073172081	59722.4912159456	60136.6164841191	83.2720377923927	50740.3794908929
3.9811	7848.08203020652	74208.9035839569	74622.7429319364	83.9630326303207	50742.9215378864
3.1623	8812.54863078335	92460.6014260776	92879.6200974245	84.555506149577	50745.4385838801
2.5119	10039.7477009203	115194.180207034	115630.859581121	85.0189733724516	50748.0956328734
1.9953	11145.2197545233	143741.108935684	144172.543576912	85.5663417154753	50750.8376838665
1.5849	12773.8220131611	179677.156437606	180130.650013616	85.9335021385691	50755.1867668555
1.2589	14644.0631399804	224763.100024264	225239.649524157	86.2722582398802	50758.0838208482
1	17014.5573437614	280618.899730815	281134.242040591	86.5302752739914	50763.2129178352
0.79433	20132.6526610413	351265.428221992	351841.903085959	86.719701595627	50766.3699718272
0.63096	24181.3389844376	439571.598069092	440236.217256254	86.851266996814	50769.9520378182
0.50119	29419.8053830359	550503.980499565	551289.540527155	86.9409327373778	50773.8091108085
0.39811	36613.788069977	689069.12274182	690041.176592393	86.9584407250216	50778.0661877977
0.31623	46772.4875118936	862337.505092809	863605.024463001	86.8953654595051	50782.9082787855
0.25119	63896.2614000615	1073838.31580105	1075737.63562652	86.5947624068706	50788.4153817716
0.19953	80968.2032769158	1348015.55481991	1350445.03256457	86.5626736516171	50794.6324967559
0.15849	94644.3389565395	1709413.91657702	1712031.97665339	86.8309662981849	50801.9046287375
0.12589	122481.460433245	2109013.33879479	2112566.91523942	86.6762670622118	50810.4717887159
0.1	167945.02934088	2655622.1789329	2660927.41165944	86.3813588357489	50831.5161796628
