Frequency (Hz)	Z' (Ω)	-Z'' (Ω)	Z (Ω)	-Phase (°)	Time (s)
10000	95.1043070908006	51.4870500008254	108.14687025064	28.4299860392583	48273.4018141214
7943.3	95.1143305457814	62.5599293038212	113.844106697146	33.3342794234931	48274.7138371181
6309.6	96.3521367803826	77.8928085838666	123.899248953448	38.9527005021861	48276.0658621147
5011.9	97.1656481874407	96.3497870674019	136.83729263479	44.7584424114424	48277.4078871113
3981.1	97.626677847245	120.110829599481	154.78236209131	50.8956178769106	48278.7649141078
3162.3	96.7494174763395	150.442885308179	178.867301432825	57.2550373675332	48280.1019391045
2511.9	98.7484485258801	189.104321524816	213.334714722263	62.4268716888404	48281.488963101
1995.3	99.2021118661249	235.686024695099	255.712653647171	67.1733894965692	48282.8459890975
1584.9	100.858137056385	294.829746196644	311.603823873941	71.1147252408581	48284.1930160941
1258.9	104.75986261857	371.283432245137	385.779750473752	74.2432666541763	48285.5350380907
1000	109.718005243648	465.051230596858	477.818676648681	76.7251416138265	48289.4781120808
794.33	115.623037684274	583.288257973549	594.637602858377	78.7878209813361	48290.8851380772
630.96	124.204995465017	731.478721694018	741.94878609617	80.3630993046757	48292.2321630738
501.19	136.81444765979	917.265945455407	927.413072897215	81.516611475353	48293.5991870704
398.11	155.315498839652	1150.53716513311	1160.9731575417	82.3118954875626	48296.505242063
316.23	182.459446439569	1440.19702233989	1451.70896282682	82.7796287099292	48297.7922640598
251.19	222.496631998749	1800.86589340742	1814.55854611773	82.9568098809139	48299.1842900563
199.53	280.785699766591	2247.91796425661	2265.38645339399	82.8801044913611	48300.5713190528
158.49	364.141489379331	2797.17702554629	2820.77973910254	82.5828458697852	48301.9583410493
125.89	482.311903339632	3469.53131137571	3502.89484465628	82.0858294034742	48303.4003680456
100	644.647438993324	4288.74524732031	4336.92357749283	81.4517841061821	48304.8073960421
79.433	861.620102897443	5275.36497874203	5345.26564921285	80.72384344708	48306.3094240383
63.096	1139.40788947052	6459.04441394575	6558.77313831722	79.9956633007585	48307.8214530345
50.119	1477.79186939993	7866.39555609675	8004.00198989501	79.360344082109	48309.57848503
39.811	1879.685681243	9564.98165870589	9747.92759470699	78.8820570777019	48311.170515026
31.623	2319.39286573594	11612.965780509	11842.3206123166	78.7052505590237	48312.8625450217
25.119	2804.80239593921	14098.2884398358	14374.5835909453	78.7481295215147	48314.4745750177
19.953	3314.05322708324	17155.2751419477	17472.4472810156	79.0662927356692	48316.4066120128
15.849	3849.23237994017	20933.2980894084	21284.2561254747	79.5807955515475	48318.3836450078
12.589	4392.36326707876	25654.5517679466	26027.8481915858	80.2844846149364	48320.4056860027
10	4986.95876666024	31512.9620386692	31905.1176802559	81.0074568274021	48322.7427259968
7.9433	5637.55641231057	38871.842949562	39278.5210591921	81.7479682349166	48325.1047719908
6.3096	6299.22273496796	48060.2130914415	48471.2728268971	82.5328429678044	48327.4868139848
5.0119	7019.25145417172	59614.5838618343	60026.3983593599	83.2846924466353	48329.9938599785
3.9811	7862.75829158044	74073.1999613517	74489.3409855813	83.9408288109805	48332.4859079722
3.1623	8756.52533319846	92267.8968134247	92682.476867441	84.5786800720402	48335.0629559657
2.5119	9932.96689287105	114982.633084646	115410.873588121	85.0626658770988	48337.720003959
1.9953	11037.3521680872	143660.062950772	144083.43704223	85.6066162376455	48340.4070529522
1.5849	12625.7736979094	179311.193054455	179755.150457735	85.9723007400171	48346.0531599379
1.2589	14555.0732246872	224230.067197381	224701.965260472	86.2860647580015	48348.8452119309
1	16896.2962152937	279946.490216723	280455.918479994	86.5460773748516	48354.0343069178
0.79433	19976.8933734277	350565.776402495	351134.503934799	86.7385431352552	48357.1913649098
0.63096	23949.0780658662	438969.232059345	439622.047940018	86.8771795855427	48360.7934339007
0.50119	29250.4261807798	549520.815745915	550298.750107442	86.9530802232885	48364.6205038911
0.39811	36243.4979075537	687911.202131817	688865.308430477	86.9840857194183	48368.8575828804
0.31623	45867.9163203897	861410.69371684	862631.003962471	86.9520247356585	48373.7246718681
0.25119	58577.3061564565	1078886.53379218	1080475.56825439	86.8922215360715	48379.2167738542
0.19953	76214.6551991129	1350710.70437754	1352859.2242311	86.7704760810116	48385.5488888382
0.15849	102084.892778213	1691167.02357103	1694245.32667133	86.5456133209432	48392.8760258197
0.12589	136000.906149793	2114951.66876174	2119319.89271833	86.3206894596432	48401.5481857978
0.1	180024.824755961	2644280.77516475	2650401.81018545	86.1052658310089	48422.5375757448
