Frequency (Hz)	Z' (Ω)	-Z'' (Ω)	Z (Ω)	-Phase (°)	Time (s)
10000	96.1860433643246	51.8053215159754	109.249925745775	28.3066832109229	37167.8601901602
7943.3	97.0401928801296	62.4720277378646	115.410369048423	32.7724126029769	37169.0972091571
6309.6	97.7625249627029	78.0254340457006	125.081891755374	38.5937837809196	37170.4142361537
5011.9	98.7801243463055	96.2457522988684	137.915763426255	44.2554800855939	37171.7312601504
3981.1	98.9606949575491	119.938639872378	155.49436157275	50.4741520603406	37173.0282851471
3162.3	99.846792414584	149.819495127589	180.042392440688	56.3186363041019	37174.3153051439
2511.9	100.759835222411	186.877226659661	212.310249959943	61.6674907718118	37175.6323321406
1995.3	102.079405895759	234.721059179078	255.957380690965	66.49593853937	37176.9243561373
1584.9	104.477972127744	293.549511345281	311.587808283602	70.4087146107764	37178.1063781343
1258.9	108.087581152499	371.896555219203	387.285389581517	73.794083738586	37179.3734011311
1000	111.208713521034	464.827316390816	477.945406951559	76.5450475543276	37183.386476121
794.33	117.129793873926	583.045906071969	594.69481013393	78.6408832149601	37184.7635021175
630.96	125.838950195285	731.378128774585	742.12492791717	80.2374297392041	37186.0555231142
501.19	138.630557116874	917.087649099614	927.50643528635	81.4040257260417	37187.3825501109
398.11	157.159879742579	1149.3652373831	1160.06020391418	82.2138762023694	37190.2836071036
316.23	184.68228316604	1439.06408458656	1450.86628786473	82.6869200493683	37191.5056261005
251.19	224.857745961749	1798.55688259878	1812.55837584957	82.8737874754893	37192.8526510971
199.53	283.555897304726	2244.14554971416	2261.98876990982	82.7986333033125	37194.1996760937
158.49	367.531240692516	2794.1794869761	2818.24736641818	82.5066408647864	37195.5517010903
125.89	486.225851480408	3465.2775350419	3499.22333861586	82.012763180612	37196.9487260867
100	650.059203121102	4282.3336628552	4331.3922204743	81.3683856701033	37198.3257500833
79.433	869.042888392737	5266.77621936285	5337.9928144118	80.6303521327186	37199.7327770797
63.096	1152.14666603737	6447.86749243489	6549.99520152951	79.8689409038526	37201.199804076
50.119	1490.79996229878	7856.4206210239	7996.61362715741	79.2555476266849	37202.9318350716
39.811	1894.65699472373	9539.10958383654	9725.44789611757	78.7661202493982	37204.5788660675
31.623	2347.50655266038	11582.8603055042	11818.3518255131	78.5430082215789	37206.2108990633
25.119	2826.37674259148	14053.9411105396	14335.3293031439	78.6289728635842	37207.7829270594
19.953	3340.26635473692	17086.4121191797	17409.8494659499	78.9386060169846	37209.6849600546
15.849	3881.87491955384	20854.82393301	21213.0298205585	79.4557506168994	37211.6319960497
12.589	4454.40713404442	25535.8363915321	25921.4328911601	80.1050293838818	37213.5990330447
10	5042.74090255811	31392.9134483701	31795.3495119521	80.8743582354844	37215.8960760389
7.9433	5649.03691761099	38684.2934514779	39094.5799048485	81.6918659895675	37218.1981200331
6.3096	6346.11474821595	47869.6791500885	48288.5012640684	82.4482958413354	37220.5201620272
5.0119	7116.17531936745	59324.8709954665	59750.1487011097	83.1599012049516	37222.972207021
3.9811	7945.78980506195	73693.9964644559	74121.1217570907	83.8460628444809	37225.379252015
3.1623	8914.07075999703	91770.2756596596	92202.1916885068	84.4520013059385	37227.9312990085
2.5119	10202.5067630194	114374.785883107	114828.92836762	84.9025699087087	37230.5533490019
1.9953	11171.3071516377	142721.0570259	143157.599246657	85.5243720616185	37233.2153979952
1.5849	12889.7772501124	178265.007584895	178730.409518918	85.8643213932981	37238.7065019813
1.2589	14754.1963252359	223060.375625892	223547.796865833	86.2157170526709	37241.5335519742
1	17146.9453911328	278352.88345181	278880.521840776	86.4749504267072	37246.5726459614
0.79433	20199.5962083682	348445.176438547	349030.177306019	86.682239180048	37249.7047039535
0.63096	24144.1925217712	435995.173514186	436663.180678419	86.830357479628	37253.1467659448
0.50119	29339.7611766076	545887.479822923	546675.371873768	86.9234894462011	37257.0038379351
0.39811	36385.490201902	683228.773851951	684196.946292859	86.9515810811211	37261.2009179245
0.31623	45462.3460903227	855519.495218784	856726.579260524	86.9581606846444	37266.0230039123
0.25119	58355.4515839131	1070852.10149972	1072440.94570094	86.8807856079457	37271.4901068985
0.19953	76012.1287133921	1339902.05751549	1342056.39503181	86.7531125641933	37277.7422218827
0.15849	98697.8786963869	1677494.73714702	1680395.74636902	86.6328001151109	37284.9543548645
0.12589	128710.351264409	2100869.64675309	2104808.69134729	86.4941404139223	37293.481512843
0.1	178073.989508604	2628455.09242958	2634480.31282424	86.1242172408197	37314.4209017901
