Frequency (Hz)	Z' (Ω)	-Z'' (Ω)	Z (Ω)	-Phase (°)	Time (s)
10000	99.0982362974389	51.5543913457546	111.706381663244	27.4850385194471	9967.77656283378
7943.3	99.6621260922056	62.8520101367742	117.825780521293	32.2376177031336	9968.92358283089
6309.6	100.176010225256	78.7024293914136	127.394291146664	38.1546474586223	9970.16060582776
5011.9	100.38527686404	94.8006348388248	138.073763535706	43.3611053539382	9971.36762582472
3981.1	102.591184800864	119.047434050014	157.153564238096	49.2463119600414	9972.58964882163
3162.3	101.873194860821	148.497421258615	180.08229216558	55.548837534459	9973.81167281855
2511.9	103.109630589184	187.387777727749	213.882620055913	61.1783261138237	9975.02369481549
1995.3	105.236074630507	233.046150346575	255.705181009295	65.6976100383973	9976.2457158124
1584.9	107.371114204444	291.650788991413	310.787288808306	69.7888373094938	9977.41773680944
1258.9	110.543598286935	371.457706221526	387.557369473966	73.4273086637739	9978.60476180644
1000	115.456708417268	463.021705503206	477.199487935232	75.9985517493991	9982.48783579664
794.33	122.119269704942	580.861280364043	593.559553085807	78.1271463522696	9983.63485479375
630.96	131.639810685297	727.851148653692	739.659607085422	79.7482557663726	9984.85187779067
501.19	145.686018334518	911.849666914913	923.414441619256	80.9225850673287	9986.0688997876
398.11	166.227375343246	1142.49053343986	1154.51988259761	81.7218022118782	9988.84495378059
316.23	196.678964760864	1429.56023392329	1443.02636067198	82.1664222619896	9989.98697277771
251.19	241.040786371219	1785.70962858226	1801.90441985857	82.3124979999462	9991.24399577453
199.53	305.166939271359	2225.8952734252	2246.71685556523	82.1935012008121	9992.47601877142
158.49	397.189259398325	2764.9507911889	2793.33352564235	81.8253009737455	9993.73804176824
125.89	526.857098339727	3424.59361291656	3464.88380984122	81.253894246187	9995.04006476495
100	703.337493241861	4220.17263940161	4278.38062072014	80.5380029270995	9996.31708976173
79.433	938.97009154073	5175.54701417063	5260.03343418068	79.7169995983237	9997.6341127584
63.096	1240.62224713374	6312.81879717393	6433.57013842514	78.8816789021264	9999.01613775491
50.119	1605.6616512762	7669.44800113335	7835.72472592468	78.1754459517968	10000.6581677508
39.811	2022.62931633235	9278.88461528373	9496.77466590822	77.7029161483537	10002.1251957471
31.623	2485.59999992876	11217.9082245224	11489.9813878636	77.5065741657092	10003.6622257432
25.119	2992.02771244811	13571.3321193058	13897.240205327	77.5670748509321	10005.1242527395
19.953	3519.68489438947	16458.3326784485	16830.475225325	77.9288791028122	10006.916284735
15.849	4076.78505584399	20036.7699019203	20447.3060449061	78.4992911650808	10008.7733197303
12.589	4655.61194790823	24488.6742552176	24927.2920588592	79.2357918351872	10010.6503527255
10	5249.66116909604	29997.6314475803	30453.5192523815	80.0736142655028	10012.86239572
7.9433	5883.66444405323	36947.497802435	37413.0338405101	80.9519668415828	10015.0944377143
6.3096	6548.48619041533	45612.5428051952	46080.2206216705	81.8300059909206	10017.4214807084
5.0119	7287.65153736195	56448.1241475307	56916.610797772	82.6436045218458	10019.7085207027
3.9811	8061.94197713138	70061.2117651496	70523.5301331674	83.4358466159201	10022.0205656968
3.1623	8949.37068751754	87134.6703638475	87593.0477556236	84.1358647575143	10024.3976076908
2.5119	10065.6379509934	108553.24612865	109018.917222782	84.7023769961213	10026.8796536846
1.9953	11155.9592925282	135423.884782046	135882.611092065	85.2907172480271	10029.4567026781
1.5849	12551.6884091273	169209.675942125	169674.56884978	85.7576653526979	10033.6507806675
1.2589	14207.062423592	211615.411553642	212091.779731618	86.1591406499755	10036.3978316605
1	16233.6380676393	264336.203526861	264834.211347222	86.4857168716545	10041.3369226481
0.79433	18818.5084444109	330924.244595782	331458.884209432	86.7452940441055	10044.3689806404
0.63096	22113.3774213281	414123.81547762	414713.80011608	86.9434237184425	10047.8210416317
0.50119	26419.8040316737	518671.355517866	519343.798537936	87.0840184522137	10051.5531096223
0.39811	32233.8294329651	649716.934239486	650516.037002524	87.1597641138512	10055.7201876117
0.31623	39553.9696190587	813935.215718041	814895.73069111	87.2178448431894	10060.3522756001
0.25119	49347.8638413448	1019617.33444176	1020810.81516597	87.2291371782075	10065.7243745865
0.19953	62561.5111666671	1276160.78040209	1277693.34353589	87.1934232618107	10071.9214895708
0.15849	81098.1293499107	1599769.26494104	1601823.52574622	87.0979525391903	10079.1336205526
0.12589	104206.298599866	2005144.2654144	2007850.21298704	87.0250446628408	10087.6557785311
0.1	139220.306352902	2512804.40874856	2516658.15921177	86.8288064764849	10097.8129665055
