Frequency (Hz)	Z' (Ω)	-Z'' (Ω)	Z (Ω)	-Phase (°)	Time (s)
10000	93.3235700013485	51.624587213876	106.650769911894	28.9504228846739	65037.3722107964
7943.3	92.7277260619475	62.5700066244756	111.863474421307	34.0103463344872	65038.714235793
6309.6	93.7970175927811	77.3740113715128	121.592015136766	39.5195314501652	65040.1462597894
5011.9	94.7542828694232	96.2825117859457	135.087735186839	45.4583368322673	65041.5932867858
3981.1	94.8023585883279	119.430344519999	152.483095410854	51.5578801985365	65043.0503157821
3162.3	94.7427749792552	150.466690440929	177.810062547135	57.803042158782	65044.4823397785
2511.9	97.3796703800223	188.546513324489	212.208830848632	62.6847508647836	65045.9243697748
1995.3	96.8763343963959	236.145554233823	255.244484662219	67.6946034255153	65047.3313947713
1584.9	104.557862900844	294.351344700562	312.370070303511	70.4442244498946	65048.7034187678
1258.9	104.015650518548	372.898663563796	387.133915900508	74.4141873845863	65050.0954447643
1000	107.618195051242	465.378609940655	477.659843922831	76.9793038075855	65054.1985237539
794.33	113.423042201283	584.071767121922	594.982870048473	79.0103044523499	65055.6155467504
630.96	121.738243742523	732.488874168961	742.536295928237	80.5638022492431	65057.0775727467
501.19	134.080069515882	918.685695010838	928.418478520828	81.6964385407641	65058.519602743
398.11	152.033529454755	1152.43165041679	1162.4168370085	82.4847029574756	65061.4456557356
316.23	178.507846537932	1442.50802772694	1453.51108056742	82.9456110061822	65062.7776817323
251.19	217.452938360198	1804.28646268665	1817.34295603108	83.1278470810655	65064.2597057285
199.53	273.63854298791	2250.97917955002	2267.55051078829	83.0688916814394	65065.676732725
158.49	355.191301301544	2804.93195921082	2827.33163182576	82.7829912201123	65067.1287617213
125.89	470.067922426916	3480.97133820274	3512.56676934172	82.3093409888142	65068.6257887175
100	629.182410801408	4303.75217342069	4349.50034788885	81.6826260856254	65070.0678157139
79.433	841.696218741451	5298.66778389544	5365.10324306393	80.9739500758366	65071.5698437101
63.096	1116.06122376355	6490.56330889922	6585.81845498473	80.2433252378784	65073.201871706
50.119	1451.33772810296	7921.37788558497	8053.23592149452	79.6175445399497	65074.9739067015
39.811	1841.71783402649	9632.77645423746	9807.25786331138	79.17608425448	65076.6459386973
31.623	2284.55011413349	11714.6219351862	11935.3062930255	78.9648541212939	65078.3979686928
25.119	2759.98161810705	14221.8298357583	14487.1647470978	79.0173229321584	65080.0600016886
19.953	3257.52507083761	17321.4249302281	17625.0739346156	79.3491669605278	65082.0670376836
15.849	3782.62210317243	21151.9174299324	21487.4810282193	79.860906898208	65084.1190756784
12.589	4343.24314009665	25917.6384122461	26279.0361665327	80.4868441544905	65086.1961136731
10	4923.20594339283	31885.7448779993	32263.5813756923	81.2227586127	65088.6131566671
7.9433	5532.23961586295	39380.9833716699	39767.6693620215	82.0034194120778	65091.0402026609
6.3096	6187.22386411133	48631.7057912575	49023.7141321632	82.7494325087806	65093.4722506548
5.0119	6946.08475079579	60423.1811851996	60821.1223006013	83.4422191584077	65096.0542946483
3.9811	7767.33474428259	75093.6927773546	75494.332131422	84.0945974187203	65098.6313426418
3.1623	8724.81561146028	93514.6791846577	93920.8050991017	84.6697976339117	65101.1983926353
2.5119	9903.49897017969	116578.992084798	116998.891821075	85.1443259042845	65103.9104436284
1.9953	11161.0395015263	145504.565757911	145931.996008939	85.6136724794484	65108.0945206179
1.5849	12668.7773839714	181849.164031636	182289.923965669	86.0148479258935	65110.8465696109
1.2589	14522.3310265761	227093.99776958	227557.864995731	86.3410004889472	65113.9036266032
1	17131.7070414922	283933.637872579	284450.006331011	86.5471299801324	65119.0827235901
0.79433	20342.9537366155	355419.809497429	356001.512285999	86.7241693995419	65122.3397825819
0.63096	24550.2683229169	444767.933714708	445444.980368595	86.8405977931875	65125.9518505728
0.50119	30196.5555812819	556953.135284716	557771.12409343	86.8966097775279	65129.9139225628
0.39811	37743.3147582706	697343.949425227	698364.619385114	86.9019238361748	65134.3610065515
0.31623	48113.4506069023	873091.187501413	874415.876926952	86.8457908260896	65139.1980945393
0.25119	62035.3119940644	1092380.16074899	1094140.20835183	86.7497139566586	65144.860198525
0.19953	81023.4724278127	1367391.39973605	1369789.78064387	86.6089582525087	65151.2423185089
0.15849	108234.798371503	1712325.33410385	1715742.64427751	86.3831885665859	65158.6694574902
0.12589	149038.455058877	2145795.02384386	2150964.60813269	86.0268420734319	65167.3016174684
0.1	198813.898767222	2676599.85142663	2683973.49670224	85.7519549175833	65188.441009415
