Frequency (Hz)	Z' (Ω)	-Z'' (Ω)	Z (Ω)	-Phase (°)	Time (s)
10000	92.8307216870783	51.9449870365379	106.375864589529	29.2299264669661	71536.7475503871
7943.3	92.7660949373486	62.4398111570102	111.822530767499	33.9440517906977	71538.1395743836
6309.6	92.6486633999112	77.6206454629363	120.866618352103	39.9561280534112	71539.5816023799
5011.9	93.2677316940397	96.5076922438172	134.211044394933	45.9780930985554	71541.0236293763
3981.1	95.2805415023378	120.295386281933	153.458012334639	51.6188456428168	71542.4656553726
3162.3	95.9530337469226	149.500872081914	177.644294697271	57.306736570281	71543.892682369
2511.9	96.1784266726408	188.794239904316	211.880992017389	63.0041064317646	71545.3497103653
1995.3	98.7974379989479	235.740936723625	255.606578558706	67.2617706658978	71546.7817343617
1584.9	100.899423440233	295.928799456842	312.657237239983	71.1727566376145	71548.1787623582
1258.9	102.669663788329	371.85275575238	385.766162102183	74.5650110213661	71549.5757893547
1000	106.982167265759	465.765520302132	477.894030110437	77.0640492727533	71553.7588673441
794.33	112.689040513591	584.45451980382	595.219207999026	79.0866873596829	71555.2758913403
630.96	120.925329302582	732.691236876712	742.603113286542	80.6282340459107	71556.7279193366
501.19	133.054914180046	918.880165729225	928.463445245976	81.7607711627305	71558.1949483329
398.11	150.857857017037	1152.75020291556	1162.57951269823	82.5441996243221	71561.2360043252
316.23	177.083443731775	1442.9217144295	1453.74744024403	83.0033276472758	71562.6180293218
251.19	215.668854577063	1805.36706392808	1818.20331381034	83.18773827327	71564.0800553181
199.53	271.708313378183	2252.99835909779	2269.32302981663	83.1234219734357	71565.5220813144
158.49	352.184921399227	2805.94388469319	2827.95956528874	82.8459949542663	71567.0091093107
125.89	466.451330782192	3483.6024044089	3514.69238426237	82.3735074904589	71568.5311373068
100	624.092009614929	4308.41281289148	4353.37935433528	81.7577904983845	71570.053166303
79.433	835.472183032299	5304.69818471307	5370.08720595103	81.0496287474243	71571.5751932991
63.096	1104.80867176963	6506.52798691996	6599.65973712207	80.3630904605756	71573.222226295
50.119	1443.65919466272	7931.70099854929	8062.01169688571	79.6844432209836	71575.0742602903
39.811	1832.20686522794	9655.39874028577	9827.7009941746	79.2553145309452	71576.7562922861
31.623	2264.28187890117	11735.5442915013	11951.9861213486	79.0794183054969	71578.5233252816
25.119	2742.88489790897	14268.5287116983	14529.7738853616	79.118589020507	71580.2203532773
19.953	3240.86795224948	17375.6779486714	17675.3333563999	79.4347358389032	71582.2173902723
15.849	3769.80155573256	21226.9565022489	21559.1068024158	79.9295533236181	71584.2744312671
12.589	4329.75597832393	26031.9763722768	26389.5922795068	80.5567525760193	71586.3464692618
10	4898.96801490239	32023.4006653002	32395.9577382949	81.3022742848596	71588.7335122558
7.9433	5531.44376085262	39531.7426738373	39916.8579538766	82.0346544534045	71591.1955592496
6.3096	6176.98166371685	48891.0007270462	49279.6616726001	82.7992941397425	71593.7276042432
5.0119	6906.52560677123	60628.8741900884	61020.9839441692	83.5011773914908	71596.3146512367
3.9811	7752.07869135703	75397.2876871448	75794.7604694089	84.129680930713	71598.8516992303
3.1623	8720.40349749006	93870.4683206516	94274.6533268487	84.6925545065855	71601.5187502235
2.5119	9910.34993599317	117138.184509074	117556.664234469	85.1640685918648	71604.2608012166
1.9953	11157.6198796471	146153.184682877	146578.46320086	85.6343960757689	71608.4148772061
1.5849	12789.8825348272	182554.269300605	183001.755005608	85.9923653540795	71611.246928199
1.2589	14593.6224998991	228417.718141839	228883.437100184	86.3443376750145	71614.2139831915
1	17185.3836960422	285278.333549009	285795.495075202	86.5526247716454	71619.3680831785
0.79433	20382.6515548753	356998.305126026	357579.700692395	86.732271835685	71622.6651411702
0.63096	24735.9198139181	446861.025208692	447545.127981083	86.8316348709903	71626.3372081609
0.50119	30428.1073635407	559237.628208411	560064.812786784	86.8856087711166	71630.254282151
0.39811	38081.3917219501	700376.397495473	701410.928460783	86.8877354410538	71634.62136214
0.31623	48627.9947496344	876959.705570039	878306.897995718	86.8261614766227	71639.5734531275
0.25119	62968.9598688065	1097755.35703086	1099559.87276588	86.7170222607373	71645.0705541136
0.19953	82602.2194409567	1373846.07927517	1376327.06003927	86.5592448812521	71651.4126740976
0.15849	111848.7624675	1719747.03211918	1723380.39914241	86.2788427634674	71658.8348100788
0.12589	146380.518179415	2149862.6170181	2154840.25583206	86.1048389692435	71667.496971057
0.1	200562.815429085	2688491.4518794	2695962.11578751	85.7336087898787	71688.6563630035
