Frequency (Hz)	Z' (Ω)	-Z'' (Ω)	Z (Ω)	-Phase (°)	Time (s)
10000	95.8772610373115	52.0586578378609	109.098822357972	28.5007165234796	47082.0917581291
7943.3	95.3047064653813	62.6622683076177	114.059400944895	33.324677913604	47083.333779126
6309.6	96.3720598992298	76.9322295069892	123.313186100014	38.599791138816	47084.7358031225
5011.9	96.1361880266282	96.9344200084205	136.522702986207	45.2368825763175	47086.107831119
3981.1	97.6377129342382	120.193105895347	154.853174626156	50.9116505042333	47087.4498541156
3162.3	97.880775368895	150.292197112684	179.355486951958	56.9250151589026	47088.7768801123
2511.9	98.5594209377022	187.251792941185	211.606222534366	62.240058733966	47090.1639051088
1995.3	100.838711190814	236.440149614622	257.045501856012	66.9023699388128	47091.5409301053
1584.9	102.235891176611	295.961613175835	313.122107041835	70.9432282902968	47092.847956102
1258.9	105.658245070976	370.858700661398	385.61618302107	74.0976614465732	47094.1599790987
1000	109.825457278501	465.103793800264	477.894517727322	76.7140502532832	47098.2030570885
794.33	115.690227364481	583.294804989173	594.657092983009	78.7815934078803	47099.580079085
630.96	124.345376158157	731.570244673275	742.062528000996	80.3535962326955	47100.9521060815
501.19	136.989583187168	917.364405517269	927.536305710912	81.5068086146509	47102.3141290781
398.11	155.494551059473	1150.3883263281	1160.84962710989	82.3021547112937	47105.2501870707
316.23	182.857009557605	1439.75586571228	1451.32134236263	82.7618690687078	47106.5122070675
251.19	222.891742600022	1800.38171101517	1814.1265210225	82.9425501537849	47107.9242350639
199.53	281.099908819421	2246.24627974545	2263.7666637727	82.8669690198238	47109.2962580605
158.49	364.382754727146	2796.06171784016	2819.7049352572	82.5750588343314	47110.683286057
125.89	482.826798694131	3470.45284082357	3503.87851357858	82.0795648107982	47112.1103100534
100	645.087126372603	4285.86492295982	4334.14069204832	81.4403763620383	47113.5423380497
79.433	863.129214332811	5274.9589302757	5345.10839522737	80.707176782065	47114.9843660461
63.096	1142.50540998595	6458.62892917287	6558.90282414642	79.968385591448	47116.5063920423
50.119	1481.96698691898	7863.19254435107	8001.62628094165	79.326727492335	47118.2834250378
39.811	1881.46062174288	9557.17726433654	9740.6124721765	78.8629604030896	47119.8704570338
31.623	2330.66823816399	11604.9659242777	11836.6907765656	78.6441446505093	47121.5424860295
25.119	2810.34077567779	14086.8284128824	14364.4265464872	78.7175438266038	47123.1445170255
19.953	3314.78885056743	17137.6942654286	17455.3255443475	79.0529763048511	47125.0765500206
15.849	3844.0425326477	20904.2518198564	21254.7502253208	79.5803946735963	47127.0685900156
12.589	4405.35871801656	25611.4664442295	25987.5816277371	80.2402135219966	47129.0756250105
10	4993.39116199054	31477.0612090103	31870.6657861493	80.9859469179296	47131.4176700046
7.9433	5629.29607836495	38833.3187552015	39239.2102351841	81.7518311335015	47133.7647139987
6.3096	6292.76378111483	48027.2410281935	48437.741037182	82.5353497160823	47136.1217569927
5.0119	7023.64203299932	59544.5707399453	59957.3802964411	83.2727019334841	47138.5988029865
3.9811	7847.26797269313	74007.3778040098	74422.2519416115	83.9473387844826	47141.1108479801
3.1623	8802.69967370918	92166.685027596	92586.0969612695	84.5443159056053	47143.6928959736
2.5119	9927.45421237484	114758.849613185	115187.446849388	85.0558175135911	47146.324944967
1.9953	11064.9231827855	143467.437715951	143893.496065045	85.5897947091755	47149.0619949601
1.5849	12698.4078742371	179134.639563463	179584.154796776	85.9452277923729	47153.4010769491
1.2589	14610.9576529279	223975.348430021	224451.412978143	86.2676172724166	47156.208126942
1	16924.6015544508	279688.714413081	280200.319606918	86.5371243901441	47161.2572229293
0.79433	20019.4527237501	350142.781416869	350714.621687919	86.7276700311042	47164.4142789213
0.63096	23903.8716977325	438014.209704685	438665.981112465	86.8762800422197	47167.9913479123
0.50119	29330.0746922258	548583.323102218	549366.831604643	86.9395879797496	47171.8234179026
0.39811	36242.6222515999	687356.521244345	688311.350309437	86.9817292339323	47176.0854968918
0.31623	45891.9546367688	860523.699865225	861746.545992567	86.9472929429	47180.9425858796
0.25119	58866.7547352149	1077766.15392631	1079372.58505215	86.8736552153437	47186.4296868657
0.19953	78959.6301863522	1348478.99006178	1350788.73619719	86.6488957145927	47192.7768048497
0.15849	104598.6775345	1689146.52170607	1692382.00626622	86.4565418257387	47200.1139428312
0.12589	139107.468618961	2110831.46967554	2115410.21582061	86.2295604652612	47208.6810988095
0.1	183864.680130293	2639502.69932416	2645898.84922666	86.0152795829518	47229.7054917565
