Frequency (Hz)	Z' (Ω)	-Z'' (Ω)	Z (Ω)	-Phase (°)	Time (s)
10000	96.8966141638832	50.856860592583	109.432052460684	27.6930468547182	38315.3434362631
7943.3	96.8445734500607	63.2537903294843	115.671575582641	33.1504607090702	38316.57045826
6309.6	97.1355035955048	78.2347037325725	124.723594106631	38.8486017174525	38317.9024802566
5011.9	98.1181663439756	97.1370890956009	138.068058017308	44.7121147262313	38319.2095062533
3981.1	98.2235920338559	119.669429593945	154.818107504818	50.6211581696485	38320.4915272501
3162.3	100.376538516098	149.69239495828	180.231136579725	56.1560909090774	38321.7935532468
2511.9	100.148009011345	187.810227755924	212.843382228972	61.9316568328365	38323.1005772435
1995.3	101.403503859253	236.299477614597	257.138316312185	66.7743139965203	38324.4376032401
1584.9	101.95698281109	292.284595248853	309.556959158935	70.7698099171406	38325.7196252369
1258.9	108.271227800037	369.932508045547	385.451318947278	73.6863902950282	38327.0216512336
1000	110.979760387552	464.530404280793	477.603395839011	76.563472209597	38331.0197272235
794.33	117.029975020386	583.132258614439	594.759822188797	78.6519492732021	38332.3517492201
630.96	125.758656975846	731.214006707675	741.94956931712	80.2413913712327	38333.6687742168
501.19	138.612338503196	916.988960494683	927.406132206621	81.4042273400937	38335.0107982134
398.11	157.231129757585	1149.62685450637	1160.32906227805	82.2121405143076	38337.961853206
316.23	184.759867516166	1438.38333216216	1450.20095810426	82.6804561272838	38339.1888742029
251.19	225.087767628298	1797.9142195853	1811.94923883725	82.8640491125053	38340.5259011995
199.53	283.780238484058	2243.6276266891	2261.50307339977	82.7913494973288	38341.8429261962
158.49	368.23647431423	2792.52701163101	2816.70112218251	82.4880342909994	38343.2249511927
125.89	487.121043744944	3464.50167750423	3498.57953813955	81.9964794072184	38344.6169771892
100	652.223081305486	4281.34477976349	4330.73989879278	81.3381182655918	38346.0390021856
79.433	871.282809646525	5262.04234567756	5333.68759697166	80.598332423068	38347.451030182
63.096	1149.50824962493	6440.5714607677	6542.34896327085	79.8804476454658	38348.9130561783
50.119	1497.84508888985	7848.18595853604	7989.84122183124	79.1949032823709	38350.6700871739
39.811	1898.3429616848	9534.31694096428	9721.46622330895	78.7393095141517	38352.20211717
31.623	2350.15087155602	11570.5433885759	11806.8066565856	78.5185591328977	38353.8641461658
25.119	2828.65237435455	14037.4817534594	14319.6427411318	78.6070618146214	38355.4261771619
19.953	3339.88796116368	17063.1842839962	17386.9810347496	78.925144128674	38357.3182121571
15.849	3869.22272787117	20843.5582635527	21199.6416385748	79.4837962568635	38359.2752461521
12.589	4428.56633687424	25505.8141489029	25887.4246536513	80.149952728317	38361.3472851469
10	5038.20412417513	31358.1980670429	31760.3540094997	80.8725064230474	38363.6343271411
7.9433	5656.77732945508	38664.9893100169	39076.5982155402	81.6765458598342	38365.9463721353
6.3096	6339.49947719758	47792.5828098817	48211.2043539756	82.4440481800586	38368.2584131295
5.0119	7083.70811706947	59267.4169844215	59689.2422191229	83.1842763682062	38370.6554591234
3.9811	7898.91955929352	73613.0039629176	74035.5811934283	83.8754072115243	38373.0875031173
3.1623	8851.76025620518	91673.92110755	92100.2794288195	84.4847880147393	38375.6345511108
2.5119	10054.7576832093	114217.907849973	114659.62072889	84.9691434753216	38378.1565961045
1.9953	11180.9852122977	142586.627207558	143024.336001761	85.5163044326299	38380.7786460978
1.5849	12826.5328745549	178105.316724905	178566.580835443	85.8808661654836	38386.254749084
1.2589	14553.6340269021	222834.007311861	223308.761758359	86.263231084958	38389.0667990769
1	16958.6134966313	278059.583245298	278576.24881938	86.509903018618	38394.3909000635
0.79433	20042.5863527353	348031.925146759	348608.557251635	86.7040706046197	38397.6029560554
0.63096	24006.3627509071	435698.396131753	436359.253189743	86.8462727714344	38401.1400230464
0.50119	29058.1439618828	545372.062496622	546145.642006168	86.950089124232	38405.0120950367
0.39811	36032.6929652516	683043.182122027	683992.941195823	86.980265142538	38409.1991720261
0.31623	45481.9214714651	855212.974797483	856421.530230702	86.9557647215303	38413.9112600142
0.25119	57969.0828335448	1070313.77182637	1071882.44911732	86.8998419568026	38419.3283610005
0.19953	76920.3118434596	1340377.23848683	1342582.53967035	86.7155658959777	38425.6404749846
0.15849	99163.7134886727	1677829.14097679	1680756.99266247	86.6176171150517	38432.9476109661
0.12589	131053.882155574	2100767.52613783	2104851.37691555	86.4302969674105	38441.4697709446
0.1	176495.530179759	2627427.45915468	2633348.76636071	86.1569711157429	38462.3891588918
