Frequency (Hz)	Z' (Ω)	-Z'' (Ω)	Z (Ω)	-Phase (°)	Time (s)
10000	95.2224411065525	51.1105606963782	108.072210604711	28.2246399165684	42365.5334260373
7943.3	96.1670627840943	62.6131119345895	114.754109951031	33.0676230268338	42366.835449034
6309.6	96.7756520179313	77.405988042584	123.924226075229	38.6545611841515	42368.1674730307
5011.9	96.7920950767098	96.3265635509614	136.555909849688	44.8618831542227	42369.4795000273
3981.1	97.0859043098916	119.293024791756	153.806692245935	50.8597894653338	42370.8265240239
3162.3	98.325394064493	150.49052464074	179.764515754871	56.8407638675078	42372.1235470207
2511.9	99.1333005224921	188.602701814541	213.068980389515	62.2726987555798	42373.4355710174
1995.3	100.211529407287	236.039399212135	256.431177134476	66.9961438709251	42374.782598014
1584.9	102.744793835649	294.888264523704	312.274848833735	70.7906718064396	42376.0596210107
1258.9	104.948568017564	371.46322338269	386.004052122249	74.223555990975	42377.4116460073
1000	110.361880102372	465.178940009385	478.091195074732	76.6535540636364	42381.3397189974
794.33	116.278091978586	583.543530630931	595.015669386439	78.7307273870788	42382.686742994
630.96	124.825365138822	731.386490960015	741.961974053148	80.3146768605676	42384.0287669906
501.19	137.573624997867	917.201665941667	927.461804227658	81.469639127915	42385.3757939872
398.11	156.032576147389	1150.08221572998	1160.61848501459	82.2738094141645	42388.2718499799
316.23	183.391633703974	1439.78322521086	1451.41593863069	82.7410686214655	42389.5038699768
251.19	223.542294479109	1799.52166131565	1813.35307289155	82.918811868991	42390.8758939733
199.53	281.41859774679	2245.00320748066	2262.57283391192	82.8550524100587	42392.2179189699
158.49	365.410348928308	2796.37120586162	2820.1447913318	82.5551692080414	42393.5949439665
125.89	483.244435469843	3467.88884628832	3501.39661201405	82.0670144223164	42395.0169729629
100	647.346289360463	4285.72990758551	4334.34401716357	81.4105794365657	42396.3989959594
79.433	865.074548645737	5272.64278184334	5343.13726939888	80.6825796286347	42397.8360229558
63.096	1146.1446839929	6453.90664378849	6554.88814575675	79.9298711698822	42399.3430509519
50.119	1485.9551028795	7869.72889675057	8008.788639746	79.3073503438558	42401.1050859475
39.811	1886.13291130376	9554.49682858443	9738.8863329712	78.8329440753315	42402.6721119435
31.623	2328.08036733003	11603.1351701775	11834.3865060323	78.6546832117149	42404.3241449394
25.119	2810.49390037151	14089.4277647065	14367.0056275102	78.718973077811	42405.9111719354
19.953	3321.92325853257	17127.8896748499	17447.0564522904	79.0238589339215	42407.8382099305
15.849	3864.97057566394	20907.3336385909	21261.5756101494	79.5264296852666	42409.8152459255
12.589	4411.23067461974	25624.1531884092	26001.0804138552	80.2322005046956	42411.9022859202
10	4997.6869770876	31467.2363267855	31861.6358206342	80.975549163724	42414.2343279144
7.9433	5661.18844341778	38796.3173629275	39207.1842334651	81.6979497507393	42416.6313719083
6.3096	6335.01461042972	47975.1164165343	48391.5716348868	82.4777307743098	42418.9584149024
5.0119	7077.62491289079	59548.9040993918	59968.031098629	83.2219647113184	42421.4154588962
3.9811	7914.59457816192	73993.5278281433	74415.6097051613	83.8946656946377	42423.8575058901
3.1623	8827.22843527822	92098.3315778747	92520.3904081513	84.5251700750443	42426.3995538836
2.5119	10088.5886086953	114811.420700007	115253.81530895	84.9782637014569	42429.026601877
1.9953	11347.0662608876	143215.768551581	143664.582533584	85.4698864362817	42431.7236528702
1.5849	12682.1826254471	178936.761116185	179385.624381933	85.9459281207633	42435.9277318596
1.2589	14601.9678060298	223836.159879571	224311.934442734	86.2675943141914	42438.6947808526
1	16931.1416835009	279600.742983115	280112.904085865	86.5347022015004	42443.7938748397
0.79433	20005.3124014755	349790.468122589	350362.075735517	86.7266899053247	42446.9409318318
0.63096	23975.1704677675	437886.761217105	438542.614175822	86.8660713076628	42450.4579968229
0.50119	29213.633776559	548329.973079013	549107.635874117	86.9503091404976	42454.2750698133
0.39811	36164.3667612415	686585.483407709	687537.262589773	86.9848583221346	42458.4971478026
0.31623	45973.4457911776	859948.689578248	861176.698724054	86.9398415322555	42463.3642377903
0.25119	58372.4038960615	1076698.50449568	1078279.65163024	86.8967901026667	42468.8213367765
0.19953	76175.195419343	1347245.93159836	1349397.73995864	86.7638610156967	42475.0284527609
0.15849	99856.5163485817	1687275.7888645	1690228.06495028	86.6130663044274	42482.3605897423
0.12589	135012.42789243	2110747.12141911	2115060.70037351	86.3401024691545	42490.9677487206
0.1	185377.148549124	2646844.73716713	2653328.42857297	85.993715655134	42511.9221366677
