Frequency (Hz)	Z' (Ω)	-Z'' (Ω)	Z (Ω)	-Phase (°)	Time (s)
10000	92.5892379310378	51.5462282941745	105.970659297777	29.105536647208	70879.306380047
7943.3	92.9320954639369	62.5146824508386	112.00205305818	33.9284083243966	70880.6384000436
6309.6	94.135921315623	77.7420761019174	122.087681928102	39.5515703737777	70882.05542804
5011.9	94.3883920548582	96.0824653011188	134.688561849336	45.5095828792379	70883.4874550364
3981.1	95.1435705282977	120.056497645924	153.185709646425	51.603528317158	70884.9144820328
3162.3	95.0662298434749	149.657031345362	177.298660704922	57.5751731990916	70886.3315060292
2511.9	96.8992950186995	189.005383357442	212.397053447581	62.8566894626434	70887.7485340256
1995.3	97.0372141678239	235.306829941416	254.530008349764	67.5894405346461	70889.195562022
1584.9	98.4120582372034	294.784299593618	310.777599729103	71.5387065917135	70890.5875850185
1258.9	103.092269486228	375.081118068216	388.99082400376	74.631565305294	70892.0096110149
1000	107.09084100799	465.665761734611	477.821148422371	77.0486710099751	70896.1826900044
794.33	112.825122320408	584.44242272901	595.233108716215	79.0736048776143	70897.6347170007
630.96	121.083681785611	732.828461210894	742.764304174269	80.6179057078431	70899.096742997
501.19	133.279951061116	919.063816176006	928.677470147121	81.7486543066843	70900.5437709933
398.11	151.006861942253	1152.17614164305	1162.02966129317	82.5332419097123	70903.449825986
316.23	177.336664455619	1442.99519554213	1453.85123961082	82.9937753693914	70904.7918499826
251.19	216.034645177814	1804.47473407204	1817.36073299207	83.1729504725586	70906.2688769789
199.53	271.919404583512	2252.3395883114	2268.6942904816	83.1161372317937	70907.7159039752
158.49	353.026508354284	2806.92323972124	2829.03619441109	82.8315533317018	70909.2079289715
125.89	467.31746278902	3484.55754194811	3515.75409751237	82.3615829148435	70910.7499589676
100	624.661004618993	4307.08728777436	4352.14915589978	81.7478754230604	70912.2469859638
79.433	836.71285978243	5305.42098633627	5370.99434481015	81.0377544278292	70913.7740139599
63.096	1107.13197368625	6503.06606134522	6596.63621896634	80.3381622840192	70915.3710449559
50.119	1446.95915883894	7930.62287333351	8061.54265425598	79.6599963621218	70917.2330779512
39.811	1834.192894346	9650.20573935639	9822.96973351625	79.2382864052364	70918.890108947
31.623	2272.34690539883	11738.7809432393	11956.6942961604	79.0444093517587	70920.6771439425
25.119	2743.39384474126	14267.8801464955	14529.2330720559	79.1161352669879	70922.3691759382
19.953	3242.37032239262	17365.4599867784	17665.5644081907	79.4238692263207	70924.421211933
15.849	3772.31430136775	21212.9157966967	21545.7223547053	79.9164453415862	70926.4632489279
12.589	4316.54806154467	26029.8360713836	26385.3169977306	80.5842823865033	70928.5302869227
10	4900.5602764472	31989.782580884	32362.9677346704	81.29048736057	70930.9523339166
7.9433	5529.2999444481	39457.4583560456	39842.9940867243	82.0229045939508	70933.4093769104
6.3096	6163.18927639825	48845.2659704142	49232.5594477599	82.8085472995377	70935.8164239043
5.0119	6926.35595514552	60619.3654886168	61013.7843364914	83.4816644688759	70938.3934718978
3.9811	7788.79904946908	75374.8048809866	75776.1611687991	84.1003228983332	70940.9355188914
3.1623	8726.99027356731	93879.4126240181	94284.1687340223	84.689071706404	70943.5475678848
2.5119	9960.71169641455	117011.964455927	117435.154887003	85.1343933925077	70946.2546148779
1.9953	11154.4663926455	146129.46084506	146554.568155935	85.6349193523659	70950.4436958673
1.5849	12818.9617115656	182514.747272464	182964.364703332	85.9824164180314	70953.2957468602
1.2589	14355.962910873	228419.963550113	228870.64778895	86.4037484819162	70956.2678038527
1	17202.572176972	285063.473717382	285582.059200722	86.5465904256726	70961.4068988397
0.79433	20420.3920681535	356903.926933767	357487.629818097	86.7253706419114	70964.7089588313
0.63096	24862.4285116216	446844.878344402	447536.0160413	86.8153491024905	70968.3710248221
0.50119	30354.1204714198	559001.050409302	559824.568046362	86.8918543752647	70972.2880988122
0.39811	38110.3891882334	700217.402901499	701253.743726333	86.88466441021	70976.6451798012
0.31623	48267.292621545	876975.891098927	878303.162413623	86.8497141124222	70981.5922717887
0.25119	62390.616826681	1096525.48258344	1098299.01348533	86.7434693332809	70987.1743727746
0.19953	81488.8427239821	1371912.76098523	1374330.76631596	86.6007405126376	70993.5614917585
0.15849	110265.593555078	1716444.35178966	1719982.47488534	86.3243295703374	71000.9136267399
0.12589	145598.585933679	2151389.45106755	2156310.62660059	86.1283238106067	71009.5657897181
0.1	201769.343697164	2684325.85835476	2691898.24879916	85.7014036147066	71030.6301816649
