Frequency (Hz)	Z' (Ω)	-Z'' (Ω)	Z (Ω)	-Phase (°)	Time (s)
10000	94.9847499126828	50.7276535203639	107.681927674318	28.1049378823976	51291.9107065004
7943.3	96.1097749102295	62.9428390617401	114.886421401518	33.2210175966741	51293.1927264971
6309.6	95.7271394960795	77.7642056107104	123.332708193596	39.08877679982	51294.5597534937
5011.9	96.8163833252358	95.5514118682023	136.027513357357	44.6232400492116	51295.9167794903
3981.1	97.8642385998416	120.358807307417	155.12463277375	50.8852987209815	51297.2788044868
3162.3	98.7641860856211	151.337539565566	180.71362797231	56.8711862048007	51298.5958254835
2511.9	100.797890734721	188.909035756296	214.11874875158	61.9165564836332	51299.99785348
1995.3	100.164659758658	236.602339924337	256.931170398297	67.0548233053309	51301.3698794765
1584.9	100.901981474398	296.188214086613	312.903608207507	71.1876427528839	51302.7069044731
1258.9	103.978919736696	367.731660107964	382.149433592894	74.2113466863212	51304.0339304698
1000	109.661910796415	465.128759132694	477.881258527514	76.7338217911031	51308.1420044594
794.33	115.579666281476	583.654249798619	594.988186912754	78.7987707696654	51309.5490284558
630.96	124.083190439651	732.088180106037	742.529286695584	80.3802381136598	51310.9010544524
501.19	136.454227111168	917.253422015534	927.347613517021	81.5385098925154	51312.2930824489
398.11	154.864524102998	1151.24954935226	1161.6189330884	82.338640185672	51315.2541384414
316.23	181.771343676354	1440.1924701198	1451.6181220871	82.8065503658314	51316.5511584382
251.19	221.36604586146	1801.15096770666	1814.70320844235	82.9933402538335	51318.0131884345
199.53	279.008760768233	2247.99792637195	2265.24624832666	82.9249534359916	51319.3052094312
158.49	361.813939500141	2799.87205111796	2823.1529943395	82.6367489245812	51320.7222354276
125.89	479.48645944835	3473.59778778237	3506.53516395898	82.140705423511	51322.174263424
100	640.825846130128	4295.07233547096	4342.61489565864	81.5140538863949	51323.6062894203
79.433	856.232635425613	5281.70847052298	5350.66151924807	80.7917283426183	51325.0933174166
63.096	1130.9077392475	6466.03066495048	6564.18348881031	80.0793227162265	51326.6153474128
50.119	1477.44215245091	7889.34819603328	8026.49676210564	79.3930482530784	51328.4323814082
39.811	1872.76618437589	9587.87158680894	9769.06007487312	78.9477657913937	51330.0294084041
31.623	2317.60312100827	11643.792629522	11872.2024505068	78.742858547823	51331.7664423997
25.119	2792.70436671243	14132.4925199963	14405.7815653162	78.8218661525129	51333.4184743956
19.953	3302.21474126528	17201.8217100348	17515.9154011789	79.1331933779071	51335.3755073906
15.849	3831.31662307672	20993.8731300167	21340.6114267024	79.6575151268958	51337.3775463856
12.589	4383.46601236659	25737.0441270642	26107.6658221302	80.3342816587168	51339.3745803805
10	4977.78062044006	31603.3806353506	31992.9987260976	81.0490023112051	51341.7116243746
7.9433	5602.36032476901	38985.3562294071	39385.8406225171	81.8223398627505	51344.0636703687
6.3096	6269.37884366755	48211.0327119414	48616.9598621438	82.5908152662416	51346.5207153625
5.0119	7015.76322845961	59824.0873973095	60234.0631752394	83.3112912065655	51349.0627603561
3.9811	7889.05740442392	74275.1647915087	74692.9536940137	83.9371209597685	51351.5648083498
3.1623	8788.49508685742	92489.9975238305	92906.605189566	84.571993192724	51354.0768543434
2.5119	9971.73858610182	115253.774794869	115684.347147295	85.0550922464713	51356.6539033369
1.9953	11072.9598782724	143972.874295201	144398.057373663	85.6020370711674	51359.3059513302
1.5849	12737.1153582987	179857.970315683	180308.412431943	85.9492113541676	51365.0720593157
1.2589	14637.2753951438	224929.940091845	225405.695981078	86.2767372052477	51367.9591133084
1	17011.2934988618	280857.02775098	281371.736575689	86.5338733450669	51373.0832102954
0.79433	20086.6664367578	351392.01358291	351965.65369137	86.7283544584451	51376.3302662872
0.63096	24148.6390229947	439580.08624562	440242.897717124	86.8555770148467	51379.9323322781
0.50119	29550.1476817198	550457.595746245	551250.193598831	86.9271472569777	51383.7794052684
0.39811	36434.1883208643	688938.009269114	689900.739740356	86.9727575813248	51388.0064842578
0.31623	46231.9291583281	863127.601801779	864364.881439425	86.9339811175628	51392.8735732455
0.25119	59666.5130704054	1080210.39265541	1081857.0077338	86.8384224261411	51398.2856752318
0.19953	77373.8933996897	1352509.33677934	1354720.71861883	86.7258112820554	51404.6077902158
0.15849	102261.751705705	1693673.8582063	1696758.26322825	86.5447525455	51411.8899251975
0.12589	135615.943200151	2119663.21233167	2123997.13223966	86.3392086046867	51420.5370861756
0.1	184704.490789382	2649407.55598251	2655838.12507747	86.0120546080026	51441.6314781224
