Frequency (Hz)	Z' (Ω)	-Z'' (Ω)	Z (Ω)	-Phase (°)	Time (s)
10000	101.357118673225	51.6463307534516	113.7567975377	27.0010318633309	747.907848111714
7943.3	101.314727274229	62.1691439485101	118.868315466915	31.5342755434966	748.989867108982
6309.6	101.873190714031	77.4429813490176	127.967036171358	37.2417340087951	750.166891106011
5011.9	101.293673195094	95.7925006537294	139.415248128923	43.4011453250868	751.338913103052
3981.1	104.257795164855	121.158853389037	159.841032301419	49.2878414201287	752.490934100143
3162.3	103.91547982487	148.803339495736	181.496172941239	55.0718221727036	753.647954097222
2511.9	105.399114802394	185.803862826691	213.616593087821	60.4354881525913	754.819975094263
1995.3	104.98210845922	235.060406888329	257.43861012492	65.9336217409268	755.996999091291
1584.9	108.591865607349	293.947344597881	313.364380031027	69.7244466111766	757.129018088433
1258.9	110.517124283677	370.786500084474	386.906530579192	73.4027151430999	758.27103908555
1000	117.410475139036	462.202909729212	476.882322417726	75.7469851197644	762.034113076049
794.33	124.237191238929	579.308700964409	592.480759772002	77.8958237416719	763.221132073052
630.96	134.231846196144	726.087034499202	738.390526890121	79.5259736004896	764.383152070118
501.19	148.82725974261	909.435124751166	921.532310542426	80.7060408196218	765.570176067121
398.11	170.349252975697	1140.1743280337	1152.82972129299	81.5025040168177	768.276228060289
316.23	201.816530731265	1424.76551849118	1438.98808013057	81.9377493086986	769.363244057545
251.19	247.735500153192	1779.08857803782	1796.25417091814	82.0726213619764	770.575269054484
199.53	313.935904843833	2215.18269929508	2237.31762242341	81.9337528095272	771.747288051525
158.49	408.572636210353	2750.97123131045	2781.1462231529	81.5522169603936	772.954312048478
125.89	541.301125114419	3404.06138250131	3446.83054470144	80.964688492057	774.226334045266
100	723.891997434307	4193.61665752096	4255.63629721652	80.2062537851826	775.448358042181
79.433	963.585472221504	5134.41824224722	5224.05471340006	79.3708363542653	776.72038303897
63.096	1270.43933200129	6264.55405220545	6392.07740639142	78.5360004828051	778.037406035644
50.119	1640.77709001393	7594.14831816461	7769.37823364244	77.8081875424255	779.624436031638
39.811	2064.76231564279	9169.45405915369	9399.04948189064	77.3098918789611	781.02146102811
31.623	2539.04201847341	11071.6500526544	11359.0567064355	77.0837960970827	782.53848902428
25.119	3037.06664672751	13377.2806819475	13717.7043363776	77.2088667016587	783.965515020677
19.953	3576.53562722366	16210.9848361503	16600.8324023434	77.5584727616732	785.727548016229
15.849	4135.05456348973	19700.5365551009	20129.8240628652	78.1459538644972	787.529581011679
12.589	4718.50316833115	24055.145186438	24513.5530286853	78.9021300194955	789.471617006776
10	5314.22753626824	29457.3777768152	29932.8936087582	79.7736091494824	791.618658001355
7.9433	5945.03881009644	36238.3398235944	36722.7553381259	80.6833970970967	793.790699995871
6.3096	6611.61322728143	44734.2510736078	45220.201775133	81.592687706645	795.967737990375
5.0119	7313.56109283184	55371.9098416384	55852.8117051336	82.475884649053	798.259779984588
3.9811	8111.74247514641	68714.8176474163	69191.9542309709	83.2674269398676	800.526820978864
3.1623	8946.14335174104	85477.4108489088	85944.2915283095	84.0251244573794	802.838865973027
2.5119	9962.14995440443	106457.634577998	106922.740292497	84.6539134883567	805.310912966785
1.9953	10947.8719425981	132788.079878953	133238.620744928	85.2868407315935	807.852958960367
1.5849	12363.198839786	165905.51632968	166365.528383045	85.7382233460422	813.309059946592
1.2589	13899.6643984937	207362.492131762	207827.822520196	86.1651572498416	815.921106939997
1	15770.094161841	259163.489018972	259642.850682163	86.5178463115901	820.770199927754
0.79433	18147.6457820898	324327.034255584	324834.361169589	86.797367255092	823.757251920213
0.63096	21189.4654997719	406181.442668066	406733.767735207	87.0137301432811	827.159316911623
0.50119	25098.5110238534	508900.400836285	509518.942952022	87.1765113551967	830.831382902352
0.39811	30125.4498657065	637392.235283094	638103.756711078	87.2940090808531	834.898460892084
0.31623	36834.5368871683	798726.05443035	799574.945288787	87.359583725035	839.565546880301
0.25119	45528.9515658292	1001186.9147762	1002221.59413463	87.3962695913023	844.882645866876
0.19953	57203.845325378	1254948.29801091	1256251.37237756	87.390114204323	850.934756851596
0.15849	73019.4336353848	1572917.99146988	1574611.96666927	87.3420713243938	858.101889833501
0.12589	94848.1457818425	1971554.75596685	1973834.92889698	87.2457210375635	866.464041812389
0.1	123470.298518839	2473523.67980415	2476603.38148202	87.1423519549547	876.556230786908
