Frequency (Hz)	Z' (Ω)	-Z'' (Ω)	Z (Ω)	-Phase (°)	Time (s)
10000	97.6702967094403	51.427143354658	110.382235585853	27.7685191423576	19334.2819901856
7943.3	97.7378367932452	63.7327796757657	116.681412171017	33.10752185023	19335.4540081827
6309.6	99.1925398306949	77.6812992335252	125.990254419429	38.0657923613128	19336.7110311795
5011.9	99.601239253159	96.097357927087	138.401983588862	43.9742585455208	19337.9780571763
3981.1	100.86153058494	118.983127468983	155.980873744946	49.7121862935527	19339.2450801731
3162.3	101.062102053031	149.957691489921	180.833784753744	56.0224948922736	19340.49210017
2511.9	101.576421991025	188.373430572851	214.014763159655	61.6651652601536	19341.7641251667
1995.3	103.946473832428	234.982314899943	256.946604838304	66.1373800200264	19343.0161511636
1584.9	105.543995029612	295.530946302959	313.812165330685	70.3466524834828	19345.2581931579
1258.9	111.856610294358	369.48220715952	386.042747210738	73.1568982021606	19346.5052121548
1000	113.931152319734	463.753936183805	477.543737049158	76.1974063041998	19350.4232861449
794.33	120.243128714692	581.528207339502	593.829492307845	78.3175330932444	19351.6953101417
630.96	129.408507322265	729.01474066008	740.411408520331	79.9341913249888	19352.9623351385
501.19	142.89841977485	914.03684860056	925.139621340364	81.1144357580058	19354.2493551352
398.11	162.800003302857	1146.1156256566	1157.6203472856	81.9155040790399	19357.0804111281
316.23	191.944373425788	1433.50238057779	1446.29586102291	82.3735211550248	19358.2624311251
251.19	234.494541848373	1791.18003002042	1806.46438938071	82.5414701001111	19359.5644541218
199.53	296.212176694055	2233.14960223073	2252.709213273	82.4442094816605	19360.8264801186
158.49	385.327424878674	2778.08153136028	2804.677204109	82.1033031936933	19362.1335041153
125.89	510.108196452992	3441.16486271963	3478.7678831024	81.5680456184979	19363.4855271119
100	681.694975863092	4246.63044245806	4300.99734421314	80.8803352122198	19364.8225541085
79.433	910.442018509232	5212.35483285183	5291.27088444931	80.0921012904031	19366.1795761051
63.096	1205.77401213307	6366.62070860239	6479.79553809688	79.2757718236274	19367.5866051015
50.119	1562.37793763611	7747.68604973041	7903.64877415484	78.5987890984236	19369.2786340973
39.811	1970.45526657408	9384.45994298122	9589.09705754346	78.1418659200289	19370.7656610935
31.623	2430.27727106833	11370.9860523053	11627.7930587018	77.9358985991724	19372.3526910895
25.119	2933.1860342184	13772.0667469967	14080.9588734243	77.9767447116066	19373.8847220856
19.953	3452.80942754293	16715.2113174719	17068.1042395068	78.3287442004673	19375.716756081
15.849	3989.36644276131	20357.2201207189	20744.4319193858	78.9123627112916	19377.5987890763
12.589	4569.74068270959	24888.7265140474	25304.7670884017	79.5959811574726	19379.5058240714
10	5168.92258392947	30551.2070150515	30985.3838245581	80.3971326039022	19381.7628660658
7.9433	5808.79760607139	37663.926800278	38109.2313179498	81.2325179036491	19384.0099090601
6.3096	6498.23825498854	46512.3353473483	46964.0760569479	82.0466867620677	19386.3969530541
5.0119	7231.1982598494	57593.3375334439	58045.5231392952	82.8436104628903	19388.783998048
3.9811	8048.7498584552	71537.2520381984	71988.6157906978	83.5805734192233	19391.166041042
3.1623	8943.5230872788	89023.0775826032	89471.196189002	84.2631442764648	19393.6530870357
2.5119	10061.3270033574	110859.733725695	111315.366696609	84.8141984953495	19396.2051350293
1.9953	11360.974622765	138286.919881481	138752.816024347	85.3034074991094	19398.8571850226
1.5849	12642.3413275032	172932.655343208	173394.152376295	85.8187971755271	19404.2632830089
1.2589	14458.381269659	216091.056977631	216574.212903218	86.1721167348272	19406.9903330021
1	16580.6558406048	269910.975449518	270419.771496492	86.4847324012851	19412.0244269893
0.79433	19339.9015677241	337726.299407132	338279.596050198	86.7225357813609	19415.1064849816
0.63096	22907.6700759922	422989.852381727	423609.698385467	86.9000866340499	19418.6035509727
0.50119	27547.7673752426	529634.216330094	530350.15093328	87.0225681738344	19422.3506189633
0.39811	33642.4880649506	663460.118977159	664312.536744857	87.0971532899658	19426.5076949528
0.31623	41995.9659091612	830352.327829291	831413.645235731	87.1046710721889	19431.164779941
0.25119	52713.3005531061	1040571.36366062	1041905.68427556	87.0999874071928	19436.5618789274
0.19953	66938.8424856733	1303310.20941521	1305028.08804993	87.0598357552889	19442.7789979117
0.15849	87004.814725673	1632241.07774518	1634558.28090166	86.9487991263782	19449.9461288936
0.12589	114329.950407509	2041965.64156199	2045163.81223604	86.795347008501	19458.4732878721
0.1	153477.907542655	2556227.92515348	2560831.24657564	86.5640417470048	19468.6704748463
