Frequency (Hz)	Z' (Ω)	-Z'' (Ω)	Z (Ω)	-Phase (°)	Time (s)
10000	98.0306174448448	50.9505332319764	110.480581068531	27.462750299195	21894.0493857228
7943.3	99.3895855303299	63.0231885769656	117.686923701397	32.3788877862016	21895.2664077198
6309.6	98.8294176732533	77.9565688993756	125.874860207261	38.2663495982353	21896.5384307166
5011.9	99.6296863615499	96.1151122528571	138.434783229794	43.9713717568386	21897.8004517134
3981.1	99.6879914508624	119.206936077431	155.396233057548	50.0956094779229	21899.0874777101
3162.3	101.273963468112	150.074837118829	181.049364574371	55.9876145329237	21900.3595007069
2511.9	101.6161017848	186.785813178848	212.637654583619	61.4527158723799	21901.6215227037
1995.3	102.7169270884	235.386059434748	256.82165813401	66.4246782757245	21902.8985457005
1584.9	108.637129741726	294.978313231681	314.347309890713	69.7818263241449	21904.1205676974
1258.9	111.704178889681	370.101965130829	386.591888397984	73.2051350348792	21905.3825926942
1000	113.551393943408	463.868012239854	477.564081402532	76.24491742304	21909.2906656844
794.33	119.806082468823	581.639974531155	593.850618732631	78.3610101362745	21910.5826876811
630.96	129.026057859817	729.55450188439	740.876166998659	79.9706085873077	21911.8497136779
501.19	142.458286870937	914.559376367809	925.588038168427	81.1463500445067	21913.1517376746
398.11	162.125036397953	1146.57447326934	1157.97994377274	81.9517617647764	21915.9977926674
316.23	191.139291168565	1433.97352395989	1446.65624667588	82.4076013661381	21917.1798116644
251.19	233.638618983231	1791.55418335129	1806.72449370786	82.5699241332051	21918.5018346611
199.53	295.55719549605	2234.52075954416	2253.98249341988	82.4652974861822	21919.7638586579
158.49	384.068870721135	2780.22047294395	2806.62337616462	82.1347513770446	21921.1358846545
125.89	508.69665642429	3442.66772949882	3480.04789966888	81.5946623490502	21922.487908651
100	679.78349290219	4251.1077892725	4305.11591403015	80.9148976349723	21923.7399326479
79.433	907.892247078886	5216.95356398441	5295.36333230078	80.1278399735224	21925.1219586444
63.096	1198.43183223777	6379.74307910509	6491.32964899411	79.3609986945841	21926.5739866407
50.119	1552.31979050238	7757.56240777052	7911.35078494436	78.6843343524318	21928.1960166366
39.811	1968.02468013504	9403.41017291536	9607.14546687561	78.1792759912336	21929.6880436329
31.623	2425.06448422237	11383.6357179081	11639.076420003	77.9740078175399	21931.2900736288
25.119	2919.19409805893	13791.616327634	14097.1761395963	78.048916694567	21932.8370996249
19.953	3444.38882990704	16742.9578328966	17093.5792450189	78.3751997318175	21934.6991356202
15.849	3994.19849195361	20398.4757050819	20785.8469320819	78.9211614403376	21936.5861706154
12.589	4558.67081669878	24925.5342091315	25338.976601781	79.6356305758075	21938.5132056106
10	5160.72740840064	30595.6491847668	31027.8400218439	80.4257438955597	21940.7702486049
7.9433	5796.73988174178	37683.0353807942	38126.2816016296	81.2548034546717	21943.0422915991
6.3096	6478.23852003371	46554.2642555633	47002.8413470852	82.0779036422555	21945.3143305934
5.0119	7217.67920012504	57671.6295336704	58121.5256691086	82.8664485301723	21947.7013775874
3.9811	8005.31758665443	71614.0419066295	72060.0867878167	83.6217168574428	21950.1334205812
3.1623	8945.7771771543	89200.9440902951	89648.3985127635	84.2730740398431	21952.5504665751
2.5119	10100.2588705372	111080.325549756	111538.576077927	84.8045236620939	21955.1225145686
1.9953	11191.6432850929	138617.01764413	139068.07850824	85.3840730061023	21957.7745635619
1.5849	12656.2939465688	173086.932228522	173549.035966043	85.8179166871126	21963.2106645482
1.2589	14516.18665645	216501.779118174	216987.879929685	86.1641273999034	21965.9277125414
1	16558.232989801	270378.313353737	270884.860063747	86.4955270423662	21970.8468075289
0.79433	19400.8711266021	338265.262357285	338821.164507346	86.7174531115943	21973.983861521
0.63096	23004.9309648408	423553.199843635	424177.486373899	86.8910833088941	21977.4209285123
0.50119	27835.0484728649	530395.989881011	531125.875857451	86.9958877433478	21981.1429945029
0.39811	33929.9268967123	664379.681357098	665245.519292971	87.0764395945508	21985.3100724924
0.31623	42485.1300255911	832021.677399314	833105.670329796	87.0768714728578	21989.9821604806
0.25119	53089.6962472089	1042434.3435596	1043785.35939156	87.0845264624122	21995.4142604669
0.19953	67886.8497976708	1304991.55945285	1306756.13433365	87.0221056508878	22001.6413764512
0.15849	88266.618008407	1633291.70471792	1635675.02535039	86.9066212122483	22008.8735074329
0.12589	118782.081307521	2044292.34388765	2047740.3082709	86.6746104063985	22017.4206674114
0.1	158837.307563121	2564148.51471235	2569063.42774472	86.4553170370411	22027.5928563857
