Frequency (Hz)	Z' (Ω)	-Z'' (Ω)	Z (Ω)	-Phase (°)	Time (s)
10000	95.3978628183893	50.93812230992	108.145478568346	28.1001903918877	41196.5987829886
7943.3	96.9412794853688	62.6069815398493	115.400371774927	32.8553348507256	41197.8308039855
6309.6	96.8624324928331	78.1316848454952	124.446337853809	38.8905244559867	41199.1678309821
5011.9	96.6265419856976	96.6274570392151	136.651213203466	45.0002712942803	41200.4798529788
3981.1	96.9820688324153	119.20503268384	153.672904222478	50.8691078294269	41201.7868789755
3162.3	98.3477802966373	149.888327309596	179.272966598269	56.7295033393219	41203.1439019721
2511.9	100.202744597894	188.458576316937	213.441385425501	62.0005825650555	41204.4809299687
1995.3	102.085192083635	235.369195795566	256.554175121365	66.5524807543009	41205.8329539653
1584.9	103.69939730104	294.702935990736	312.415405321439	70.6141654516852	41207.0449759622
1258.9	105.899636255101	368.999381463479	383.89487686005	73.9869780369759	41208.3920009588
1000	110.387405987605	465.179387239014	478.097523223805	76.6505900018276	41212.4100779487
794.33	116.238314525304	583.422337625362	594.889039909062	78.7322035789792	41213.7521009453
630.96	124.772550327673	731.888569065558	742.448022991577	80.3252130822876	41215.0891239419
501.19	137.296533256182	917.782453749938	927.995134930902	81.4918769630181	41216.4561499385
398.11	155.574147410884	1150.91127741923	1161.37852736883	82.3017190739951	41219.2672029314
316.23	182.499260862754	1440.23896979646	1451.75558216107	82.7782779085158	41220.4992249282
251.19	222.322052947206	1800.9864433005	1814.65678963788	82.9627471369825	41221.8412489249
199.53	279.665058626955	2247.87902944515	2265.20919034779	82.9081091458264	41223.1582749215
158.49	362.29491813682	2797.70826570043	2821.06879527534	82.6214286790517	41224.5352989181
125.89	479.345131937663	3471.91830895905	3504.85213662394	82.1392398109438	41225.9423249145
100	641.498941847935	4293.00384883037	4340.66848981403	81.5012373593716	41227.339351911
79.433	857.287655543072	5283.02205374533	5352.12706731689	80.7828299389153	41228.7913779073
63.096	1137.33618102353	6467.28861050793	6566.53299392235	80.0259615624039	41230.2934079035
50.119	1470.79336275736	7884.22821005907	8020.24236443154	79.4330022324372	41232.0404398991
39.811	1871.3046364457	9583.01150648633	9764.00996393555	78.9507159245608	41233.6324688951
31.623	2314.90925520405	11632.8594750792	11860.9537739074	78.7453112923379	41235.2794998909
25.119	2801.81616562247	14116.7973334732	14392.1555293256	78.7741668540593	41236.8915298869
19.953	3309.89712631225	17184.7670146297	17500.6181700498	79.0979662681033	41238.798565882
15.849	3848.64477729582	20976.4438112816	21326.5857930814	79.6033112294159	41240.7455978771
12.589	4403.17492624571	25685.0963659987	26059.779829495	80.2723877531744	41242.8376378718
10	5002.50521550631	31592.4148828597	31986.0240818065	81.0021969033341	41245.1196788661
7.9433	5636.65424312988	38942.9406025236	39348.7546668033	81.7641270476312	41247.4467228602
6.3096	6275.16471022048	48146.3183888121	48553.53402727	82.5741968467356	41249.8087658542
5.0119	7068.64105759128	59710.548615901	60127.4920682123	83.2486449857359	41252.2508118481
3.9811	7910.48728470082	74185.1986964622	74605.7606000702	83.9134577722523	41254.6978568419
3.1623	8846.62839581519	92363.3433954818	92786.0444095196	84.528858371792	41257.2649068354
2.5119	10029.2156322599	115010.06358617	115446.523950673	85.0162468212841	41259.8669528289
1.9953	11330.7225427207	143640.632419128	144086.836855791	85.4897090491523	41262.5490048221
1.5849	12893.5374724868	179622.419077768	180084.582193767	85.894274321358	41268.2151108078
1.2589	14776.4520710108	224405.929380147	224891.895533775	86.2326846488704	41270.9971598007
1	17179.2386053978	280135.750335621	280662.011777801	86.4907486672629	41276.0212537881
0.79433	20244.9217374293	350592.536143203	351176.569912455	86.6951325126369	41279.1733117801
0.63096	24300.2238937746	438898.042008049	439570.235752816	86.8309719439679	41282.6703757713
0.50119	29675.8225316536	549607.02809058	550407.612383304	86.9093373619299	41286.4874477616
0.39811	36612.8325332308	688080.041585602	689053.439970043	86.9541562022927	41290.714524751
0.31623	46318.93000684	862060.154697167	863303.627696236	86.9244260814692	41295.6216157386
0.25119	59129.1734660421	1078479.00009043	1080098.70511487	86.8618177681931	41301.0237147249
0.19953	76618.465808453	1349776.14910135	1351948.97906161	86.7511584357625	41307.2708307092
0.15849	102665.372156329	1692813.92405798	1695924.27900675	86.5293903060916	41314.5729646907
0.12589	138220.975762966	2115664.58547288	2120174.916455	86.2620540982834	41323.0851246692
0.1	182371.726606246	2644297.2942802	2650578.73439046	86.0546758412824	41344.0545136163
