Frequency (Hz)	Z' (Ω)	-Z'' (Ω)	Z (Ω)	-Phase (°)	Time (s)
10000	101.026995257192	51.1546174751688	113.239783908869	26.8551925563356	3441.7977283103
7943.3	101.343526338007	62.8711524835496	119.261444504215	31.8144965098089	3442.90974730749
6309.6	101.88453957274	77.8327583760973	128.212314854624	37.3773312080728	3444.12677130442
5011.9	101.888840161103	95.4742323148672	139.630457943416	43.1384530521628	3445.30379330144
3981.1	102.742792322957	120.685784269649	158.496498065726	49.5914276329585	3446.48581429846
3162.3	103.682673762625	149.424064647887	181.872614580818	55.2439141045644	3447.66283429549
2511.9	103.92567113144	185.984560713398	213.051172125093	60.804128519142	3448.85485729248
1995.3	105.4757781329	234.078825479871	256.745080402286	65.7437013835728	3450.03688028949
1584.9	109.492748513331	293.576419290149	313.330138895429	69.5464130845751	3451.19390228657
1258.9	109.340679315381	366.20133109485	382.176397817538	73.3753860482803	3452.35092328365
1000	116.844248847086	462.35194084773	476.887718120631	75.8173288166092	3456.19899427394
794.33	123.61472625017	579.623236526461	592.658161900529	77.9610395239964	3457.41101727088
630.96	133.476840181448	726.453136714069	738.613719549355	79.5887277950928	3458.59303726789
501.19	148.078304407514	910.107007044601	922.074806351354	80.7587109158124	3459.79006226487
398.11	169.209507016886	1140.08846150872	1152.57692035292	81.5579092502369	3462.4311122582
316.23	200.508766754388	1426.01981831931	1440.04732136996	81.9962667824607	3463.54812925538
251.19	246.038265006915	1780.39879477256	1797.31875199565	82.1319701043283	3464.77515425228
199.53	311.720779924228	2218.02882483741	2239.82626836239	82.0000720051302	3465.87217524951
158.49	406.077867005654	2755.89975783193	2785.65660290172	81.617865162737	3467.09419624643
125.89	538.880267997647	3409.96540336745	3452.28272240269	81.0197557332205	3468.36122124323
100	719.702197260436	4198.65425321465	4259.89070174095	80.273311015253	3469.61324224007
79.433	959.902667531477	5148.67976590628	5237.39596202032	79.4392116959369	3470.89526723683
63.096	1264.78010481896	6275.21792609914	6401.40833985631	78.6046131445471	3472.25729223339
50.119	1633.52829992498	7612.56953681454	7785.86088107748	77.8889564044475	3473.8793232293
39.811	2058.46214527517	9195.45053938669	9423.03438526242	77.3819878932271	3475.3063462257
31.623	2530.55180484952	11114.3561932846	11398.7984466886	77.1733745484264	3476.82337522186
25.119	3033.55383613004	13427.4151921566	13765.8246254722	77.2693235414425	3478.26540421822
19.953	3574.32662029658	16262.9497754293	16651.1064553289	77.6044185942365	3480.04243821374
15.849	4133.6012644973	19779.9375167775	20207.2409690555	78.1962335907138	3481.85947020915
12.589	4706.15108978365	24128.6521871675	24583.3218757998	78.9633571995297	3483.80150420425
10	5314.6388811132	29581.5080344171	30055.1327401315	79.8148494141604	3485.98354519874
7.9433	5955.83390632546	36395.662060308	36879.752904919	80.7064152502485	3488.17058519322
6.3096	6630.72497251959	44889.3834254371	45376.4614968719	81.5974548466046	3490.46262718743
5.0119	7320.10642949325	55573.9535394063	56053.9763989959	82.4962943226861	3492.78467218157
3.9811	8119.65345532863	68992.648238732	69468.8007901968	83.2878112428969	3495.07671417578
3.1623	9039.29270002075	85844.619224026	86319.2183828993	83.9890024682964	3497.49375716968
2.5119	10069.5747491754	106923.259403981	107396.367430189	84.6199965714487	3499.88580316364
1.9953	11129.1444834208	133342.617083182	133806.245696997	85.2289932303979	3502.43285115721
1.5849	12473.7680143539	166645.301747541	167111.49416783	85.7192675212378	3506.48692814697
1.2589	14060.4966722399	208400.918357513	208874.700092962	86.1401894135663	3509.23397714004
1	15963.3349705247	260208.529790224	260697.731173424	86.4894046027915	3514.16807012758
0.79433	18460.8578324058	325894.019492949	326416.475094593	86.7578415645279	3517.15512312004
0.63096	21548.3044466726	408018.459513634	408587.06872392	86.9768990850174	3520.50718711157
0.50119	25556.1047514801	510967.087031617	511605.784290643	87.1367278736801	3524.18425410229
0.39811	31083.7373938956	640128.880021944	640883.126450151	87.2199830440664	3528.24132909205
0.31623	38082.8788161669	801728.360409197	802632.337713443	87.2804388002775	3532.92341408023
0.25119	46939.4555916275	1004400.08116343	1005496.31303767	87.3242960069497	3538.18051206695
0.19953	59323.5059175146	1259134.11819964	1260530.8429264	87.3025313100359	3544.23762405166
0.15849	76443.3922667816	1578054.5492009	1579904.98210332	87.226672141155	3551.41975903353
0.12589	99670.5386834382	1977410.41095939	1979920.74327535	87.1144723967806	3559.8269130123
0.1	131788.126107569	2479659.66894546	2483159.31506169	86.9577253198252	3569.87409998693
