Frequency (Hz)	Z' (Ω)	-Z'' (Ω)	Z (Ω)	-Phase (°)	Time (s)
10000	93.7654055516541	51.2093206432114	106.837941757624	28.6408519271947	66318.9249395608
7943.3	94.411977065243	63.0678230416209	113.539295913693	33.743184553192	66320.2769645574
6309.6	94.1303576165816	77.7016149566313	122.057630617238	39.5385887612939	66321.7039915538
5011.9	94.5159826734084	96.0747844213868	134.772531260402	45.4685996664158	66323.1860185501
3981.1	96.1683875734624	119.837680920777	153.653599166924	51.2533500774693	66324.6080425465
3162.3	95.627566368754	149.507388138467	177.474196878297	57.3963003705985	66326.0200685429
2511.9	98.349807764608	187.284497792374	211.537627387369	62.2944247979233	66327.4520975393
1995.3	98.5334856374525	232.451908520944	252.473241288845	67.0285135795606	66328.8941225356
1584.9	102.016898044018	294.829187660911	311.980283645162	70.913338734117	66330.2011465323
1258.9	101.846472790259	373.111232071546	386.761807211835	74.7321806414862	66331.5781735289
1000	107.816591166079	465.581532828648	477.902271433968	76.9616109011342	66335.5862485187
794.33	113.529401107761	583.954573086008	594.888114139078	78.998096766281	66337.073273515
630.96	121.919079456063	732.729476648334	742.803303630749	80.5530850088367	66338.5153025114
501.19	134.122669891977	918.676918348178	928.415947129656	81.693758861583	66339.9473265077
398.11	152.044651656325	1152.0989240771	1162.08842475816	82.4820137004581	66342.9533855002
316.23	178.548666705074	1442.05650240732	1453.06798964033	82.9418270729599	66344.3154094967
251.19	217.467102879638	1804.51366838368	1817.57022428802	83.1282607733148	66345.782434493
199.53	274.025003972497	2251.66555948564	2268.27853108385	83.0612934145328	66347.1044604897
158.49	354.958808601132	2803.73702520384	2826.11695835512	82.7846239382916	66348.5764894859
125.89	470.420400168752	3480.81825792194	3512.46225568015	82.3033088711956	66350.0935134821
100	629.370153683815	4305.64284059356	4351.3982880337	81.6837812269641	66351.5655434784
79.433	840.776109247633	5299.022396658	5365.30920135687	80.9842482922406	66353.0825704746
63.096	1117.17431938772	6491.24012484062	6586.67418491611	80.2347804633988	66354.6495984706
50.119	1451.0003598997	7925.80460695813	8057.52944221166	79.6255770771045	66356.486634466
39.811	1843.42030175302	9631.72894287449	9806.54887500803	79.165165055601	66358.1436634618
31.623	2276.60365162061	11710.759181767	11929.9960100543	78.9987617009271	66359.9006984573
25.119	2752.27547125079	14231.2288314428	14494.9265028333	79.0543040231753	66361.627728453
19.953	3265.32566076392	17330.8371496183	17635.7667249665	79.3299123813063	66363.6297654479
15.849	3790.15190834195	21156.6648658819	21493.4808659638	79.8433757803872	66365.7118034427
12.589	4345.7026697794	25929.038569272	26290.686046981	80.4856639333277	66367.7988434374
10	4926.52253938433	31897.7539787641	32275.9559613782	81.2201930317761	66370.2208894313
7.9433	5517.49501189151	39347.6387216639	39732.5990110996	82.0177857175851	66372.6479324252
6.3096	6221.83794996394	48680.668494164	49076.6619944175	82.716559003634	66375.2099794187
5.0119	6953.63245391183	60408.1261007102	60807.0284038235	83.4335337377929	66377.7370284123
3.9811	7791.60199656073	75101.4032420186	75504.5020551297	84.0768821891212	66380.3240744058
3.1623	8696.57732273718	93508.2636849674	93911.7981645956	84.6865877715405	66382.9311253992
2.5119	9948.69544826098	116596.599836244	117020.270186388	85.1230058496678	66385.6431723924
1.9953	11150.8317048151	145604.611279502	146030.968885247	85.6206679443927	66389.8072543819
1.5849	12779.5897267228	181778.891938494	182227.559573106	85.9785551292907	66392.5643013749
1.2589	14392.1905923343	227566.738350635	228021.39275426	86.3812154905196	66395.6163593672
1	17115.0961250507	283960.015947317	284475.336667645	86.5507894630803	66400.8704563539
0.79433	20272.3622892477	355268.853031666	355846.77405763	86.7341280250467	66404.1925163455
0.63096	24566.5061779495	444952.754428976	445630.415142104	86.8398228923666	66407.8345843363
0.50119	30059.0255987085	557128.742784818	557939.047797281	86.9116885639114	66411.7716583264
0.39811	37962.4059445827	696955.717692871	697988.837081143	86.8822432354021	66416.0987363155
0.31623	48503.0086656797	873131.646182862	874477.794695565	86.8204515101591	66420.9658263032
0.25119	61699.4942349536	1093335.60683456	1095075.14662746	86.7700904553269	66426.7029332887
0.19953	80257.4159206408	1369663.99312326	1372013.37707349	86.6465066608219	66432.9900512728
0.15849	108682.987066717	1710801.37959621	1714250.08447019	86.3650253060497	66440.2871882544
0.12589	145946.733716299	2142610.50599034	2147575.4304477	86.1032419220222	66448.9793462325
0.1	203383.951957431	2681309.13050944	2689011.65584442	85.6622793712778	66470.0587371792
