Frequency (Hz)	Z' (Ω)	-Z'' (Ω)	Z (Ω)	-Phase (°)	Time (s)
10000	96.1686821820088	51.4895977535493	109.085260734191	28.165006467642	40617.74906645
7943.3	95.1100542736593	62.7589783437855	113.95004074898	33.4190797670772	40619.0110864469
6309.6	96.6320800390296	77.5234193533181	123.885590126131	38.7384492181897	40620.3381124435
5011.9	97.5874331851606	95.8338675132431	136.775133990847	44.4805682767469	40621.6551354402
3981.1	97.5195899277551	119.147276134031	153.96799612204	50.7003817312917	40622.9871604368
3162.3	98.5356808899928	149.775840924152	179.282132219001	56.6595747405957	40624.3091864335
2511.9	98.7555412806001	185.897201751103	210.500419364225	62.021089805005	40625.6462124301
1995.3	101.954078519025	236.144321150941	257.213480475854	66.6479797795611	40626.9682344268
1584.9	102.436219629986	296.144199218269	313.360121621614	70.9195072453143	40628.2652604235
1258.9	106.482713795642	370.821470428613	385.807116663397	73.9783912960081	40629.5572814202
1000	110.620736753274	465.24259415492	478.212942961435	76.6251379896482	40633.5853584101
794.33	116.48901574333	583.348267639003	594.865440369733	78.7071281859976	40634.9273814067
630.96	125.089896629756	731.566946366365	742.184397070331	80.296890109893	40636.2494064033
501.19	137.734198913068	917.308272758301	927.591061201563	81.4608072287185	40637.5864324
398.11	156.24479433332	1150.25021600127	1160.81350576534	82.2645445741493	40640.4824893926
316.23	183.3871958635	1439.39033871741	1451.0256409863	82.7392822428192	40641.7395073895
251.19	223.708897572246	1800.38810322382	1814.2334450348	82.9169636980661	40643.116534386
199.53	281.655694552972	2245.38291421309	2262.97908998607	82.8502917834733	40644.4685573826
158.49	365.268292778245	2796.07649881594	2819.83416408482	82.5572554050196	40645.8355833791
125.89	483.527120576639	3469.70674852126	3503.23613207376	82.0665387749917	40647.2626123755
100	645.684111101153	4285.72006667475	4334.08634676643	81.4322872234538	40648.649637372
79.433	863.346573493852	5270.47757918624	5340.72103921076	80.6971121519997	40650.0666613684
63.096	1144.18651742977	6453.64423354169	6554.28765616782	79.9463241160177	40651.5186883648
50.119	1481.9944891129	7867.31673852977	8005.68425121249	79.3320007461932	40653.2707233604
39.811	1885.20372651368	9557.9489303743	9742.09324766009	78.8422374170022	40654.8277523564
31.623	2331.0599985446	11603.196237597	11835.032895814	78.6405982485307	40656.4747803523
25.119	2814.14686313872	14077.4037005593	14355.9296987633	78.6952877653269	40658.1268123481
19.953	3322.50911021649	17126.543945321	17445.8469068854	79.0211285699146	40660.0188473433
15.849	3851.05569245102	20899.5455706952	21251.3913664005	79.5595035401406	40661.9708823384
12.589	4424.20019588395	25607.2911395704	25986.667867966	80.1977122457048	40663.9429203334
10	5006.0146231583	31452.8515309877	31848.737052474	80.9566940513327	40666.2349633276
7.9433	5649.79534353402	38809.2245652664	39218.3133087222	81.7171427620636	40668.5570073218
6.3096	6286.57006840088	47959.4558157905	48369.7257111479	82.5321928533644	40670.8890483159
5.0119	7058.75637738442	59501.2191961392	59918.4539805749	83.2344996631178	40673.3260923097
3.9811	7895.95107093616	73931.6604755235	74352.1113619694	83.903880349877	40675.7381363036
3.1623	8854.59687275364	92006.6259860653	92431.7213467254	84.5028589951636	40678.2951862972
2.5119	10044.5499233762	114657.175387657	115096.31119649	84.9933811067812	40680.9172352906
1.9953	11310.8432985268	143223.675543464	143669.608520046	85.4845361695618	40683.5942842838
1.5849	12754.0630206153	178928.826509983	179382.805975861	85.9228474318517	40687.7083622734
1.2589	14557.5508627041	223660.047657859	224133.306773973	86.2759939943965	40690.5554142662
1	16949.4274611854	279478.60728839	279992.098144072	86.5294564790314	40695.6795112533
0.79433	19965.5548448188	349551.046326606	350120.77540227	86.7309482880355	40698.8365662453
0.63096	23934.9697053132	437618.18560403	438272.24318471	86.8693994037483	40702.4136322363
0.50119	29222.296819909	548063.563406341	548842.064864827	86.9479264214746	40706.2307022266
0.39811	36043.8791308877	686084.069849693	687030.211944366	86.9926931171163	40710.4927832159
0.31623	45829.7967426941	859170.248910745	860391.705493974	86.9466264982047	40715.3048692037
0.25119	57428.2408541131	1076367.30690807	1077898.22442943	86.9459505562975	40720.7819721899
0.19953	76039.4576398402	1347877.7149723	1350020.86414882	86.7711262752408	40727.089089174
0.15849	98854.0499307045	1686193.31403786	1689088.51618074	86.6448424000115	40734.4162241555
0.12589	132824.810344209	2112835.50902774	2117006.4521516	86.4027965335181	40742.9483821339
0.1	181187.393335343	2644669.8472139	2650869.19184369	86.0807673476547	40763.932772081
