Frequency (Hz)	Z' (Ω)	-Z'' (Ω)	Z (Ω)	-Phase (°)	Time (s)
10000	94.8271726799949	51.7564835617572	108.032061302004	28.6256248076094	54355.4814297656
7943.3	95.3032641259401	63.3723467832082	114.449842681718	33.6221036997684	54356.8034507623
6309.6	95.6360976969936	78.0822106198647	123.462928840984	39.2299617665573	54358.1654757588
5011.9	95.4273050344805	95.6295203537804	135.097652493439	45.0606420628989	54359.5325027554
3981.1	97.4138638508328	119.829049328598	154.429472359858	50.8909484747383	54360.8995287519
3162.3	97.8452524436056	149.890733572122	178.999791722062	56.8644139116435	54362.2765527484
2511.9	99.2502805907371	188.084854654173	212.665302171326	62.1798889079808	54363.6685817449
1995.3	99.7020480446648	235.854757670018	256.062424224804	67.0849329590872	54365.0456047415
1584.9	103.49429502918	297.197823093868	314.702423179932	70.8001610931068	54366.397628738
1258.9	107.369790587064	370.152133280085	385.410007268244	73.8241755655094	54367.7496557346
1000	109.195040035434	465.233150739222	477.875968547366	76.7911764976259	54371.8277337243
794.33	115.007834880009	583.773387934277	594.99426093371	78.8550157283719	54373.2297567208
630.96	123.518324560162	732.091214720144	742.438093831779	80.4232563742549	54374.6267827173
501.19	135.96199750568	918.00075426184	928.014574018663	81.575358751869	54376.0238087137
398.11	154.197034414683	1151.4629732582	1161.74166844738	82.37266943676	54378.9548647063
316.23	181.088385719979	1441.3301845099	1452.66159315306	82.8388945970816	54380.266887703
251.19	220.541113846849	1802.43840103392	1815.8806602909	83.0241298814455	54381.6789116995
199.53	277.804039845421	2249.66077950895	2266.74848790404	82.9603498356379	54383.060936696
158.49	360.184538109409	2800.25558450567	2823.32503266065	82.670540373934	54384.4979636923
125.89	476.153479600608	3474.99388762171	3507.46413454849	82.1977580175945	54385.9499896887
100	637.83425953514	4295.58503416545	4342.68158266099	81.5540898898964	54387.387018685
79.433	852.43018294259	5289.17567927082	5357.4263021512	80.8446495378459	54388.8740446813
63.096	1127.62809126138	6472.41550915912	6569.90925625349	80.1170897794554	54390.4310736774
50.119	1468.08973334593	7892.1880670538	8027.57248182177	79.4623903567492	54392.1981076729
39.811	1862.41478366901	9600.72637910453	9779.70019135875	79.0217237155362	54393.8251356688
31.623	2303.85776614343	11667.1364335429	11892.4275556138	78.8297623006583	54395.5171696645
25.119	2787.8652986638	14171.0449956081	14442.6697390422	78.8703485048465	54397.1491996604
19.953	3288.96071052174	17227.6488446767	17538.7897892314	79.1916216736571	54399.0912336555
15.849	3808.67966296872	21053.6133896455	21395.3424262332	79.7458727853433	54401.1032706504
12.589	4375.9391035663	25790.8895630428	26159.4882880226	80.3703346480142	54403.245312645
10	4975.14765717306	31702.390035863	32090.3977569095	81.0811506494204	54405.622355639
7.9433	5605.28094719566	39107.2420402535	39506.9051495048	81.8432911951591	54408.009402633
6.3096	6295.9466974988	48378.7344510105	48786.6876504148	82.5852718889831	54410.4114456269
5.0119	7013.1497361851	60029.8196076241	60438.0965231868	83.3364687417842	54412.8434906208
3.9811	7855.84310297656	74558.0758366098	74970.8006047438	83.9851990301236	54415.3505356144
3.1623	8764.69110647915	92817.7909469545	93230.693049363	84.6056125570144	54417.9575826079
2.5119	10040.2406683423	115658.056568966	116093.033735829	85.0386087702977	54420.6396346011
1.9953	11258.241707385	144482.580780951	144920.544283638	85.5444528269694	54425.9157345878
1.5849	12809.6312876532	180691.836900064	181145.318945991	85.9449635319632	54428.612780581
1.2589	14729.5743840806	225798.15678781	226278.076645327	86.2676914490318	54431.5248375736
1	17140.0311266141	282089.576010675	282609.818585455	86.5229286910912	54436.5789295608
0.79433	20230.7421511642	352809.963379124	353389.520483511	86.7181533417122	54439.8509885526
0.63096	24393.3032107577	441693.819071605	442366.887376973	86.838952836562	54443.3980535436
0.50119	29781.4888765737	552985.722074967	553787.094376962	86.9172680457023	54447.2751275338
0.39811	37036.257451741	692426.672678597	693416.455964801	86.9383024330238	54451.5372045231
0.31623	46995.8864656034	867293.267903109	868565.614041185	86.8983557615709	54456.3792975109
0.25119	60647.0235995692	1085565.16470244	1087257.92169426	86.8023935561709	54461.8963964969
0.19953	78768.3411827342	1359402.08668402	1361682.22609152	86.6837973117975	54468.218515481
0.15849	104198.760607697	1699578.35082647	1702769.49476734	86.4916675082589	54475.6006524623
0.12589	139854.026299257	2127082.75877601	2131675.44700273	86.2382617278463	54484.2178104406
0.1	190493.417531417	2659393.80547047	2666207.63533103	85.9028786854054	54505.2872053874
