Frequency (Hz)	Z' (Ω)	-Z'' (Ω)	Z (Ω)	-Phase (°)	Time (s)
10000	92.2915172051923	52.1558919736644	106.009250613354	29.4717114259905	73523.9303463699
7943.3	92.3380966969391	63.1804244939706	111.884271195068	34.3810745168927	73525.2873693665
6309.6	93.741156842668	77.2599523596053	121.476354591378	39.4947977289391	73526.8093963626
5011.9	95.1211493192815	95.6511026875981	134.896873548554	45.1591636777273	73528.2314243591
3981.1	94.8787823512975	120.279072117547	153.196078702827	51.7328450901005	73529.6684483554
3162.3	95.8816850920083	150.787283899695	178.689962006628	57.5487877031921	73531.1004773518
2511.9	96.1081706505878	188.578550643206	211.656916325677	62.9945489900304	73532.5575023481
1995.3	97.0226655444552	236.449968423863	255.581660525549	67.6901549715615	73534.0695303443
1584.9	98.980620113709	298.163988313178	314.163853880289	71.6355339871277	73535.4515563408
1258.9	103.340072084224	369.358673514788	383.542696709215	74.3693130678356	73536.8435823373
1000	106.871990668425	465.639155217337	477.746214282172	77.0735347365044	73540.9816623269
794.33	112.598674535929	584.339533818637	595.089196919781	79.0931345397829	73542.4536853232
630.96	120.809888048879	732.837212448046	742.728354783232	80.6388543073364	73543.8957123195
501.19	133.03205519469	919.058742927397	928.636904640673	81.763745928812	73545.3427413159
398.11	150.732290929378	1153.05089291915	1162.86137832093	82.5522565975028	73548.3987993081
316.23	177.008609139748	1443.45378519171	1454.26643971931	83.0088075620582	73549.7758213047
251.19	215.506868102839	1805.46148931657	1818.27786644526	83.1931595314838	73551.2528503009
199.53	271.321713340531	2254.38238030045	2270.6508733707	83.1372883523526	73552.6948772973
158.49	352.128164932205	2807.52250665082	2829.51884070232	82.8511162269589	73554.1719032936
125.89	466.445094183257	3485.5911953237	3516.66276557843	82.3779085152674	73555.7239312897
100	622.897643375603	4310.80097965811	4355.57189819479	81.7778432623712	73557.1109602862
79.433	834.253821773057	5305.74046169033	5370.92741395384	81.0641975206603	73558.6629872822
63.096	1107.80031926894	6504.1621104051	6597.82890849722	80.3340381277082	73560.2550152782
50.119	1439.62139274998	7944.38592449769	8073.77095735446	79.7287541043773	73562.0120512738
39.811	1827.44595320987	9658.62618220041	9829.98567849365	79.2860849383571	73563.6990792695
31.623	2262.94013928903	11743.7077398209	11959.7478883267	79.0931388837052	73565.4611142651
25.119	2733.98617253383	14275.2953224491	14534.7424103334	79.1580723921795	73567.1531452608
19.953	3239.66322530899	17384.2846312989	17683.5734498272	79.4436861216005	73569.1701822557
15.849	3771.16051670863	21245.4982304	21577.6005779306	79.9346095133	73571.2722202504
12.589	4318.01871452342	26052.8008862804	26408.213109545	80.5892858033902	73573.3592582451
10	4897.82155787501	32033.4562465279	32405.7244188585	81.3069665700355	73575.8163032389
7.9433	5524.35866513288	39518.4678656819	39902.7297451184	82.0420883152215	73578.2583502328
6.3096	6183.59487198889	48886.1015335141	49275.6305762385	82.7909511640325	73580.8753992261
5.0119	6923.00045257158	60704.2623223323	61097.7528176351	83.4938286872775	73583.3924462198
3.9811	7749.1095470634	75417.615245329	75814.6779196804	84.1334842563548	73585.9244932134
3.1623	8637.61016260744	93995.9299047122	94391.9654842125	84.7496388187021	73588.5665422067
2.5119	9985.28211643576	117061.717535456	117486.81445718	85.1245121115456	73591.3185921998
1.9953	11116.4600908549	146314.641338245	146736.327999888	85.6552199169685	73596.5696911865
1.5849	12818.7307033443	182877.027891185	183325.740656238	85.9904213141014	73599.3367391795
1.2589	14610.3436580522	228414.917526539	228881.708946918	86.3401156969199	73602.3437941719
1	17234.7307708736	285535.433097191	286055.098711323	86.5458551705809	73607.467891159
0.79433	20469.7248801679	357147.359650212	357733.484792502	86.7197093638639	73610.7199521508
0.63096	24715.1930226312	447165.500821884	447847.994180427	86.8364354746922	73614.3370181417
0.50119	30640.8969443833	559822.571110155	560660.481655289	86.8671428821946	73618.2640891318
0.39811	38222.7678267262	700705.955637934	701747.687026331	86.8776703718188	73622.6111721208
0.31623	48913.2491986636	877483.315523154	878845.535329547	86.8094830014189	73627.5632611083
0.25119	62926.3516497102	1098215.24239488	1100016.56549362	86.7206096904388	73633.1203660942
0.19953	82051.8829904843	1374852.15769447	1377298.43063129	86.5846095412857	73639.5324840781
0.15849	110842.769711026	1721130.58251233	1724696.08965071	86.3151752015703	73646.9746210593
0.12589	149789.254848708	2150377.4507374	2155588.08716044	86.0153732059586	73655.6417810374
0.1	203492.400870873	2690688.47689777	2698372.40515883	85.6750464245377	73676.766174984
