Frequency (Hz)	Z' (Ω)	-Z'' (Ω)	Z (Ω)	-Phase (°)	Time (s)
10000	91.7245612155967	50.445948470368	104.681368195438	28.8095659137495	78870.7223458706
7943.3	92.8660509720451	62.0398080201854	111.682770391515	33.7451783799989	78872.0893698671
6309.6	92.9737780660156	77.8681733866879	121.274794720288	39.9471280767828	78873.5563958634
5011.9	94.6350993644218	96.6823921128964	135.289641053504	45.6131000143041	78875.0134228597
3981.1	94.0647494434154	120.440842547273	152.820723860835	52.0100301690193	78876.495448856
3162.3	95.4600168012872	150.037063250076	177.830636158141	57.5337315864097	78877.9674778523
2511.9	95.8260559063163	187.63167621471	210.685260304802	62.9459792236694	78879.4445038485
1995.3	96.3640358868654	235.827525595174	254.756058300382	67.7740531204915	78880.9015318449
1584.9	99.345003090507	296.842759531352	313.025643558544	71.4960414902135	78882.3135568413
1258.9	104.241753572818	370.268157543819	384.661996665684	74.276473604578	78883.7355828377
1000	106.069907363135	465.915389060214	477.836766073054	77.1746820559337	78887.9286618271
794.33	111.760371602942	584.617422791273	595.204092469078	79.1774354218389	78892.0757398167
630.96	119.932006873484	733.192638260007	742.93682845271	80.7101140188262	78893.5427658129
501.19	131.869953168477	920.484235078402	929.882203064736	81.8471942773129	78896.6088258052
398.11	149.694968149113	1152.24454971937	1161.92774553634	82.5978224828239	78898.8478637996
316.23	175.693244918134	1442.65021340219	1453.30924256995	83.0564233637369	78900.2298897961
251.19	213.586889285115	1804.58993750539	1817.18579177259	83.250012680237	78901.7669167922
199.53	269.527055108831	2253.62324849656	2269.68336549392	83.1799781741581	78903.2389437885
158.49	349.322740657355	2808.64583796407	2830.28581953365	82.9102972392908	78907.2070197784
125.89	462.624870358518	3488.88435587355	3519.42265426212	82.4466628652984	78908.6840457747
100	619.516679077395	4314.57150673815	4358.82188239114	81.8289165554096	78910.1960727709
79.433	828.529430961929	5315.23384771817	5379.42114673122	81.1401332677828	78911.748103767
63.096	1101.83599060115	6515.54172251908	6608.0501275392	80.401585046987	78913.3851327629
50.119	1428.64005868494	7950.90188639194	8078.23329845767	79.8136328862744	78915.317170758
39.811	1818.70532448828	9684.42921484214	9853.72306666926	79.3639148577682	78917.8962187515
31.623	2249.84244298319	11774.4503918998	11987.4715035973	79.1824130575541	78919.6082487471
25.119	2726.96881094354	14310.3985065301	14567.9052822139	79.2111484762338	78921.2852777429
19.953	3221.30848050413	17426.956311008	17722.1791716581	79.5272967535998	78923.3073157378
15.849	3742.48312178225	21312.4166791258	21638.5139189711	80.040342614412	78925.3943537325
12.589	4321.77468871733	26124.2050747589	26479.2716525227	80.6065310654939	78927.6163957269
10	4878.97088694946	32135.2790434892	32503.5462083542	81.3669419853982	78930.0384427208
7.9433	5481.9642908574	39624.9514327699	40002.3587871467	82.1233408592016	78932.5154867146
6.3096	6165.2407870212	49087.6317792779	49473.2835746721	82.8413280486957	78935.0775337081
5.0119	6910.65335097229	60890.405203575	61281.3069018021	83.5250185770478	78937.6545817016
3.9811	7743.93849197242	75741.8750406941	76136.7205627322	84.1622966497322	78940.2016286952
3.1623	8705.0853121424	94323.5696012555	94724.4123371297	84.7271314154736	78942.8336796885
2.5119	9985.96335844551	117599.634607346	118022.851702446	85.1463769731511	78945.6207316815
1.9953	11158.6061516695	146842.254870062	147265.618209317	85.6544207934669	78951.0118296679
1.5849	12792.721028251	183463.641419157	183909.111884332	86.0112835263175	78953.8538806607
1.2589	14547.7975993309	229416.29775852	229877.089098103	86.3716053984662	78956.9359406529
1	17345.4295122575	286721.80760335	287245.990190111	86.538072221849	78962.1750376397
0.79433	20599.6383262615	358562.886265004	359154.129178356	86.711939735879	78965.4420956314
0.63096	24946.8488081061	448899.531740822	449592.187279299	86.8191537241095	78969.0691626223
0.50119	30622.7219020202	562013.654515035	562847.314071972	86.8811799542164	78973.0162376123
0.39811	38769.0281729965	703494.435588048	704561.891141456	86.8456650831401	78977.4583206011
0.31623	49811.0639229961	881271.314724747	882677.898355808	86.7649799799422	78982.3254085888
0.25119	63568.8912593861	1101908.42572908	1103740.54135412	86.6982767745297	78987.9425125746
0.19953	84444.4377063551	1378881.65005097	1381464.97165395	86.4955115765787	78994.3896315583
0.15849	113145.819540918	1726656.37859744	1730359.56559058	86.2508332521986	79001.8617705395
0.12589	152218.564250207	2159868.92096907	2165226.14224715	85.9686976004199	79010.5339325176
0.1	211279.172236759	2692987.80749842	2701263.07862751	85.5140313079773	79031.6533234643
