Frequency (Hz)	Z' (Ω)	-Z'' (Ω)	Z (Ω)	-Phase (°)	Time (s)
10000	96.1197180609981	51.5281702050782	109.06031599445	28.1950132913531	35462.9846204646
7943.3	96.7206517380445	63.3413901708002	115.615812851883	33.2203892629792	35464.1866424615
6309.6	97.2653576418472	78.0229299857304	124.692130468425	38.7353889034405	35465.5236684582
5011.9	97.3763117826554	95.5639183318886	136.435364122858	44.4618051334592	35466.8606944548
3981.1	99.1957577086188	119.291037083155	155.145576397659	50.2549832341635	35468.1527174515
3162.3	99.4651594850138	149.935003910903	179.927272388434	56.4401614903817	35469.4447414483
2511.9	101.062548710394	187.352478060741	212.87223817901	61.6564816500755	35470.7767654449
1995.3	101.426593983954	234.184337833028	255.205129363576	66.5822840144647	35472.0837884416
1584.9	105.923974281614	293.834913972957	312.344113114218	70.1763726862862	35473.3608144384
1258.9	106.212462372058	368.409810529817	383.414756703171	73.9177408526833	35474.6228344352
1000	111.69659142598	464.698860580124	477.934262802583	76.4845818240024	35478.4959104254
794.33	117.702826356207	582.953892951713	594.717745354716	78.5850120364629	35479.8129304221
630.96	126.500847480211	731.049243113722	741.913377875313	80.1827468027391	35481.1299574188
501.19	139.44037006017	916.419033179032	926.966806943651	81.348356486873	35482.4769824154
398.11	158.275771099366	1148.8224137984	1159.67416034103	82.1556185218548	35485.3330364081
316.23	186.349642030248	1438.18875283819	1450.21139075484	82.617178812478	35486.560055405
251.19	227.005332960602	1796.81120482551	1811.09412427379	82.7995200912702	35487.9170814016
199.53	286.515761745861	2242.1118201696	2260.3443755041	82.7177353886526	35489.2641073982
158.49	371.715648468071	2789.90897195165	2814.56294921474	82.4108494641383	35490.6111313948
125.89	492.711163537083	3461.88703181634	3496.77367179122	81.8998105739701	35491.9831583914
100	657.736258176724	4274.93446758154	4325.23776079848	81.2531303014307	35493.3451823879
79.433	879.585072304345	5254.46903990528	5327.58057571575	80.4969397145782	35494.7472103844
63.096	1166.79210385369	6431.52613804817	6536.50765149189	79.7173717087918	35496.1942373807
50.119	1508.28457943412	7833.06327661635	7976.95447323315	79.1008862419726	35497.9362663763
39.811	1914.81226674548	9500.79157442929	9691.82885515554	78.6051191372221	35499.4632963725
31.623	2370.39386191201	11532.7299005875	11773.8110236446	78.3853920891975	35501.1053283683
25.119	2852.35656834795	13987.8586662817	14275.7181276764	78.4744572863747	35502.7223553642
19.953	3369.1129383994	17000.3965239581	17331.0243195114	78.7904533067855	35504.6193933595
15.849	3915.83785569858	20738.4265672457	21104.8838565192	79.3072786346417	35506.5364253546
12.589	4463.50010754643	25373.4386828111	25763.0398788738	80.0230443237595	35508.4984643497
10	5069.44616531457	31175.4614823485	31584.9439299869	80.7639656411105	35510.7905073439
7.9433	5706.87356231947	38437.1952640427	38858.543277154	81.5548366228275	35513.0875473381
6.3096	6387.31784388571	47461.1962657577	47889.0695275612	82.3351988491651	35515.4245933322
5.0119	7116.53827629732	58889.1669131638	59317.6120285069	83.1094299703365	35517.7766363262
3.9811	7956.9633694571	73194.334945705	73625.5657649361	83.7957340450109	35520.2686803199
3.1623	8870.75440090841	91073.6835792659	91504.6781554773	84.4368279075066	35522.8057303135
2.5119	10086.2261800614	113480.388178879	113927.742274586	84.9208527205217	35525.3727763071
1.9953	11198.4502549633	141655.427395285	142097.379985183	85.4799310139727	35528.0498233003
1.5849	12786.9427364371	177096.982129205	177558.010193336	85.8702364008313	35533.5859282863
1.2589	14673.7674214721	221156.271965833	221642.541223848	86.2039763452529	35536.3479792793
1	16883.5271959007	276400.99009943	276916.162075311	86.5045189966612	35541.3820742666
0.79433	19837.1000072476	345774.496725206	346343.056985797	86.7165374460534	35544.5291292587
0.63096	23727.3975911516	433063.13519242	433712.656558622	86.8639172219127	35548.0761952497
0.50119	28916.3445089333	542242.160287073	543012.629109628	86.9474585906603	35551.8632672402
0.39811	35690.9497268921	679318.495627811	680255.439077439	86.9924824614391	35556.0603452296
0.31623	45101.5307774213	850908.085267364	852102.52766427	86.9659337956563	35560.8674332174
0.25119	57351.9252792526	1065291.08363082	1066833.79033313	86.9183502228875	35566.3295322037
0.19953	74398.7036754866	1334495.2094642	1336567.48097187	86.8090379345557	35572.5966491878
0.15849	97026.4790628166	1668635.61720424	1671454.14553971	86.6721583978865	35579.9087871694
0.12589	129556.15002873	2091719.703988	2095728.06348102	86.4557630995419	35588.4409441478
0.1	177858.730618865	2611419.54189184	2617469.3411446	86.1037124991377	35609.4353330948
