Frequency (Hz)	Z' (Ω)	-Z'' (Ω)	Z (Ω)	-Phase (°)	Time (s)
10000	96.2119963527084	51.7234211254349	109.233971524854	28.2624063040076	36030.3571290321
7943.3	96.9499850150377	62.9964778507183	115.61944393575	33.0151370085485	36031.564149029
6309.6	96.4688468770606	76.7953000342368	123.30351383938	38.5220064612073	36032.8961710257
5011.9	96.9273639659718	96.9458954911222	137.089097079117	45.0054766612931	36034.2081980224
3981.1	99.379909071829	120.57335614489	156.250761723479	50.5037053613839	36035.5102210191
3162.3	99.5036120531483	150.381758090031	180.320941595457	56.5084528851575	36036.8672450157
2511.9	100.252713819309	188.00776503245	213.066952718232	61.9318063342698	36038.1892720123
1995.3	103.033850510595	235.261836742234	256.834783817085	66.3487950879666	36039.486294009
1584.9	104.067878534362	295.425834916841	313.219647019397	70.5944754227396	36040.7483170059
1258.9	107.236809895946	369.051892234215	384.316318360689	73.7975198503459	36042.0353400026
1000	111.590125438041	464.746850864625	477.956056017563	76.4983356696957	36046.0284199925
794.33	117.606412883746	582.846840751397	594.593733674739	78.592077169667	36047.3704399891
630.96	126.326659259341	730.756644238992	741.595373461201	80.1921530409904	36048.6674649859
501.19	139.29372918181	915.906089671301	926.437643927722	81.3525503369219	36050.0094909825
398.11	158.177567665498	1149.46372209306	1160.29607916282	82.1647446028879	36052.8555449753
316.23	185.871199069641	1437.88819986475	1449.85191587068	82.6344031301953	36054.0775659722
251.19	226.67049814955	1797.53753052716	1811.77280263973	82.8129044754528	36055.4295889688
199.53	286.059921942486	2242.39400020897	2260.56655091482	82.730102379652	36056.7716139654
158.49	371.274776603672	2791.04385065903	2815.62972282289	82.4227922405442	36058.133640962
125.89	491.773393216638	3460.72555662756	3495.49173201296	81.9123459676038	36059.5156669585
100	656.708481466667	4275.58625102027	4325.72581418932	81.2678980763334	36060.7776879553
79.433	877.340195110409	5253.88925667801	5326.63854033601	80.5197256415005	36062.2097169517
63.096	1163.03207035912	6430.84167329638	6535.16397833208	79.7487364368626	36063.7017419479
50.119	1508.39354480669	7835.04492892452	7978.92098746944	79.1028085060931	36065.3437719438
39.811	1911.15811658785	9507.323115956	9697.510926923	78.6339076586102	36066.8808019399
31.623	2366.2910169868	11536.3718197487	11776.5533132816	78.4085119813639	36068.5078319358
25.119	2846.25242784212	13988.1695003782	14274.8043368135	78.4987131449959	36070.1448619316
19.953	3362.5904213179	17014.1557611309	17343.255478876	78.8204266928502	36072.0268969269
15.849	3900.81178832434	20763.2112166166	21126.4590652045	79.3597938818214	36073.963932922
12.589	4478.36555074005	25372.2092769725	25764.4088152735	79.9900122905825	36075.9159679171
10	5063.22748778677	31213.0032889244	31621.003255866	80.7860054981026	36078.2030099113
7.9433	5685.32059176938	38454.4380945513	38872.4411299172	81.5899925328274	36080.5100529055
6.3096	6331.25259488495	47559.4770083365	47979.0434744871	82.4172067391615	36082.8170978996
5.0119	7101.60741851571	58934.0434840073	59360.3765933268	83.1289341667058	36085.2591418935
3.9811	7909.29613582542	73253.68636555	73679.4376437996	83.8375726911447	36087.7311868872
3.1623	8861.89600484144	91104.0205453434	91534.0142260077	84.4441876068029	36090.1682318811
2.5119	10069.3166526461	113525.744373677	113971.425249704	84.9313387650146	36092.7602828745
1.9953	11222.6522268039	141739.056250522	142182.657134379	85.4728644574044	36095.4773298677
1.5849	12736.0149171984	177123.158062753	177580.458378996	85.8872336514374	36101.0234358537
1.2589	14630.0495722263	221352.831357326	221835.782281377	86.2186040628177	36103.7854868467
1	16880.2896043134	276581.232546451	277095.872170698	86.5074594898664	36108.8395798339
0.79433	19828.1920503445	346305.736302542	346872.916492526	86.7230323352155	36111.971637826
0.63096	23689.3988647754	433228.778642925	433875.975669332	86.870124337638	36115.5137018171
0.50119	28906.0989956258	542613.395281349	543382.792603795	86.9506218596461	36119.2857708076
0.39811	35649.1483501872	679351.907641097	680286.613269503	86.9961458949147	36123.467848797
0.31623	45037.255885087	850683.437905227	851874.794757959	86.9694510277513	36128.2699397849
0.25119	57270.8175887456	1064967.23910456	1066506.05573211	86.9217659690827	36133.7220407711
0.19953	74017.6470862554	1332304.54755613	1334359.02946656	86.8201386783514	36139.9991577553
0.15849	96865.5290419467	1669928.17868673	1672735.20100719	86.6802321374391	36147.2962927368
0.12589	129270.923350475	2090945.64526273	2094937.86615905	86.4622402987526	36155.8084497154
0.1	175234.308071866	2617198.93897717	2623058.77725007	86.1694836771546	36176.7528376625
