Frequency (Hz)	Z' (Ω)	-Z'' (Ω)	Z (Ω)	-Phase (°)	Time (s)
10000	95.4053830304336	50.8142097798745	108.093806606747	28.0403743425324	43535.1750830843
7943.3	95.8926072444844	63.1228814186607	114.803703262304	33.3555668902838	43536.4921070809
6309.6	96.170390283859	78.1333151986234	123.909478698271	39.0920189657184	43537.8241300776
5011.9	96.5804039963843	96.4847965776032	136.517729276187	44.9716266778155	43539.1711570742
3981.1	97.86017618492	121.049015197299	155.658209430725	51.0467370813945	43540.5131800708
3162.3	98.8853797983775	149.611856224217	179.337742432331	56.5374438977796	43541.8352080674
2511.9	99.6614690437495	188.240394979394	212.994964057737	62.101590351639	43543.177229064
1995.3	100.044876877177	236.822517775802	257.087304850005	67.0985364714439	43544.5342560606
1584.9	102.729013569544	296.587847376996	313.875136703582	70.8954697630736	43545.8162790574
1258.9	106.720215920242	370.791060669234	385.843511229978	73.9432470027408	43547.158304054
1000	110.132086639407	465.011237242765	477.875012183726	76.6757200160309	43551.2113800438
794.33	115.995278637862	583.165873767578	594.590061297175	78.7503426836184	43552.6134070402
630.96	124.602098081317	731.496341091504	742.032735043761	80.333097613126	43553.9554290368
501.19	137.011566873025	917.61310737178	927.785527089907	81.5077342446358	43556.9464860293
398.11	155.844269116979	1149.23699846366	1159.75562721392	82.2774142386464	43559.0105270241
316.23	182.802965081728	1437.55662476428	1449.13283499006	82.753033272182	43560.2625470209
251.19	222.230042453043	1798.61872059516	1812.29564195361	82.9564632268692	43561.6295730175
199.53	280.932634563439	2244.39953330478	2261.91344004616	82.8653646412953	43562.9515960141
158.49	364.448214259499	2796.59416800739	2820.24137999035	82.5751379937454	43566.6946680047
125.89	482.081095177705	3470.72894893779	3504.04931747865	82.0922638375208	43568.0216920013
100	644.631833011181	4287.77890480275	4335.96565214749	81.4500899807644	43569.4287169978
79.433	862.076306955419	5275.16418936264	5345.14104432688	80.7186703043194	43570.8657429941
63.096	1137.72329761564	6454.18703612666	6553.69701765674	80.0027896734783	43572.3777719903
50.119	1484.84226619144	7867.73163549238	8006.61961401915	79.312523747367	43574.0548049861
39.811	1879.99245533007	9567.38425988743	9750.34426102175	78.8830106524283	43575.6068319822
31.623	2328.07555779851	11615.2048717316	11846.2196508049	78.6661899773435	43577.258861978
25.119	2802.53645327035	14091.3149520462	14367.3020309893	78.7515659419075	43578.9058929738
19.953	3312.87365046189	17149.4982890985	17466.5515598162	79.0664975930513	43580.842926969
15.849	3838.85216626137	20941.7655057407	21290.7099095319	79.6123902708436	43582.819962964
12.589	4393.74756525436	25611.3679085884	25985.5187328683	80.2654077333991	43584.8070009589
10	4994.20731839624	31512.9033752909	31906.193534791	80.9945837131551	43587.1240429531
7.9433	5591.17124748283	38861.4545187482	39261.6077514843	81.8127829101464	43589.4410869472
6.3096	6292.32434279129	48029.334277826	48439.7594627186	82.5361867514947	43591.8731309411
5.0119	7033.71132765655	59612.4014069324	60025.9235376019	83.2707413384124	43594.3551769348
3.9811	7857.64625913068	74090.8720003853	74506.3750192633	83.946172515075	43596.7872229287
3.1623	8753.38276428641	92169.274747464	92583.9992509052	84.5748498874413	43599.2892689224
2.5119	9935.07473154937	114857.188904471	115286.077012616	85.0562564672588	43601.9263179157
1.9953	11216.686891124	143418.20790303	143856.165745269	85.5280206838267	43604.6383689089
1.5849	12717.5295029732	179140.71865833	179591.571734538	85.9392797543658	43610.0644698952
1.2589	14545.1613352709	223976.195821673	224447.985094581	86.2843918316013	43612.8315198882
1	16925.7430559836	279733.214618799	280244.807514723	86.5374409743326	43617.9106148754
0.79433	19992.4160250125	350150.621241517	350720.906497371	86.7321528077537	43621.0476708674
0.63096	23944.2067894029	438317.833186809	438971.352058825	86.8731827288729	43624.6047388585
0.50119	29333.7516840875	549150.582067669	549933.478498193	86.9423607607715	43628.4218108488
0.39811	36498.1026107364	687216.311879218	688184.837675939	86.9598737175658	43632.6688898381
0.31623	45867.4564335435	860384.171550983	861605.911200216	86.9484256118448	43637.5059788259
0.25119	59062.218331635	1076821.3760126	1078439.90165049	86.8605484975623	43642.993077812
0.19953	77181.5476893366	1347390.18347103	1349598.93961792	86.7215512423155	43649.330196796
0.15849	102255.049176345	1687359.61619279	1690455.13677244	86.5320809766276	43656.7223347774
0.12589	135911.718980296	2110827.90593298	2115198.91353546	86.3159321470353	43665.3344917556
0.1	186700.56959003	2642498.94515311	2649086.21562617	85.9585950727307	43686.3088837027
