Frequency (Hz)	Z' (Ω)	-Z'' (Ω)	Z (Ω)	-Phase (°)	Time (s)
10000	95.4416692940613	52.3516734360723	108.856832349624	28.7456533681573	53124.6876388731
7943.3	94.8053154315255	62.4664118018713	113.534578157811	33.3805456626973	53125.9646618698
6309.6	95.231949311602	78.2856853259462	123.279246820544	39.4220081260886	53127.3466868663
5011.9	96.2955320243158	95.9894291632713	135.966172259635	44.9087896052242	53128.7037138629
3981.1	97.0480107286897	121.155543048709	155.232026327763	51.3045749734736	53130.0707378595
3162.3	97.4230778082698	150.343718355595	179.149350371757	57.0566690473888	53131.427762856
2511.9	99.0169008687206	187.438106944927	211.984411202201	62.1540957373366	53132.7947898526
1995.3	100.316333555567	236.88214663556	257.247970201327	67.0480100282526	53134.1668128491
1584.9	101.370167383759	293.799824573576	310.796151447979	70.9639574814397	53135.5138398457
1258.9	107.148745326176	369.001150513666	384.243025578061	73.8080186539961	53136.8458628424
1000	109.413325683224	465.156555378317	477.851333417083	76.7635972948539	53140.968940832
794.33	115.291441992728	583.570074718235	594.849685805926	78.8244286631823	53142.3659648284
630.96	123.820471704791	731.98293147704	742.381654667542	80.3988717832519	53143.7729908249
501.19	136.293226545873	917.841530290075	927.90566240729	81.5536864850998	53145.1700178213
398.11	154.663535961993	1151.12662035402	1161.4703205179	82.3476580446689	53148.1060728139
316.23	181.580152863661	1440.42282283411	1451.82273727042	82.8151746181049	53149.3980948107
251.19	221.232221505803	1800.91777021868	1814.45543095493	82.9966362527865	53150.8201228071
199.53	278.914039722024	2248.52706364092	2265.75969543986	82.9289785568014	53152.2171488036
158.49	361.794656647694	2799.81781858051	2823.09673777215	82.636995988619	53153.6141748
125.89	478.582404497728	3472.881779976	3505.70235125347	82.1537419828741	53155.0812007963
100	640.075721620517	4293.43472674125	4340.88455066427	81.5206568100922	53156.4882287928
79.433	856.247208632768	5280.72934146434	5349.69734284977	80.7898961742254	53157.970256789
63.096	1130.63905077431	6466.35231416742	6564.45404539282	80.082116486893	53159.5172817851
50.119	1476.84801099165	7885.39086364158	8022.49768588138	79.3920166844385	53161.2943167806
39.811	1868.15329484423	9580.53786914489	9760.97856749807	78.9660882234744	53162.9063477766
31.623	2313.74757050983	11629.3936720979	11857.3279030594	78.7475481767397	53164.5983787723
25.119	2793.91460224397	14128.2996854586	14401.9030272656	78.8139090622684	53166.2254067682
19.953	3302.89805697328	17192.1021130609	17506.4990972116	79.124999966625	53168.1824427632
15.849	3829.21431413558	20992.8954909058	21339.2723248866	79.6625968338364	53170.1794807582
12.589	4394.26707845416	25715.5963768125	26088.3399274832	80.3029881251481	53172.2015197531
10	4977.86354084678	31617.7411308898	32007.1973101559	81.0528553635688	53174.598562747
7.9433	5600.74283978384	38965.3884301925	39365.8458041126	81.8205361844557	53177.0206087409
6.3096	6262.17858584869	48209.6923086276	48614.7026436819	82.5990266958331	53179.3976527349
5.0119	7017.64698322749	59846.3655364525	60256.409095663	83.3119795512168	53181.9096987286
3.9811	7826.18432997063	74332.0284398853	74742.8900508576	83.9896520732261	53184.3667427224
3.1623	8753.5992730515	92549.37982543	92962.4290038986	84.5968662840547	53186.883789716
2.5119	9963.08389858827	115324.574734705	115754.138494098	85.0623809374752	53189.5558407093
1.9953	11087.5652570158	144168.963488257	144594.689171515	85.6022250717363	53194.9269426957
1.5849	12884.4552316614	179940.383566303	180401.083213502	85.9043817806501	53197.6089876889
1.2589	14291.7942291562	225198.625780156	225651.670580032	86.3687042856433	53200.6110426814
1	16988.7598654347	281114.189617524	281627.068241109	86.5416124177938	53205.8251426682
0.79433	20057.4771447033	351651.582313657	352223.136283108	86.7355046218406	53209.0222016601
0.63096	24079.8039321399	440266.974079671	440924.988430776	86.8694043197043	53212.5842676511
0.50119	29402.4784164121	551005.791824324	551789.713895591	86.9455100115703	53216.4563376414
0.39811	36638.6944676238	690171.718197643	691143.541192551	86.9612288771462	53220.7134176306
0.31623	46445.0693242281	864368.454374365	865615.370347627	86.9242864083156	53225.6055076183
0.25119	59337.2431125231	1081845.32186812	1083471.36965779	86.8605765861859	53231.1026086044
0.19953	77749.8434563062	1354161.80789991	1356391.99353735	86.7139433026914	53237.4297255884
0.15849	102258.287944585	1695277.09728508	1698358.3820951	86.548128940536	53244.7918625698
0.12589	139422.239580515	2121601.25198194	2126177.422818	86.2401811688556	53253.4740225479
0.1	196714.53873558	2649941.41092593	2657232.78827619	85.7545182918427	53274.4734144949
