Frequency (Hz)	Z' (Ω)	-Z'' (Ω)	Z (Ω)	-Phase (°)	Time (s)
10000	95.7429000122062	51.4494652915774	108.691077745768	28.2522982880394	44124.0479885975
7943.3	95.8389630349262	62.8931800792094	114.632713202148	33.2744118541278	44125.3250095943
6309.6	96.4170004862894	77.0893349768264	123.446358998322	38.6437652039166	44126.6620365909
5011.9	95.9804282622578	96.8587941952341	136.359336396013	45.2609755014786	44127.9940575875
3981.1	97.4615523043894	119.284687691609	154.037628179825	50.7494600384939	44129.3410825841
3162.3	98.4877895017135	150.320354522651	179.711028222392	56.7677449042864	44130.6831095807
2511.9	98.8313580719026	187.923963436476	212.32770278984	62.2596054395156	44132.0451355773
1995.3	100.638142188278	234.392710599677	255.084257541253	66.7633965042067	44133.3971585739
1584.9	103.686667036548	294.609526500755	312.323066753237	70.6106805003402	44134.7141835706
1258.9	104.596797627831	369.201294558379	383.731789115236	74.1822765023354	44136.0362085672
1000	111.300464217701	465.076227408177	478.20883579802	76.5412955266632	44139.9692815573
794.33	117.537424800522	583.234448153666	594.960055585121	78.6059726788743	44141.3113065539
630.96	125.912662214624	731.581287432026	742.337644624516	80.2344816729616	44142.6333285506
501.19	137.742319991366	917.92004385779	928.197260086719	81.4659188232379	44145.5493875432
398.11	156.234194099356	1149.54308441043	1160.11138530821	82.2603625956642	44147.5834255381
316.23	183.332386766343	1438.33908111882	1449.97588818269	82.7361805889986	44148.8304435349
251.19	222.929302345897	1797.80461701977	1811.57360182302	82.9313568656764	44150.2574695313
199.53	280.5545084357	2244.25537220028	2261.72345963281	82.8744158800117	44151.6094955279
158.49	364.935172493033	2796.513664213	2820.22452195788	82.565116533533	44155.3475655185
125.89	483.498290116833	3468.85008638114	3502.38369090714	82.0650716182366	44156.6945885151
100	645.971663084398	4287.99949529663	4336.38317739244	81.433017124973	44158.1816195113
79.433	863.718322887308	5274.6669840488	5344.91544684345	80.700439242755	44159.6386435076
63.096	1140.1054039285	6453.15741325127	6553.09704889733	79.9807156080179	44161.1106725039
50.119	1487.54619401205	7864.59391464107	8004.03842579038	79.2893383962594	44162.8827034994
39.811	1884.82925188134	9559.97770271001	9744.01123691163	78.846706214645	44164.4447344955
31.623	2333.77490537161	11600.9232510138	11833.3395787011	78.6255427748617	44166.1017654913
25.119	2807.38918520958	14091.0081621687	14367.9485335777	78.7323475513447	44167.7087934873
19.953	3321.57127309927	17139.0127185533	17457.9091728938	79.0319435827779	44169.6258284824
15.849	3851.99995370332	20904.2665538146	21256.205300953	79.559306451308	44171.5978674774
12.589	4401.73308834759	25613.9105373605	25989.3760447796	80.2490042454578	44173.5849024724
10	4995.36668846248	31484.9332267028	31878.75011104	80.98465687346	44175.8969474666
7.9433	5629.85321698655	38810.490388054	39216.6981196282	81.7462408097712	44178.2139874607
6.3096	6293.15192152503	47988.5367366201	48399.4154843768	82.5289416280489	44180.5410304549
5.0119	7030.72369351475	59548.7250219065	59962.3359067105	83.2664467947179	44183.0080784486
3.9811	7871.66521806781	73980.3909077082	74397.9929310102	83.9264631456859	44185.5001244423
3.1623	8794.07889599331	92116.5294744053	92535.3490620635	84.5466769182329	44188.0821704358
2.5119	9924.99136774517	114736.393544577	115164.862077224	85.0560753733845	44190.6892204292
1.9953	11142.9029856064	143299.112277941	143731.694022552	85.5536419197189	44193.3812704224
1.5849	12740.0728731057	179069.755573129	179522.385283374	85.9304991365673	44198.9423754084
1.2589	14557.3461476224	224023.782361706	224496.261417661	86.2820756157295	44201.7344254014
1	17034.6561772027	279618.817484671	280137.2210232	86.5137927908558	44206.7535213887
0.79433	20154.3114286558	349895.591782664	350475.564651951	86.7033525507943	44209.9205753807
0.63096	24242.7080316819	437988.444139244	438658.849326244	86.8319050269294	44213.4876423717
0.50119	29529.1428142543	548545.309194939	549339.536639332	86.9186432293873	44217.324713362
0.39811	36738.233892094	686899.568948932	687881.323813736	86.9385013786199	44221.5667903513
0.31623	46497.5384133197	860059.104930339	861315.090458813	86.9054200409371	44226.2888793394
0.25119	59282.1003307917	1077800.25937097	1079429.37078799	86.8517403402322	44231.7759803255
0.19953	78565.4763766795	1347375.63901253	1349664.27184049	86.6628617043585	44238.0130963098
0.15849	103375.684486588	1686474.41869168	1689639.75362931	86.492334029031	44245.3552312912
0.12589	141632.689857664	2110756.34602284	2115502.81756183	86.1611821905258	44253.8873902697
0.1	179960.030331607	2647965.60093823	2654073.74356274	86.1120645269399	44274.9017822166
