Frequency (Hz)	Z' (Ω)	-Z'' (Ω)	Z (Ω)	-Phase (°)	Time (s)
10000	100.99703344005	51.1461629028105	113.209234355557	26.8582251942771	2538.48500459094
7943.3	100.69115883427	63.4373011711793	119.008405784092	32.2116899090857	2539.60702258811
6309.6	101.020863074124	77.8033997542637	127.50915178748	37.6024429999618	2540.7990435851
5011.9	101.9249757542	96.1331126706832	140.108086969484	43.3249623091921	2541.97606758213
3981.1	102.527541570177	120.660475523939	158.337762817616	49.6447998201966	2543.16808757912
3162.3	103.308309805503	149.026224472375	181.332353581374	55.2694350893689	2544.36011057611
2511.9	104.616273741921	186.710046861818	214.021509037729	60.7374748439455	2545.56213457307
1995.3	105.940518700279	234.518114738751	257.336627092029	65.6895434379225	2546.75915757005
1584.9	106.502190059567	294.726327530522	313.378883505434	70.1321912809867	2547.90117556717
1258.9	108.475462150583	367.404414727765	383.0834502432	73.5508636324034	2549.06819656422
1000	116.992705406814	462.271499375688	476.846130584544	75.7976664381514	2552.91127255452
794.33	123.818529956245	579.73252512963	592.807581811925	77.9439779922241	2554.12329255146
630.96	133.739872672652	726.270853344077	738.482028190011	79.5661004292401	2555.31531254845
501.19	148.28506431645	910.397459248735	922.39470624342	80.7489318240903	2556.52733754539
398.11	169.451914950269	1139.96920610674	1152.4945736757	81.5451182247407	2559.27338953846
316.23	200.663816467889	1425.46642701398	1439.5209278727	81.9870887543198	2560.37540953567
251.19	246.467188688271	1780.68805228914	1797.66404388172	82.1196900442903	2561.58743053261
199.53	312.18090388207	2217.88945277131	2239.75233931407	81.9879197916975	2562.76945052963
158.49	406.554740365853	2754.50642237114	2784.34774907838	81.6039773593237	2564.00647352651
125.89	538.720369955097	3408.23113390095	3450.54475396224	81.0178831903901	2565.27849652329
100	720.216902664858	4199.61699873273	4260.92658032606	80.2686765522387	2566.54052152011
79.433	958.527440500231	5141.91166280005	5230.49045522799	79.440432907508	2567.82754451686
63.096	1261.5683076704	6272.15137250795	6397.76816042686	78.6273836110088	2569.16456851348
50.119	1627.92539102467	7600.87164277819	7773.2484077593	77.9112452737245	2570.78659950939
39.811	2055.78354111236	9194.17344482338	9421.20328309521	77.3961879486835	2572.21362450578
31.623	2530.1102242812	11112.3425843061	11396.7370531216	77.173291782731	2573.72065850198
25.119	3033.81287532039	13422.6001190307	13761.1850695303	77.2638535918292	2575.15268249836
19.953	3565.8494049871	16253.1859372646	16639.7516535056	77.6257109606916	2576.91471449392
15.849	4118.403882988	19782.7490905189	20206.8902140294	78.2400446848213	2578.73674948932
12.589	4701.36321552043	24145.4973842375	24598.9402214093	78.9818140182607	2580.6837854844
10	5302.35204818046	29569.3832276072	30041.0279734888	79.8338250072741	2582.85082347893
7.9433	5950.99171443425	36372.086451746	36855.7047855356	80.7079252755878	2585.03286547342
6.3096	6572.30635002208	44918.4350954809	45396.7071733784	81.6757523051821	2587.2199054679
5.0119	7332.04706220102	55570.7159363165	56052.3271934102	82.4837611456357	2589.54194946204
3.9811	8071.53438622361	68948.0016292216	69418.8489965883	83.3229476812191	2591.82399045627
3.1623	8949.38792684804	85784.3407383309	86249.8965806642	84.0442045427372	2594.15603445039
2.5119	9981.92258119036	106894.782447615	107359.830909609	84.665143765271	2596.56307944431
1.9953	11107.8613584935	133343.291019725	133805.148794546	85.238099155288	2599.13012343783
1.5849	12400.1936380261	166562.614122114	167023.558893507	85.7423188019151	2604.51122742424
1.2589	14035.731514845	208396.936847802	208869.061966351	86.1468939212405	2607.15327541757
1	15864.830472711	260193.589825606	260676.805704427	86.5108138184428	2612.00736340532
0.79433	18325.8843042653	325803.250267914	326318.24331574	86.7806012622448	2615.00441739775
0.63096	21380.9152232214	407724.837091988	408285.055221803	86.9981835059177	2618.4314823891
0.50119	25497.4967889115	510624.817250037	511261.015856025	87.1413716720333	2622.09855237984
0.39811	30763.9164137621	639712.422151799	640451.716844005	87.246754026314	2626.15562736959
0.31623	37696.3480988212	801736.620856945	802622.342003448	87.3080284796059	2630.84271035776
0.25119	46469.7440509182	1005336.35643311	1006409.77075859	87.3534962740051	2636.16981034431
0.19953	58810.309516901	1258189.83125259	1259563.53709247	87.3238284999753	2642.22692332902
0.15849	74919.7340505106	1576141.56571659	1577921.16461176	87.2785718759493	2649.4040543109
0.12589	99273.6913283951	1976872.85087766	1979363.92164935	87.1251618716232	2657.8812122895
0.1	128193.559337514	2477921.19506248	2481234.98234156	87.0384822338811	2667.98839926398
