Frequency (Hz)	Z' (Ω)	-Z'' (Ω)	Z (Ω)	-Phase (°)	Time (s)
10000	93.6562977425386	50.740382201077	106.518019568289	28.4476051479393	58694.7077708101
7943.3	93.9540420369958	62.8335181024301	113.02837259829	33.7733646813209	58696.0347958068
6309.6	94.6889172330102	77.7422941253311	122.514714800424	39.3869688667593	58697.4318218032
5011.9	95.7706212739086	96.4182757404079	135.898843983103	45.1930794526814	58698.8188457997
3981.1	95.4969165875532	121.054212438	154.187494391454	51.7308942893253	58700.1908717963
3162.3	96.839930937706	149.918344592728	178.475438840877	57.1395137420738	58701.5878967927
2511.9	97.5236332389223	187.689424869206	211.514016669943	62.5435615442364	58703.0449257891
1995.3	99.542380854212	235.278709581953	255.469678765747	67.0676127995459	58704.4269527856
1584.9	98.537180420057	293.487911117639	309.588000247635	71.4407664579714	58705.7789757822
1258.9	101.120473804402	368.643407050851	382.260790278687	74.6608131885092	58707.1610037787
1000	108.534588745552	465.732168858896	478.211470025738	76.8818752141961	58711.3040797682
794.33	114.224243232535	583.785431059103	594.85511451017	78.9292912747013	58712.7511067646
630.96	122.68031938456	732.434539490874	742.637741704195	80.4914156822772	58714.173129761
501.19	134.858511516443	918.967576406771	928.810112248658	81.651433167696	58717.1791877534
398.11	153.091610973796	1150.42959790215	1160.57110987645	82.4199884601333	58719.323229748
316.23	179.859476649591	1440.53376421011	1451.71862189958	82.8830998971068	58720.6202497447
251.19	218.839554434206	1800.60507705445	1813.85484372351	83.0704472748839	58722.082276741
199.53	276.683872077177	2248.44406907036	2265.4038705726	82.9846957736544	58723.4793057375
158.49	357.48416524801	2802.27790893049	2824.98785967001	82.7300938793018	58727.3473757277
125.89	473.61848604073	3477.37353513986	3509.47876090035	82.2440352917502	58728.7294027242
100	633.380197883644	4300.19314361858	4346.58849530242	81.6210873155455	58730.1814267205
79.433	846.387152100086	5291.51102534819	5358.77412685229	80.9124111887493	58731.6934577167
63.096	1123.21485948665	6482.54137120408	6579.13020466566	80.170088395625	58733.2504837128
50.119	1456.09773774879	7907.09614161166	8040.04913010904	79.5658368380505	58735.1225207081
39.811	1851.11880945444	9615.47541830401	9792.03800884804	79.1030446491754	58736.734549704
31.623	2299.10972870739	11687.1768252183	11911.1715497913	78.8708438612672	58738.4415806997
25.119	2771.01713360212	14193.2788291622	14461.2482129677	78.9528500754453	58740.1136126955
19.953	3276.49051040298	17278.006707102	17585.9292002277	79.2622963250066	58742.0956476905
15.849	3798.78624957711	21097.8406795093	21437.1093738856	79.7929356740494	58744.1426856853
12.589	4376.19740833331	25863.0970059071	26230.7241702105	80.3961621227542	58746.22472668
10	4944.41743808506	31792.5068410756	32174.6912190603	81.1600921989283	58748.5767696741
7.9433	5555.90971726034	39209.5768870416	39601.2506424629	81.9350066568203	58750.9638116681
6.3096	6223.6715369817	48569.6806489926	48966.8047328531	82.6979666703926	58753.4508576618
5.0119	6988.69923235342	60176.1280169179	60580.5934278362	83.3754941378994	58755.9829066554
3.9811	7810.7691621929	74787.6194640139	75194.389019389	84.0376823952096	58758.4849526491
3.1623	8742.95379809328	93092.1300310312	93501.7856237517	84.6346777365091	58761.0219976427
2.5119	9936.79645200776	116063.790332053	116488.382897057	85.1065571863234	58763.7190476359
1.9953	11080.7859071459	145012.818791989	145435.557654647	85.6303799986787	58770.2421716194
1.5849	12777.7002909625	180994.353020583	181444.827564925	85.9617764743592	58772.9392186126
1.2589	14427.6608832112	226623.479903536	227082.273729477	86.3572619433616	58775.951275605
1	17101.5207337504	282881.594668756	283398.056827751	86.5404116498873	58781.0453705921
0.79433	20244.5744932721	353897.811344063	354476.379566441	86.7259873284517	58784.257427584
0.63096	24358.7213248276	442876.509290608	443545.882391005	86.851837692329	58787.834494575
0.50119	29928.8878681117	554615.762547746	555422.706049582	86.9111275597989	58791.7515685651
0.39811	37271.8368298132	693939.479647692	694939.703308408	86.9255691209334	58796.0536485542
0.31623	47365.7344693643	869665.512936426	870954.428884083	86.8825048507922	58800.9407395419
0.25119	60819.2651937632	1088212.13512065	1089910.37890395	86.8011147582977	58806.4778395279
0.19953	79082.0850264882	1362683.00128938	1364975.80131487	86.6786162728922	58812.8549595118
0.15849	105677.944684755	1705450.29721729	1708721.31849268	86.454210078499	58820.1770954933
0.12589	141890.060618118	2131950.65087054	2136667.1165742	86.1923461687315	58828.8492544714
0.1	193517.030663469	2667779.17193474	2674788.6928439	85.8511097507495	58849.9386474182
