Frequency (Hz)	Z' (Ω)	-Z'' (Ω)	Z (Ω)	-Phase (°)	Time (s)
10000	95.9511632938604	51.8657390181104	109.071905738095	28.3931327986761	32092.3082109747
7943.3	96.9691825174915	62.1159921398677	115.158233911565	32.6425913246898	32093.5302319716
6309.6	97.4529981299025	77.6913024850756	124.631558308216	38.5624896139312	32094.8272579684
5011.9	98.268143818744	96.5762274857399	137.780970402152	44.502488944614	32096.1192809651
3981.1	98.8124696004804	119.382800994667	154.971472606664	50.3856345751716	32097.4313049618
3162.3	100.524765000742	149.994201970472	180.564362494965	56.1703622748872	32098.7233299585
2511.9	100.532456890165	188.176856766262	213.34784815133	61.8868821761998	32100.0353549552
1995.3	101.601589682618	234.401539389804	255.474000035904	66.5656298016278	32101.3273759519
1584.9	103.941442253905	293.91996449741	311.757548341625	70.5244402359672	32102.5844009488
1258.9	107.751362705378	369.405224219119	384.799396887838	73.738627126618	32103.9314239454
1000	111.792553522569	464.43663572562	477.701751752314	76.4660404144943	32107.8995009353
794.33	117.896449601973	582.663119080502	594.471095315298	78.5611729970907	32109.221524932
630.96	126.746763023843	730.40415972607	741.319754547368	80.1555175218146	32110.5235459287
501.19	139.894237662621	916.457852840833	927.073564376008	81.3209862558396	32111.8255739254
398.11	158.811132922137	1148.14483123321	1159.07615342028	82.1248305819024	32114.6816249182
316.23	187.011145427	1437.79891038489	1449.90995417574	82.5892754787756	32115.9086459151
251.19	228.02130422599	1796.23960683763	1810.65469937068	82.7653574468058	32117.2456719118
199.53	287.649705237712	2241.66320758453	2260.04342638842	82.6877783363831	32118.5376949085
158.49	373.585208515556	2787.97231428637	2812.8909565159	82.3678921406626	32119.8847199051
125.89	494.918737256304	3458.61321143247	3493.84457335792	81.8564047865946	32121.2967469015
100	661.638487342419	4269.71922562299	4320.67908477214	81.191468447506	32122.6537738981
79.433	884.628379198533	5249.22134084338	5323.24074736894	80.4340765661674	32124.0557988946
63.096	1171.28661036941	6418.22309110889	6524.22408956605	79.6576806891503	32125.5028238909
50.119	1514.07529965822	7818.064415223	7963.32563779803	79.0395689882492	32127.2848568864
39.811	1923.03502303024	9487.26350703349	9680.19796035651	78.5415895069115	32128.8168868825
31.623	2375.34596113271	11497.3617014301	11740.170123494	78.3269683281006	32130.4339148785
25.119	2868.38864262434	13956.9812517383	14248.683415197	78.3864819931092	32131.9759458746
19.953	3381.96963807069	16951.1233555983	17285.2047037211	78.7168993543804	32133.8529808698
15.849	3925.93280361272	20674.2625025644	21043.7182646846	79.2478562507689	32135.8100168649
12.589	4483.24297634083	25303.6488977804	25697.7453315861	79.9527325764678	32137.8170518598
10	5077.17029479551	31050.6188661828	31462.9717314704	80.7135925820641	32140.0890958541
7.9433	5692.13525083219	38247.2756546854	38668.5207723189	81.5351096154301	32142.3861368483
6.3096	6375.55774858057	47318.1754014776	47745.7585543521	82.3262938462442	32144.7931828422
5.0119	7123.40575961337	58603.7164820011	59035.0615746174	83.0695754470104	32147.1552268362
3.9811	7927.27427116194	72851.8372978639	73281.8659358825	83.7898703920678	32149.5472708302
3.1623	8853.27960552819	90646.2254566973	91077.542508129	84.4217004435546	32152.019316824
2.5119	10040.8499070793	112908.738587643	113354.320236633	84.9181176595513	32154.5463618176
1.9953	11215.2146319332	140793.526292886	141239.506106564	85.4455967568024	32157.1934128109
1.5849	12692.9661746422	176202.52176657	176659.10694671	85.8797449252784	32162.6195157972
1.2589	14481.4654421633	220273.258596961	220748.774162568	86.2386058980661	32165.4315627901
1	16761.9357033408	274840.522337147	275351.185229116	86.50997572336	32170.4306587775
0.79433	19652.4011819703	344253.980223802	344814.471523669	86.7327063272188	32173.5227147697
0.63096	23506.1308021692	430991.037540764	431631.570469252	86.8781970898608	32176.9747787609
0.50119	28436.1271896915	539673.831181665	540422.480464908	86.9837989825214	32180.7568467514
0.39811	35144.0929805084	675930.230968703	676843.24951116	87.0236622693396	32184.9189237409
0.31623	43981.2027789768	846713.067195824	847854.56557009	87.0265315488793	32189.7060127288
0.25119	56748.9344017062	1060546.74759059	1062063.9554098	86.9370737082323	32195.1281127151
0.19953	72572.2181615315	1329447.72185306	1331427.04343467	86.8754250949729	32201.3802286993
0.15849	89792.1706637271	1665357.15972029	1667776.09508715	86.9137337073537	32208.7573686807
0.12589	122800.413615972	2092953.50877476	2096552.96414778	86.6421193017303	32217.2795246592
0.1	172503.041428656	2598535.18722277	2604254.67620527	86.2020081078413	32238.2339156063
