Frequency (Hz)	Z' (Ω)	-Z'' (Ω)	Z (Ω)	-Phase (°)	Time (s)
10000	92.7697601942941	51.6838729686298	106.195344208418	29.1230466267768	69564.3590303669
7943.3	93.6520500304095	63.6051329399151	113.209184305879	34.182948931714	69565.7310543634
6309.6	93.763210893409	77.2164737015808	121.465729849817	39.4723549045095	69568.253102357
5011.9	94.6138116582975	96.4065352167132	135.077730914474	45.5377043854883	69569.7001303534
3981.1	95.9935530055554	120.662596434129	154.188924365066	51.4958733624541	69571.1071553498
3162.3	94.5291313285766	149.589720589542	176.954347716558	57.7102808677809	69572.5441823462
2511.9	97.7998422789278	186.829447342052	210.879234501455	62.3692359878168	69573.9812063426
1995.3	101.283125016634	235.037053196091	255.931021543379	66.687626521594	69575.393235339
1584.9	101.593799330391	294.926516727007	311.934208337446	70.9926266303535	69576.7952583355
1258.9	102.82117466744	370.182268955128	384.196702495947	74.4769283723688	69578.2022883319
1000	107.309721599097	465.750892068185	477.953208810221	77.0253868950878	69582.3853643214
794.33	112.993521382385	584.18256277722	595.00991800755	79.0529400187515	69583.8523903177
630.96	121.320661099467	732.835994724006	742.810405132248	80.5999658401537	69585.299418314
501.19	133.387269169897	919.764555413764	929.386357212156	81.7483066088463	69588.3154753064
398.11	151.503860668463	1151.99522405064	1161.91497797082	82.5077826337644	69590.5145143008
316.23	177.809969473713	1442.38880863522	1453.30721477613	82.9723388913533	69591.8915402974
251.19	216.316499706141	1802.89405780915	1815.8248295826	83.15819111504	69593.3935692936
199.53	273.255804487017	2250.54964604515	2267.07795278411	83.0771839209793	69594.8455932899
158.49	353.455961806292	2805.06129927453	2827.24247450128	82.8182095991535	69598.7436692801
125.89	468.022340646198	3481.68121163829	3512.99714927568	82.3439530255853	69600.1406912765
100	626.588989074957	4306.75430517339	4352.09678274272	81.7221269266022	69601.6327202728
79.433	838.692763394865	5304.44392352212	5370.33806097546	81.015264936992	69603.1997482688
63.096	1109.62095713172	6495.88569417519	6589.97645066321	80.306351451304	69604.7867792648
50.119	1443.61405130973	7930.88547051185	8061.20126752303	79.6837209298026	69606.6488122601
39.811	1836.45977952892	9647.44283426922	9820.67908865369	79.2222836749954	69608.3058422559
31.623	2274.66916673064	11734.658520368	11953.0887392221	79.0297253082259	69610.0678772515
25.119	2743.4653965031	14252.3036762774	14513.950615275	79.1042473718874	69611.7599082472
19.953	3249.03513794715	17354.7165265551	17656.2287888637	79.3962099373297	69613.7969442421
15.849	3778.5307558885	21190.0138960411	21524.2649952934	79.889479624488	69615.8789852368
12.589	4329.18660967576	25982.5016464305	26340.6956724411	80.5403175729022	69617.9760212315
10	4910.24960650162	31965.2372371231	32340.1753678565	81.2669342501089	69620.3780672254
7.9433	5525.8512775941	39454.0875905987	39839.1774507045	82.0271436355214	69622.8001132193
6.3096	6204.76464716887	48750.2313428463	49143.5057795819	82.7465859316457	69625.3321582129
5.0119	6948.29498360979	60533.7293342886	60931.2004665604	83.4520262903924	69627.8992052065
3.9811	7757.37079913549	75291.0039813998	75689.5771043969	84.1174671800373	69630.4212542001
3.1623	8730.88702609214	93762.5928121509	94168.2122540276	84.6801319319043	69633.1033031933
2.5119	9926.97122767979	116760.833755266	117182.067983886	85.1404163696764	69635.8353531864
1.9953	11142.95603228	145911.16799113	146336.032519926	85.6329078018108	69639.9844311759
1.5849	12967.6837668211	182055.323827154	182516.579400574	85.9257395516721	69642.8214841688
1.2589	14480.0368729633	228068.774726338	228527.979628349	86.3671794343859	69645.7735381613
1	17175.9974274722	284747.402973033	285264.961724211	86.5480942735811	69650.9026331484
0.79433	20378.8548651493	356227.489225148	356809.923916457	86.7258250672613	69654.1796911401
0.63096	24772.7878780198	445964.79439575	446652.313169531	86.8205584813461	69657.8517591308
0.50119	30180.3618281619	558149.577226942	558964.940580975	86.9049066914282	69661.7838351209
0.39811	38011.616786479	698834.842961574	699867.859490526	86.8865874333323	69666.11091511
0.31623	48241.4217483402	874703.356750703	876032.646128698	86.8432355017453	69671.0280050976
0.25119	62805.8075193583	1095507.27053728	1097306.13288098	86.718805008289	69676.6001070835
0.19953	81264.7691884573	1370876.86397366	1373283.41535515	86.6075101731098	69682.9772250674
0.15849	109168.760746391	1716283.57570385	1719752.05496423	86.3604534207701	69690.3843620487
0.12589	149970.818258909	2146649.52509878	2151881.83456622	86.0036531886622	69699.0515240268
0.1	199962.428301463	2683238.82073982	2690679.38295469	85.7380371321367	69720.1859179734
