Frequency (Hz)	Z' (Ω)	-Z'' (Ω)	Z (Ω)	-Phase (°)	Time (s)
10000	100.992539186667	51.2339056125936	113.244894170513	26.8988567384204	2990.14436545061
7943.3	101.041189022839	61.8086001570255	118.44671769416	31.4548290413063	2991.26638744778
6309.6	100.945127592053	77.0109771162768	126.966961769507	37.3399882638648	2992.46340844476
5011.9	101.736890811653	96.1442427803727	139.978964033291	43.3810995789099	2993.64542844177
3981.1	101.952778294281	120.181860960894	157.6009159426	49.6913635921105	2994.83245143878
3162.3	103.446051129685	148.726468331208	181.164698207457	55.1796232306717	2996.01947443578
2511.9	105.418910073334	186.711660847742	214.416396055833	60.5505767421063	2997.21649643276
1995.3	105.012279404735	235.932737987575	258.24762473272	66.0064338247578	2998.44351942966
1584.9	108.749519861407	292.977043741436	312.509209831579	69.6356858098911	2999.58553942677
1258.9	109.017246524835	365.623827204756	381.530527035138	73.3971145552656	3000.75256242383
1000	116.917687262006	462.250971078592	476.807829065125	75.80580027312	3004.59063541414
794.33	123.729819311389	579.651724468305	592.710038607335	77.9507328595112	3005.80765441107
630.96	133.627672452279	726.560231498443	738.746319679553	79.578723139947	3006.99967640806
501.19	148.128466137948	909.968242656366	921.945901408264	80.7542490905757	3008.20169940502
398.11	169.391594815682	1140.50496083266	1153.01564520092	81.551997445645	3010.91775039816
316.23	200.550028619251	1425.52685949703	1439.56491382871	81.9919086648499	3012.01977039538
251.19	246.302015393128	1780.94151348508	1797.89247655172	82.1260115707434	3013.25679339226
199.53	312.359289450732	2218.73493616538	2240.6144341825	81.9864162097499	3014.45881338922
158.49	406.184515900178	2754.31381801774	2784.10317141454	81.6109360190982	3015.68083838614
125.89	539.014106332075	3408.85535052384	3451.20718120775	81.0146844189945	3016.9628593829
100	720.174979923313	4201.21142459657	4262.49098953515	80.2728545829575	3018.19988637978
79.433	959.692915893607	5146.96874886836	5235.67548599452	79.4380364449416	3019.48190937654
63.096	1266.20208011252	6270.6407030149	6397.20271165363	78.5840286553234	3020.82893137314
50.119	1631.21884239219	7600.10585878331	7773.19007721332	77.8863256269932	3022.37096036925
39.811	2056.37080960592	9194.90431956707	9422.0447012627	77.3936726272438	3023.79798636564
31.623	2533.06673130739	11118.8824729912	11403.7701885582	77.1661027602397	3025.30501636184
25.119	3036.20947398407	13422.0604034399	13761.1872105389	77.2536252685271	3026.74204235821
19.953	3567.6296692365	16259.3727195384	16646.1762182696	77.624289089627	3028.5290773537
15.849	4122.38154545793	19766.0551819275	20191.3587225163	78.2193396038404	3030.34111034912
12.589	4709.37355888593	24128.5826698576	24583.8707483848	78.955954721249	3032.18314434447
10	5309.47541343401	29564.109821837	30037.0957105293	79.8186750574378	3034.35518233899
7.9433	5929.03109791818	36390.5208442283	36870.3596005557	80.746229320705	3036.53222233349
6.3096	6589.82635259519	44922.2326585699	45403.004288131	81.6545698786339	3038.7492643279
5.0119	7331.36922814851	55570.6733770922	56052.1963382605	82.4844423743806	3041.00130732221
3.9811	8125.08225354676	68975.6400513221	69452.5441011087	83.2817233958719	3043.30834931638
3.1623	8966.36416445594	85735.3379723991	86202.922592979	84.0296024657482	3045.73539531026
2.5119	10074.4754619021	106916.202993093	107389.801742496	84.617040415914	3048.13743730419
1.9953	11087.057463602	133388.043973425	133848.022466743	85.2485641951638	3050.68948529775
1.5849	12496.9613277144	166585.926962067	167054.018521667	85.7098148724384	3056.11058828406
1.2589	13922.6697236382	208193.604330519	208658.615006346	86.1741175736305	3058.73263527744
1	15944.2735583017	260213.615053986	260701.640422085	86.4936544042122	3063.65172726502
0.79433	18362.235603023	325654.50254109	326171.774869662	86.7727584153809	3066.63878025748
0.63096	21470.6220531919	407681.030341145	408246.016650951	86.9852888057166	3070.04584524888
0.50119	25502.4504416319	510572.370198103	511208.881171128	87.1405240055248	3073.72791123958
0.39811	30764.5968409695	639735.428939322	640474.729758298	87.2467920892759	3077.7999872293
0.31623	38104.0886992341	801463.218839598	802368.501829632	87.2780276062935	3082.50707421742
0.25119	46848.63610141	1004428.05246478	1005520.01834014	87.3295397773155	3087.82917620398
0.19953	59479.7464597663	1258394.49146349	1259799.40323235	87.2938502552941	3093.98128618845
0.15849	75013.549223314	1577426.22380549	1579208.82853292	87.2773849771979	3101.17841917028
0.12589	99695.0037310113	1978360.05213124	1980870.41212636	87.1151484081438	3109.605576149
0.1	130537.85631322	2478557.2726142	2481992.40239764	86.9851959958319	3119.70276312351
