Frequency (Hz)	Z' (Ω)	-Z'' (Ω)	Z (Ω)	-Phase (°)	Time (s)
10000	100.218524827536	51.1216122015453	112.504097492903	27.0261930623163	1193.6981049862
7943.3	100.70396999891	61.7749949423543	118.141608139001	31.5262672678872	1194.79512398343
6309.6	102.199051696069	76.9627051010574	127.937110112931	36.9821868439479	1195.98214498044
5011.9	101.931642460008	95.6897741986125	139.8091292469	43.1909154445928	1197.15916597746
3981.1	103.948615955441	119.493448514549	158.379288409031	48.9796470243328	1198.32618997452
3162.3	103.75521702015	149.719757538515	182.15694018151	55.27818937335	1199.4832099716
2511.9	103.221481625625	187.219097631264	213.788832231373	61.1302697547231	1200.65522996864
1995.3	105.842809612194	234.844257783491	257.59372228469	65.739214008935	1201.83225196567
1584.9	109.238659738675	294.717420336073	314.311060306588	69.6624938288929	1202.97427296278
1258.9	109.471048672893	370.922846335089	386.739794216818	73.5570051767467	1204.12129595989
1000	117.325903741132	462.125846360465	476.786813537298	75.7545552438312	1207.9193679503
794.33	124.170106293784	579.44829050488	592.60318651357	77.9049956596568	1209.12638694725
630.96	134.167333343826	726.217564237969	738.5071590339	79.5327362891101	1210.29840894429
501.19	148.735926309477	909.580166353308	921.660704814114	80.7131002852724	1211.49043294128
398.11	170.133135815316	1139.93129303126	1152.55743316082	81.511344394132	1214.21148493441
316.23	201.443093223109	1425.06902462506	1439.23627134433	81.9541634259962	1215.29850193167
251.19	247.502131966158	1779.90569586463	1797.03132735607	82.0835839920875	1216.51052492861
199.53	313.59979068286	2216.22679702873	2238.30427882014	81.9460217189505	1217.68754792563
158.49	408.106631982417	2752.1710330406	2782.26462044425	81.5653391362426	1218.90956792255
125.89	540.868914492943	3405.85260001489	3448.53173331679	80.9764540158004	1220.17159191936
100	722.962842306324	4194.19067512911	4256.04401888604	80.2198944495944	1221.40361591625
79.433	962.669301762644	5139.97661636116	5229.34908007638	79.3919354583488	1222.68563991302
63.096	1266.48737727448	6260.48455068614	6387.30436774195	78.5634879616841	1224.00266490969
50.119	1633.15323831452	7596.1524451322	7769.73110664102	77.8662606838315	1225.52469090585
39.811	2063.51816143071	9174.88468558477	9404.07444655413	77.3245553795826	1226.94171790227
31.623	2532.45276605407	11088.3649743998	11373.8803764499	77.1349706653023	1228.4337448985
25.119	3041.24492365231	13396.6504357015	13737.5184652113	77.2097585314349	1229.85577289491
19.953	3574.62219967636	16223.5046038602	16612.6465532104	77.5742198365351	1231.60780589049
15.849	4132.30808830527	19712.9785954476	20141.4372685082	78.1608705823477	1233.43483688588
12.589	4716.62143722971	24069.6776011231	24527.4519182923	78.9129779201873	1235.26187088126
10	5311.90984615959	29495.2190268323	29969.7235832188	79.7908135904068	1237.41391287583
7.9433	5937.55528870041	36291.0883987073	36773.6000409147	80.708208182734	1239.58095087036
6.3096	6617.44343080954	44782.6895412547	45268.9721565264	81.5943515663557	1241.85799486461
5.0119	7315.24713484338	55426.7391994174	55907.3900206768	82.481529455397	1244.16503885879
3.9811	8076.85487398925	68829.3586099394	69301.6319527262	83.3071736278431	1246.50707885287
3.1623	8921.35878929872	85618.186107782	86081.7311340461	84.051284801266	1248.92412584677
2.5119	10062.0207096584	106545.190328235	107019.259214599	84.6050448948018	1251.40117084052
1.9953	11020.9183049829	132960.090341471	133416.064489616	85.2616466333498	1253.9432188341
1.5849	12365.5427692159	166247.091862885	166706.335215083	85.7461441652767	1259.24431882071
1.2589	13932.8445833281	207885.001371948	208351.38097358	86.1656632080272	1261.94636481389
1	15758.361053781	259613.341271088	260091.162689238	86.5264452465106	1266.79045680166
0.79433	18166.6095176704	325071.115798772	325578.340845987	86.8013507330244	1269.83751279397
0.63096	21228.6920658979	406951.000246032	407504.323864269	87.0138592255945	1273.23457478539
0.50119	25163.8007384584	509976.270031734	510596.72233876	87.175140784891	1276.89164377616
0.39811	30306.1908688993	638487.516887094	639206.36294207	87.2824612778574	1280.96872076586
0.31623	37107.7708999387	800007.043083107	800867.18976603	87.3442785794273	1285.63580675408
0.25119	45623.3766300847	1003027.2438297	1004064.31286035	87.3956575780605	1290.8579037409
0.19953	58025.2759090503	1256864.24361876	1258202.94846725	87.3567197355205	1296.89501172565
0.15849	73954.5916862154	1575541.06907678	1577275.79769014	87.3125561841242	1304.04214570761
0.12589	95164.6949443606	1976870.35455661	1979159.59889258	87.243962222389	1312.45930068636
0.1	125644.932395571	2477991.33975978	2481174.66716093	87.0973407311543	1322.54648666089
