Frequency (Hz)	Z' (Ω)	-Z'' (Ω)	Z (Ω)	-Phase (°)	Time (s)
10000	94.9183326201856	49.8934991483296	107.232696154953	27.7285078222233	48873.4589246064
7943.3	95.9408307766396	62.5416464562861	114.52554541051	33.0994156514764	48874.7309466032
6309.6	96.4692340384304	77.5725839339432	123.789413497884	38.8033648966211	48876.0979735997
5011.9	97.189821393924	96.4091808702287	136.896280222113	44.7689700649535	48877.4399985963
3981.1	96.657545223968	120.045794429776	154.122269023654	51.1599462333502	48878.7970245929
3162.3	97.27991296087	151.418546313144	179.974880561872	57.2809969096084	48880.1590485895
2511.9	98.9949193054464	187.93095580578	212.410070849679	62.2214349520781	48881.526072586
1995.3	102.6367244615	235.019553420532	256.453675540383	66.4083516954206	48882.8830995826
1584.9	100.155051180782	293.145655361907	309.782842543914	71.1369458617147	48884.2051225792
1258.9	105.477614408442	371.928269966318	386.595609314739	74.1668407976482	48885.5221485759
1000	109.647272514122	465.15648856142	477.904889303904	76.7362928179887	48889.5752235657
794.33	115.520186497603	583.397017043312	594.724299977288	78.7995778972976	48890.9872495621
630.96	124.103316046728	731.844077681578	742.291982370411	80.3755578958075	48892.3442755587
501.19	136.727973820222	917.486755974165	927.618718123443	81.5239062407356	48893.7013005553
398.11	155.146898841991	1150.86365985976	1161.27418115021	82.3222942668081	48896.6423555478
316.23	182.308146496278	1439.94043988573	1451.4354035565	82.7842809210692	48897.9093765446
251.19	222.039007255268	1799.89033523007	1813.53426755535	82.9673794968415	48899.3014015411
199.53	280.030157319562	2246.5369288037	2263.92249458483	82.8947463557646	48900.6634265377
158.49	363.290937647989	2796.95203208186	2820.44694598994	82.5993897371798	48902.0654545342
125.89	481.028601360471	3471.16679694445	3504.33837514821	82.1102933258247	48903.5124795305
100	642.992166077363	4289.14682585641	4337.07498429425	81.4741970565849	48904.9445065269
79.433	861.350915366353	5278.21296882754	5348.03305372187	80.7316079390024	48906.4215345232
63.096	1141.74935513967	6460.00511114145	6560.12634222357	79.9769816740189	48907.9235635194
50.119	1483.78435998595	7878.51011888115	8017.01551203761	79.3342388174649	48909.6905935149
39.811	1878.30915720487	9568.97348271019	9751.57929788045	78.8945157479867	48911.3026255108
31.623	2323.9224414193	11616.7919861941	11846.960435666	78.6873925976668	48912.9996555065
25.119	2801.87265764031	14106.8491600842	14382.4088251934	78.7662308933425	48914.5916865025
19.953	3310.98266511301	17170.6493662203	17486.9610243278	79.0857252448259	48916.5737234975
15.849	3836.48995956277	20949.1697110579	21297.5671566621	79.6222325966951	48918.5407574926
12.589	4409.48380621584	25675.0147425437	26050.910338549	80.2549651500796	48920.6277994873
10	4980.217687595	31530.0673377532	31920.9604263263	81.0242068702497	48922.9748394814
7.9433	5620.83444821356	38901.9433689017	39305.9153025528	81.7783888453137	48925.3168854754
6.3096	6255.09260221397	48100.9844472941	48505.9881691024	82.5907866013136	48927.7889284692
5.0119	7022.90574134172	59667.2210863491	60079.1018343236	83.2871013979994	48930.255977463
3.9811	7792.9853158818	74142.717154636	74551.1443722087	83.9997923086654	48932.7830214566
3.1623	8764.32949524227	92293.1218504282	92708.3265537631	84.5753513917367	48935.3350704502
2.5119	9969.96773831213	115047.124299863	115478.314268832	85.0471295819729	48937.9771204435
1.9953	11075.2488886877	143732.540499111	144158.608262826	85.5938051246448	48940.7041684366
1.5849	12697.8112830575	179477.854312366	179926.469981354	85.9531454316378	48946.2152734227
1.2589	14674.551928658	224360.669949585	224840.060252913	86.2578378547447	48949.0523234155
1	16955.0372397711	280267.033470965	280779.421144814	86.5380531463901	48954.1264204027
0.79433	20003.9739685602	350865.460924933	351435.24388513	86.7369149254517	48957.2834753947
0.63096	23937.9281755347	438964.935111643	439617.150100978	86.8786000966805	48960.8855423856
0.50119	29287.8911718297	549671.716505853	550451.429733617	86.950020942475	48964.722612376
0.39811	36267.1085379126	688446.03402956	689400.641813402	86.9844648118894	48968.9746913652
0.31623	46062.4237283078	861847.343834238	863077.395691636	86.9406718521398	48973.811781353
0.25119	58455.5107337293	1079530.28995136	1081111.78592114	86.9005164890527	48979.2838833392
0.19953	76980.3871860023	1351035.83180898	1353227.17931731	86.7388819137335	48985.5960013233
0.15849	101441.410014431	1690870.69489627	1693910.87915649	86.5667353565665	48992.9381373047
0.12589	136029.248251693	2115613.78958327	2119982.46762911	86.3210733960127	49001.5002942831
0.1	183459.347962829	2647066.94034743	2653416.80085041	86.0353611535064	49022.54468823
