Frequency (Hz)	Z' (Ω)	-Z'' (Ω)	Z (Ω)	-Phase (°)	Time (s)
10000	98.3574618718764	51.9323213354267	111.225699841195	27.8338632854118	20866.3313563176
7943.3	98.485489694458	62.4751355256375	116.629902852159	32.3893579393572	20867.5483773145
6309.6	99.5002502291075	79.0127292459761	127.056330729928	38.4529410097216	20868.8354013113
5011.9	99.0191662900478	96.7944670628552	138.470083941472	44.349072941233	20870.1574253079
3981.1	101.08793504497	120.668654535294	157.415675201087	50.0460304703284	20871.4744483046
3162.3	100.881578998518	149.596522835097	180.433402189246	56.0059363776314	20872.7564733014
2511.9	101.962262169312	186.770289906369	212.789671033141	61.3688430343864	20874.0184952982
1995.3	103.102130387132	234.746055943022	256.389859532645	66.2885786437133	20875.280519295
1584.9	105.076912935571	293.535777930487	311.776218716768	70.3041717098989	20876.5225412918
1258.9	109.568666092443	371.162939446276	386.997700519884	73.5532055718731	20877.7745652887
1000	113.706879431862	463.846265501439	477.579953986517	76.2261782909462	20881.6876382788
794.33	119.969370429694	581.559949175808	593.805207392682	78.3440207897438	20882.9896642755
630.96	129.261070273151	729.695633792692	741.056099269333	79.9546162733575	20884.2516842723
501.19	142.640253459088	914.181905356156	925.243102102082	81.1316183467863	20885.558709269
398.11	162.399229382287	1146.32083079838	1157.76722912088	81.9365686991089	20888.4247662618
316.23	191.582207726767	1434.61986190193	1447.35548172554	82.3936021357159	20889.5967852588
251.19	234.109351579234	1791.68214828448	1806.91231358307	82.5556476238124	20890.9088082555
199.53	295.515749835449	2232.89093788808	2252.36131624202	82.4609062283713	20892.1908312523
158.49	384.215277125393	2777.86803179079	2804.31313893827	82.1252110608794	20893.512858249
125.89	509.512255512074	3443.96359740443	3481.44912339156	81.5845012753952	20894.8698832455
100	680.958654638288	4250.27173140971	4304.47609822001	80.8976943785378	20896.2019062422
79.433	908.8346944532	5216.71892022317	5295.293834572	80.1173582723402	20897.5939342386
63.096	1203.70910252514	6370.78851106098	6483.5069103201	79.3005547325664	20899.035958235
50.119	1558.85267456226	7747.05231219641	7902.33137680885	78.6229363001645	20900.637988231
39.811	1969.58518823339	9393.59469323959	9597.85846293679	78.1581546991668	20902.1250162272
31.623	2427.78676524263	11384.2589705857	11640.2534717612	77.9615414450644	20903.6970452232
25.119	2922.87321836528	13775.2865892652	14081.963942115	78.0205133436249	20905.3440752191
19.953	3444.25957173311	16741.2513700848	17091.8817405762	78.3744714660906	20907.2111122144
15.849	3989.94839804608	20369.9108692079	20756.9977848085	78.9175230256574	20909.1281462095
12.589	4569.10220781209	24929.2821727807	25344.5419101541	79.6139577048331	20911.0501832047
10	5164.212069232	30587.1636004903	31020.0526018116	80.4167903030576	20913.302224199
7.9433	5792.71048942119	37708.9025298695	38151.2362161627	81.2666908588467	20915.5692661933
6.3096	6479.42540128736	46571.5774692037	47020.1529293652	82.0793788831981	20917.8213071876
5.0119	7194.3178409906	57665.9720471641	58113.0152490946	82.8886103928567	20920.2183521815
3.9811	7996.97598780517	71664.3929655628	72109.2008281339	83.6327483265618	20922.6603971754
3.1623	8941.67542995352	89134.0479000223	89581.426950781	84.2714148553043	20925.0824421692
2.5119	10107.7295808912	111098.918638528	111557.769428806	84.8015672210549	20927.6544911627
1.9953	11291.9483724225	138591.088446686	139050.343023247	85.3420164666983	20930.2965371561
1.5849	12688.1259047826	173227.711205223	173691.762810951	85.8108308368712	20935.7876411422
1.2589	14578.726625464	216536.02050471	217026.236768821	86.1482583439812	20938.4896921354
1	16525.1794858486	270305.45288444	270810.116901311	86.5015648762935	20943.4487821229
0.79433	19321.8382082586	338532.484314625	339083.435702746	86.7333710583706	20946.5358381151
0.63096	22895.0764662419	423466.068271607	424084.538156967	86.9052648770025	20950.0329041063
0.50119	27552.7217284978	530596.360179773	531311.255207973	87.027423987052	20953.7799740968
0.39811	33716.8685118671	664325.802521867	665180.876994047	87.0945309271912	20957.9370500863
0.31623	41934.9963288257	832288.749860703	833344.530828511	87.1155825655267	20962.7041390743
0.25119	52858.7114358413	1042409.76803868	1043749.09239583	87.0971211623654	20968.0162350608
0.19953	67917.0610842234	1306322.64101835	1308086.9885537	87.0238130252164	20974.2483510451
0.15849	87894.8982449782	1635243.74608727	1637604.23248568	86.9232933792501	20981.5054880268
0.12589	118098.748534932	2047656.45240539	2051059.30228332	86.6991181587498	20990.0526460052
0.1	157112.818849253	2566727.13436716	2571531.18202822	86.497218713348	21000.1748319797
