Frequency (Hz)	Z' (Ω)	-Z'' (Ω)	Z (Ω)	-Phase (°)	Time (s)
10000	98.3342235800846	51.0757181152522	110.807709605816	27.4477878870442	15807.0076800911
7943.3	98.8869026068718	61.7421455906514	116.579209335619	31.9794732217349	15808.1696980882
6309.6	99.3784440274924	77.42266041997	125.977551507526	37.9210493854123	15809.446723085
5011.9	99.6156139161221	95.9358539001404	138.300248009304	43.921972608168	15810.6887470818
3981.1	101.2230088493	120.162561923133	157.115049592444	49.889752591355	15811.9657700786
3162.3	101.946612565705	149.632989262531	181.061158974703	55.7329622558372	15813.2077940755
2511.9	104.03747872874	188.342964520937	215.167072910257	61.0844794831725	15814.4498140724
1995.3	102.234108323242	234.420881829402	255.743939795888	66.4373348159269	15815.6968400692
1584.9	108.074288212472	294.315403746399	313.530873527693	69.8364780902629	15816.9038620662
1258.9	109.268692864642	370.33214741044	386.115975642003	73.5609932865722	15818.135883063
1000	114.352447286028	463.529407506171	477.426427654906	76.141878200696	15822.0389580532
794.33	120.758843474033	581.167228614986	593.580698720241	78.2617291416819	15823.31098005
630.96	130.210963565064	728.781554994799	740.32253101819	79.8698885224461	15824.5630010468
501.19	143.809865938446	913.647873970703	924.896597005535	81.0549288640402	15827.27405504
398.11	164.093828762562	1143.00282013974	1154.72171170605	81.8302228506855	15829.258093035
316.23	193.911287713124	1430.051701122	1443.13875125869	82.2779392362939	15830.430112032
251.19	237.001366979295	1786.91675400354	1802.5651537985	82.4448725504033	15831.7121340288
199.53	300.32571849547	2228.94519927051	2249.08697887406	82.3262425238543	15835.2302020199
158.49	390.513442304787	2770.87803442182	2798.26121551618	81.9778597684806	15836.4372240168
125.89	517.821494200975	3433.65103431901	3472.47728939104	81.4239724814286	15837.7792490135
100	692.276025275648	4233.31973928603	4289.55033892833	80.7126103058482	15839.0812700102
79.433	924.647793276954	5194.81039298056	5276.45985113417	79.9073643901315	15840.4532970067
63.096	1219.89070708141	6346.2527072791	6462.43427524573	79.1191962424397	15841.8603240031
50.119	1576.50158524466	7709.32108513554	7868.86197883749	78.4427583274544	15843.5273549989
39.811	1995.88695558675	9333.70926462786	9544.72070707578	77.929857798609	15844.9993809952
31.623	2459.29931561683	11301.681098494	11566.1639611347	77.7235499731316	15846.6064109912
25.119	2956.36608115221	13671.7242178633	13987.7140196351	77.7982597115647	15848.1134379874
19.953	3480.40666120902	16591.241515074	16952.3604710053	78.1526380387554	15849.9454709827
15.849	4036.13596901216	20192.7113343546	20592.1340465947	78.6966328171481	15851.812505978
12.589	4584.67114207838	24713.7344536799	25135.3909881667	79.4904717130669	15853.7195409732
10	5202.87867829689	30283.5215951923	30727.2131301808	80.2514371879285	15855.9715819675
7.9433	5841.77535860798	37281.6151765501	37736.5230183282	81.0945545572332	15858.2136239619
6.3096	6513.7769453313	46064.3087914265	46522.5733867487	81.9513867245095	15860.5756679559
5.0119	7229.75687268391	57054.1484159556	57510.3924165712	82.7781148037946	15862.8627099501
3.9811	8027.81415978527	70860.5776343308	71313.8644504354	83.5365038207697	15865.2197559442
3.1623	8891.62413560335	88149.7430380096	88597.0551284633	84.240083358853	15867.6117999381
2.5119	10016.1767829643	109750.775191747	110206.880241376	84.7854646989676	15870.1788459317
1.9953	11173.4138093751	136945.762562574	137400.82627117	85.3355655417119	15872.810896925
1.5849	12587.5564182375	171205.502640549	171667.616954932	85.7950036475264	15878.3970019109
1.2589	14117.157622526	213940.470387124	214405.734552047	86.2247318808002	15881.1090479041
1	16278.7476444302	267200.705683655	267696.123884367	86.5136613665629	15886.1681438913
0.79433	18988.2301334854	334501.907751721	335040.414238556	86.7510525404692	15889.2901998834
0.63096	22309.8962278879	418652.203174041	419246.226807323	86.9496041396601	15892.7672658746
0.50119	26832.0067652087	524296.393310511	524982.537448112	87.0703199570787	15896.4993328652
0.39811	32850.3829952971	656568.637731797	657389.932776526	87.1356839799569	15900.6364128548
0.31623	40567.8458764207	822320.096001069	823320.162759458	87.1756941804419	15905.3984978427
0.25119	51319.4314939416	1029566.19530489	1030844.42791503	87.1464144334456	15910.7755978292
0.19953	65203.2549788563	1290061.71348467	1291708.43810004	87.1065763994855	15916.9777128135
0.15849	83164.2679708842	1614784.52116848	1616924.65664682	87.0517705134988	15924.304850795
0.12589	109664.044539254	2024424.73936258	2027392.84008008	86.8992911337114	15932.7720047736
0.1	146775.81388519	2539645.40530782	2543883.23714804	86.6923373267028	15942.9741957479
