Frequency (Hz)	Z' (Ω)	-Z'' (Ω)	Z (Ω)	-Phase (°)	Time (s)
10000	94.9650763035834	51.4041137775962	107.984946314778	28.4264584329297	64396.3463424149
7943.3	93.3214888572854	62.5095747527087	112.322514298358	33.8153798984555	64397.7083654114
6309.6	93.8576715222347	77.7710903031578	121.89177572961	39.6453713274453	64399.1353904078
5011.9	94.6210611311474	96.8928075164135	135.430282278363	45.6796133173415	64401.7074384013
3981.1	95.120494119557	120.940059259549	153.864896370978	51.8146165482235	64403.1044653978
3162.3	96.1873578220348	150.765931875272	178.836165299425	57.4624773664284	64404.5264923942
2511.9	97.9935492422705	188.662213467176	212.593900390937	62.5520624185596	64406.8255373884
1995.3	97.6334536488157	236.481288793355	255.843098833566	67.5662713686786	64408.162557385
1584.9	100.110652870933	294.03112229538	310.606573814086	71.1975039372831	64409.5745853815
1258.9	102.136983960468	367.179088413605	381.119989584365	74.4552053705963	64410.956609378
1000	107.762985184686	465.51568875683	477.826032625537	76.9660918268707	64415.0296893677
794.33	113.498061697898	584.122159476117	595.046642877869	79.0041384333822	64416.471714364
630.96	121.918561355401	732.750463743792	742.823921073973	80.5533901263858	64417.8887413605
501.19	134.15175566243	918.207932637447	927.956087918845	81.6877985707817	64419.3107673569
398.11	152.093206630424	1152.02239281923	1162.01890563798	82.4791464562476	64422.3418243492
316.23	178.55300403197	1442.21081919372	1453.2216700312	82.9424049714042	64423.7238463457
251.19	217.57124994414	1803.77872882316	1816.85303515644	83.1222269688048	64425.1808753421
199.53	273.94086560885	2251.01023400298	2267.61784069465	83.0614034246244	64426.6429013384
158.49	355.403174710328	2803.99053769989	2826.42430503714	82.7763327817623	64428.0849293347
125.89	470.798220276935	3479.67081644329	3511.37579233882	82.2946918955945	64429.576957331
100	629.52086971431	4303.26420613323	4349.06649215591	81.6772840965461	64431.0489853272
79.433	842.358125132707	5296.63194928968	5363.19654844135	80.9635543234173	64432.5710103234
63.096	1118.06650587917	6491.47714837495	6587.059152569	80.2274821428668	64434.1530393194
50.119	1449.18201243321	7913.52162167225	8045.11982271452	79.6225624193232	64435.9500753149
39.811	1842.68810526187	9634.16448138757	9808.80342894603	79.1720400595646	64437.6121053107
31.623	2284.14685425923	11699.5155768647	11920.4023248011	78.9528583612029	64439.3591363063
25.119	2761.88923530186	14225.5865342474	14491.2161115428	79.0127484241787	64441.041169302
19.953	3262.20224927782	17317.7784666441	17622.3555330993	79.3320307552225	64443.023203297
15.849	3791.84959395103	21146.854461045	21484.1238345846	79.8343055705903	64445.0752432918
12.589	4349.89372250492	25899.3894687703	26262.139102749	80.4659540634672	64447.1672832865
10	4926.14816396486	31886.3791390864	32264.6572945522	81.2177668560863	64449.6043272804
7.9433	5516.26003633997	39346.9760031264	39731.7712338517	82.0194166656132	64452.0163702743
6.3096	6209.79012680199	48695.7498617619	49090.0962315029	82.732738809404	64454.523416268
5.0119	6954.59166929769	60413.5086485125	60812.4853341035	83.4332158514595	64457.0754632615
3.9811	7753.64706406302	75019.2286510264	75418.8551370877	84.0991204510839	64459.5925112552
3.1623	8729.26736200326	93445.6427330358	93852.4813442218	84.6631764846556	64462.2495622485
2.5119	9959.88840978763	116442.690984636	116867.872663444	85.1111232503636	64464.8866112418
1.9953	11169.3094128867	145449.773153454	145877.996912324	85.6087879402251	64469.0106892314
1.5849	13129.7743105675	181597.582062849	182071.614439263	85.8646261062428	64471.8927392241
1.2589	14198.7118169485	227134.508378901	227577.873075977	86.4229607930505	64474.9197972165
1	17205.1898657147	283725.406890463	284246.592017343	86.5298169416294	64480.0638912035
0.79433	20380.7369024842	355144.500463458	355728.816159342	86.7155598829161	64483.2909501953
0.63096	24631.1887398324	444479.316118344	445161.271805812	86.8281511838805	64486.9630181861
0.50119	30283.8972575265	556554.532787959	557377.845271883	86.8854263678115	64490.8850901762
0.39811	37956.2096895999	697069.504425638	698102.118500012	86.883258957989	64495.2321731652
0.31623	47990.3479944574	872986.735212808	874304.817188002	86.8534692430107	64500.1592641528
0.25119	61496.0782828358	1092477.70708117	1094207.15959707	86.7781939395373	64505.7113671387
0.19953	81895.9971133293	1366869.08403898	1369320.28658191	86.5712208325803	64512.0834821226
0.15849	111731.743083494	1711154.17425618	1714798.11945513	86.2641108136038	64519.4956231039
0.12589	145768.311316997	2144021.42996978	2148970.98462354	86.110544490788	64528.1177820822
0.1	201449.593883647	2674045.331926	2681622.71322256	85.6917521417036	64549.2171720289
