Frequency (Hz)	Z' (Ω)	-Z'' (Ω)	Z (Ω)	-Phase (°)	Time (s)
10000	96.9520529632295	50.8934959934534	109.498166688856	27.6965393336596	27141.6955494738
7943.3	97.6168213307924	63.2230327380145	116.302173992234	32.9297316447228	27142.9025694708
6309.6	97.9070859291626	77.9445202636175	125.14449933683	38.523543497598	27144.1995934675
5011.9	98.841294792387	95.5108358034501	137.447885804436	44.0182635589735	27145.4916164642
3981.1	99.4200736461948	119.672897594478	155.582625837441	50.2813787017357	27146.778640461
3162.3	100.713025405827	150.706688234686	181.261191006408	56.246311078859	27148.0506654578
2511.9	101.197082103426	187.340219643669	212.925356222282	61.6230541488857	27149.3276884545
1995.3	101.797484610751	232.205166913255	253.538887380789	66.3276156788952	27150.6197134513
1584.9	104.712071100137	294.79957341886	312.844060710799	70.4450889283796	27151.911737448
1258.9	108.2797959677	368.914781795875	384.477087018596	73.6425631732009	27153.1687604448
1000	112.514401069265	464.215655584843	477.656430227879	76.3756546103916	27157.1468364348
794.33	118.591395849612	582.147940819485	594.104489269292	78.485629769302	27158.4438564315
630.96	127.652230115187	730.282817505622	741.355572851065	80.0849653611966	27159.7058784283
501.19	140.678819970946	915.571676527617	926.316374273935	81.2647416804913	27161.017904425
398.11	160.053203146387	1147.8846844919	1158.98933417374	82.0622445996111	27163.8689594178
316.23	188.327435277037	1436.49705001373	1448.78949387969	82.5310139048021	27165.0509804148
251.19	230.005153168192	1794.99680112518	1809.67286727009	82.6980918886767	27166.3830024115
199.53	290.328526604369	2238.92679867696	2257.67222226658	82.6115086647389	27167.6800294082
158.49	377.118240335733	2785.88003874305	2811.28898504955	82.2908613137238	27168.9920524049
125.89	498.523616517797	3452.63043146611	3488.43556519421	81.783873953731	27170.3540764015
100	666.986697619564	4262.37694854634	4314.24715405836	81.1063467445628	27171.701105398
79.433	891.482867750611	5240.5744168029	5315.85947157578	80.3457362730441	27173.1181273945
63.096	1177.71873982026	6403.61792118413	6511.01711798045	79.5789251388164	27174.5701563908
50.119	1531.79036814633	7795.66824784031	7944.73568863882	78.8834325699147	27176.2821893865
39.811	1936.23883983815	9458.12062666742	9654.27711605014	78.4304309897201	27177.8092143826
31.623	2389.60270396175	11465.0218910669	11711.4016259978	78.2266511011564	27179.4062433786
25.119	2879.97710699211	13905.8399465872	14200.9384463457	78.2991462492168	27180.9582743747
19.953	3401.12061287305	16891.7451207685	17230.7479422199	78.6158177263135	27182.83030937
15.849	3932.05831527737	20584.0278269872	20956.2230417823	79.1853766667358	27184.7473433651
12.589	4506.49019156366	25183.9547681418	25583.9799798716	79.8547030005222	27186.6893803602
10	5111.59394767953	30924.7903945898	31344.3942936415	80.6143765158122	27188.9664223545
7.9433	5724.30187687912	38127.2414735044	38554.5610058856	81.4615691785898	27191.2534633487
6.3096	6420.11343068204	47116.2309799024	47551.6254003408	82.2405969727661	27193.5605053429
5.0119	7164.36693829938	58381.8330705603	58819.7805700205	83.0038874284725	27195.9825533367
3.9811	8008.98227663368	72523.3164971578	72964.2051478282	83.6981785907493	27198.3545943308
3.1623	8916.89620591983	90262.5440905692	90701.9178609201	84.3581448709691	27200.7816393246
2.5119	10119.0242213702	112381.538445651	112836.185838604	84.8548656918243	27203.3536893181
1.9953	11192.278272668	140364.898330443	140810.41075236	85.4410510527161	27206.0107383114
1.5849	12778.2945749836	175287.560324013	175752.705858515	85.8305681652215	27211.4968412976
1.2589	14561.3792965791	219167.110465056	219650.304066762	86.198876677544	27214.3088902905
1	16770.6326641924	273632.738156531	274146.182740154	86.4927952359002	27219.247985278
0.79433	19707.2106202242	342504.511023851	343071.004636237	86.706915230697	27222.3450392702
0.63096	23400.2000937511	428758.127557992	429396.205515911	86.8760850992738	27225.8721072613
0.50119	28096.4408905821	536798.855721829	537533.646849184	87.0038314598638	27229.6291742518
0.39811	34756.8094377846	672264.963405388	673162.84569541	87.0403827578631	27233.8262542412
0.31623	43326.1032176374	841391.86593573	842506.631002294	87.0522507340768	27238.6033422291
0.25119	54528.3585897015	1054425.56892748	1055834.5619928	87.0396543018502	27244.0554432154
0.19953	70880.359255309	1320208.97525721	1322110.34474352	86.9268122030601	27250.3125591996
0.15849	91179.8416087801	1653786.64097542	1656298.28756313	86.8442505497099	27257.5996941812
0.12589	121176.305145608	2072390.12054394	2075929.79376877	86.6536249492895	27266.1418501596
0.1	167070.462289679	2593974.06086252	2599348.75840032	86.3148325247725	27276.3540401338
