Frequency (Hz)	Z' (Ω)	-Z'' (Ω)	Z (Ω)	-Phase (°)	Time (s)
10000	98.249166477708	52.4026698294901	111.350520963411	28.0739009168774	20354.8628866089
7943.3	99.0042074370961	62.5599591578994	117.11354140357	32.288461406751	20356.0449046059
6309.6	99.0969230324784	77.7143704931809	125.935394292694	38.1044600911855	20357.3019296028
5011.9	98.8531707386725	96.1254777809112	137.884215353671	44.1985014715755	20358.5739535995
3981.1	100.507164535089	119.617154865529	156.236851802023	49.9616664148192	20359.8509755963
3162.3	101.733588859449	149.548981875282	180.871836066749	55.7737462065925	20361.1230005931
2511.9	102.427373553789	187.542816558435	213.690605539406	61.3586361225252	20362.4150245898
1995.3	103.399550195345	234.195185163542	256.005569733131	66.1780551411244	20363.7020475866
1584.9	106.281033867809	295.894120800239	314.402590453954	70.2424208047268	20364.9290715835
1258.9	108.092513150007	373.407689360897	388.738078753457	73.8555460331226	20366.2010945803
1000	113.721211846854	463.640010899883	477.383047176123	76.2186137118838	20370.1641675703
794.33	120.033796960353	581.680592899256	593.9363809099	78.3402851961668	20371.451190567
630.96	129.192478706704	729.115707499699	740.473099766068	79.9520152027265	20372.7282135638
501.19	142.696813615061	914.153858566873	925.224112174231	81.127889894329	20374.0102395606
398.11	162.388313344276	1145.95621328005	1157.40468595299	81.9345718924293	20376.8162925535
316.23	191.439052620698	1433.56712591253	1446.29305998661	82.393703071133	20378.0033115505
251.19	234.100810533103	1791.84309629372	1807.07079862072	82.5565773198521	20379.3103385472
199.53	295.921815671036	2234.42215685236	2253.93258462244	82.4557800687724	20380.4923595442
158.49	384.087517429934	2777.67213886023	2804.1015908925	82.1272485399683	20381.8193815409
125.89	509.409098193678	3443.15671221814	3480.63582901391	81.5842372106713	20383.1814095374
100	680.735559272948	4247.92146989224	4302.12014198001	80.8956764277179	20384.533432534
79.433	908.444106383027	5218.11021812208	5296.5974873396	80.1241038473853	20385.9204605305
63.096	1202.20307281542	6371.93308662546	6484.35220270453	79.3155083076244	20387.4124855267
50.119	1557.66362006958	7753.71087501827	7908.6249302053	78.6408973443002	20389.1395205224
39.811	1968.89479366278	9397.21129006288	9601.25651873741	78.1666158592691	20390.6265455186
31.623	2429.67507118993	11379.11561484	11635.6174364517	77.9471652343627	20392.2335745146
25.119	2924.36440774214	13787.7574092888	14094.4727310626	78.0251059076856	20393.7506045107
19.953	3444.05991011805	16733.2670740437	17084.0210616751	78.3697313072401	20395.607639506
15.849	3988.8445868394	20378.8197156103	20765.5285061398	78.9252368628846	20397.4946735013
12.589	4582.8538248223	24923.3369287278	25341.1774162641	79.5809517387331	20399.5217094962
10	5166.04711125535	30595.7838530867	31028.8580573071	80.4160990799102	20401.7487504905
7.9433	5780.44710889726	37681.362374386	38122.1541779653	81.2786237352321	20403.9957944849
6.3096	6479.02599501437	46600.3962135691	47048.6419050082	82.0846968260601	20406.3678364789
5.0119	7214.73412841827	57682.3202917077	58131.7681029823	82.8706372935956	20408.7848804728
3.9811	7986.78191746959	71606.5520652696	72050.5862854244	83.6357038100073	20411.1569274668
3.1623	8924.09400216839	89124.3091119972	89569.9834121362	84.2819832872369	20413.5539694607
2.5119	10080.2028726715	110928.204359662	111385.26389255	84.807712086803	20416.1210164542
1.9953	11215.4276609879	138608.231644452	139061.237220229	85.3740138690553	20418.7430654476
1.5849	12658.8928416189	173054.723886049	173517.10298196	85.8162852189488	20422.7871444374
1.2589	14389.4724021786	216348.450611083	216826.449027394	86.1948257696283	20425.4991904306
1	16507.09307456	270139.669379215	270643.538799809	86.5032450249531	20430.468284418
0.79433	19303.3425899288	338271.867160162	338822.188097483	86.7339823542623	20433.5503414102
0.63096	22862.0078554048	423188.165001599	423805.255277234	86.9077006886965	20436.9824064016
0.50119	27568.5343339762	530169.987160906	530886.277249204	87.023333404356	20440.7244743921
0.39811	33584.8111649614	664117.447249519	664966.106867262	87.1049848313497	20444.9015533816
0.31623	42082.0522407219	831370.870700809	832435.236982801	87.1022945203736	20449.6886403695
0.25119	52757.7835850806	1041449.47028613	1042784.9168875	87.0999874140075	20455.1107393558
0.19953	67863.8233051572	1305058.70723198	1306821.99546671	87.0232667947015	20461.3278553401
0.15849	87000.1545483307	1634292.42472039	1636606.47572649	86.9527846560646	20468.5899913218
0.12589	115515.365988564	2045794.48010179	2049053.16050961	86.7682372193392	20477.0721483004
0.1	155179.27013934	2563942.40650098	2568634.12531544	86.5364726524374	20487.1793332748
