Frequency (Hz)	Z' (Ω)	-Z'' (Ω)	Z (Ω)	-Phase (°)	Time (s)
10000	96.3227398860509	51.3447395111309	109.152885873996	28.0598017492937	34899.4461858874
7943.3	97.7058242079208	63.4706072257242	116.511570523066	33.0081260449668	34900.7032098842
6309.6	97.4268205370905	77.8538708517449	124.712511668103	38.6283870152229	34902.0052338809
5011.9	97.946521687049	96.5513818355011	137.534324606392	44.5890225397863	34903.3222588776
3981.1	99.0237071878466	119.892195130628	155.498659281889	50.4453519849537	34904.6342828743
3162.3	99.6909813249364	150.426669588998	180.461837187718	56.4667095424538	34905.936307871
2511.9	99.8585429648029	186.462010689649	211.517871664501	61.8290076730839	34907.2883328676
1995.3	102.447846052813	234.836872748403	256.210690571472	66.430710100227	34908.5903548643
1584.9	106.785797761634	295.428212829536	314.135377726295	70.1270495432913	34909.8573808611
1258.9	105.741908499167	373.090415251599	387.785777415388	74.1761209678344	34911.1194008579
1000	111.709270911161	464.676689487617	477.915669298124	76.4824826189956	34915.0074768481
794.33	117.784015423905	582.975779884415	594.755272545961	78.5777626912064	34916.3394978447
630.96	126.567740249411	730.870818666409	741.748978057907	80.1753054313536	34917.6415238414
501.19	139.517128942615	916.024646918298	926.588464762099	81.3399956509045	34918.9735458381
398.11	158.464869475565	1149.07239500623	1159.94762115505	82.1480506575056	34921.8396018308
316.23	186.62301876061	1438.37714251008	1450.43336807548	82.6074255356859	34923.0866238277
251.19	227.510382338332	1797.96469948654	1812.3018608034	82.7882498278404	34924.4136498243
199.53	287.097168081748	2241.90661348547	2260.21460209212	82.7024564084702	34925.725670821
158.49	372.269585327123	2789.86299649954	2814.59058894843	82.3995483069841	34927.0576968177
125.89	493.150049014191	3461.74951903828	3496.69940135043	81.8923733951593	34928.4347248142
100	659.954032150171	4273.87807345589	4324.53154819321	81.2219603238752	34929.7817488108
79.433	881.556568950312	5254.02020343172	5327.46377578751	80.4752306832898	34931.2137738072
63.096	1167.8440954503	6428.16700816989	6533.3904610242	79.7030357848911	34932.6608028035
50.119	1513.0442717587	7827.035184542	7971.9372017321	79.0591026208811	34934.3978327991
39.811	1919.20840321195	9500.47391292261	9692.38698490121	78.5792729628369	34935.9298627953
31.623	2371.73748918327	11523.8129082096	11765.3475367715	78.3702401900442	34937.5568907912
25.119	2854.96788038765	13965.1348808816	14253.9760712322	78.4459219874228	34939.1289217872
19.953	3372.86744906917	16986.820329688	17318.4381438423	78.7695375764865	34941.0109547824
15.849	3918.06881598268	20719.3472657626	21086.5505563627	79.2917031799064	34942.9329907776
12.589	4492.41329954935	25366.9866778197	25761.7117126686	79.9572257612225	34944.8950287726
10	5073.4818814274	31134.6726003747	31545.3333527115	80.744839838494	34947.2420697667
7.9433	5729.96443307358	38392.8871184797	38818.1178536082	81.5115192178693	34949.5491137609
6.3096	6366.4738543479	47445.1442963556	47870.384442159	82.3573614810628	34951.9561587548
5.0119	7121.0709044542	58851.5860973982	59280.8471346837	83.1007230408991	34954.3832037487
3.9811	7950.42659137895	73042.9060395952	73474.3180008772	83.7880397361731	34956.7852497426
3.1623	8865.80228820979	91031.3635282277	91462.0773655506	84.4373454418708	34959.2122917365
2.5119	10085.036503976	113323.158832973	113771.025701493	84.9144394030634	34961.8143417299
1.9953	11180.1660949767	141370.559877833	141811.957584977	85.4782249610647	34964.4913897231
1.5849	12742.7849295256	176767.339476304	177226.044568204	85.8768004412323	34970.0224927092
1.2589	14549.8314752927	221084.691372304	221562.944454045	86.2347301563708	34972.7795427022
1	16835.1068920208	276031.769553981	276544.677452248	86.5098682764559	34977.7786386896
0.79433	19873.1926947704	345360.761046394	345932.072896441	86.7066444458693	34980.8856926818
0.63096	23731.5995547709	432300.104530253	432951.00091615	86.8578377189383	34984.352756673
0.50119	28708.9150262474	541346.617164764	542107.334130168	86.9643105697924	34988.1448276634
0.39811	35369.1848135579	677818.620092635	678740.790713701	87.012963842413	34992.3419086528
0.31623	44699.0662580454	848590.830926849	849767.265112902	86.9847622181715	34997.1339936407
0.25119	56310.8456259801	1062725.83700349	1064216.66777488	86.9668946973139	35002.6160956269
0.19953	73204.6460362406	1330474.66767821	1332487.05867439	86.8506785867561	35008.8632136111
0.15849	95691.8367574641	1665435.2376465	1668182.08191332	86.7115402254451	35016.2003485926
0.12589	127747.731967809	2086134.08716244	2090041.84471125	86.4957778132043	35024.7175055711
0.1	174642.702410844	2609615.38844914	2615452.64708347	86.1713164399508	35045.6168955183
