Frequency (Hz)	Z' (Ω)	-Z'' (Ω)	Z (Ω)	-Phase (°)	Time (s)
10000	92.0542707581165	51.2248493766395	105.346921922133	29.0943446166235	81575.755431041
7943.3	92.496095478105	62.9856739416161	111.904972188792	34.2530997197883	81577.1474530375
6309.6	92.3598731961812	77.2754711698983	120.423604917576	39.9184804230571	81578.5994800338
5011.9	93.3259720086102	97.9400947846481	135.284881704416	46.3819413879674	81580.0815100301
3981.1	94.4867686354468	119.371760886615	152.241146686235	51.6371990445999	81581.5285370264
3162.3	94.4108820134208	151.068038836378	178.143108203549	57.996428400698	81583.0455630226
2511.9	97.444032951688	188.1095596431	211.850291448964	62.6150554277627	81584.5425930188
1995.3	98.0258603069214	237.881772080663	257.287401124012	67.6045153145644	81586.0146170151
1584.9	96.5125895998485	296.485414627389	311.798462212442	71.9687801608384	81587.4516470115
1258.9	102.099182829392	372.525565147099	386.263562639029	74.6731416966248	81588.9186740078
1000	106.312550370149	466.293720192075	478.259544449215	77.1563995636154	81593.1267529972
794.33	111.853568175872	584.621488756403	595.225592384457	79.1686974728238	81594.6487799933
630.96	119.975213897514	733.253288892223	743.003659224513	80.7075808698128	81596.1158069896
501.19	131.940109527289	919.943640290059	929.357032475785	81.8381863888575	81597.6078319858
398.11	149.54327007418	1154.1317205741	1163.77971199872	82.6171986350526	81600.6388909782
316.23	175.446666746565	1444.86869908869	1455.48173828417	83.076616552771	81602.0359139747
251.19	213.430500460897	1806.8015562643	1819.36374654605	83.2630898897864	81603.5379419709
199.53	268.640903235443	2256.48267079609	2272.41765054187	83.2107246372309	81605.0049709672
158.49	348.30382482652	2809.9394046052	2831.44398001123	82.9339886259047	81606.5369999633
125.89	461.194851391288	3491.27398063415	3521.60399517079	82.4748376722099	81608.0990279594
100	617.132337159782	4317.87072691559	4361.74964159142	81.8660788844766	81609.6160569555
79.433	825.953801344597	5318.76658330393	5382.51592191107	81.1730150759248	81611.2080839515
63.096	1095.08860639756	6525.25453805145	6616.50707263453	80.4732205547753	81612.8601159473
50.119	1427.55056240487	7956.62866340588	8083.67739927531	79.828411783098	81614.7271519426
39.811	1813.29228225351	9699.86333325074	9867.89630998534	79.4113447669051	81617.3262009361
31.623	2246.11071472393	11791.9740862292	12003.9854295604	79.2156064226449	81619.0382309317
25.119	2718.08800308891	14330.4271559978	14585.9228321658	79.2601443495693	81620.7552599274
19.953	3218.40636661045	17464.0570653812	17758.1369722032	79.5582625154702	81622.8172989222
15.849	3753.85618089178	21336.290828255	21663.9964580568	80.0216375971961	81624.9093399169
12.589	4287.80372073296	26170.1076008306	26519.0458460817	80.6951296280783	81627.0363769116
10	4874.59043520395	32192.7989417186	32559.7594526265	81.3897564531206	81629.4834239054
7.9433	5485.33111599426	39735.1892834846	40112.0197054005	82.1401559851447	81631.9504688991
6.3096	6156.55017024639	49183.6024875995	49567.4274464286	82.8651197000255	81634.4325138929
5.0119	6908.24601227645	61018.2878016879	61408.1045890178	83.5407058645968	81637.0745628862
3.9811	7740.94334194633	75840.8881983874	76234.9167150036	84.1721048771593	81639.6416098797
3.1623	8670.41256908974	94527.6212851347	94924.4290999113	84.7592897860188	81642.2486588731
2.5119	10003.7324797188	117804.571983764	118228.557649172	85.1461998134307	81645.0157118661
1.9953	11137.224007136	147117.776577906	147538.73370682	85.6708079379081	81649.2047918556
1.5849	12756.3743674696	183819.307244242	184261.398026706	86.0302509853661	81652.0568408484
1.2589	14761.6277012853	229773.717662493	230247.40385254	86.32413032934	81655.1588978405
1	17372.5360439899	287150.502063386	287675.539182347	86.5378391491571	81660.4079978273
0.79433	20685.3116174171	359289.379456563	359884.342958945	86.7049563957519	81663.695058819
0.63096	25162.2240358819	449779.226060467	450482.50766704	86.798011182893	81667.3621238097
0.50119	31135.2981449837	562990.456237394	563850.743198026	86.8345718845021	81671.2991987998
0.39811	39148.5642324856	704392.397774506	705479.454076434	86.8189005532763	81675.6562797888
0.31623	49677.6196155519	882155.208209691	883552.871797806	86.7768542052768	81680.6133707763
0.25119	64065.7655716421	1103741.06675677	1105598.82632158	86.6780397590011	81686.1204707624
0.19953	84207.4544490476	1381621.64990561	1384185.42069792	86.5122355364819	81692.5175907462
0.15849	114863.59581466	1730694.09526928	1734501.57020495	86.2029327859762	81699.9897327274
0.12589	154529.333204054	2165671.99359558	2171178.13609679	85.918634872562	81708.6868887054
0.1	209521.696517789	2703146.26320051	2711254.14920228	85.5678482666295	81729.8662826519
