Frequency (Hz)	Z' (Ω)	-Z'' (Ω)	Z (Ω)	-Phase (°)	Time (s)
10000	100.819251037743	51.4349993247539	113.18162631518	27.0293297783838	301.634589238446
7943.3	101.329308938836	62.8927184875587	119.260734899536	31.8269015083775	302.726604235689
6309.6	101.828239735228	77.5032253300062	127.967731651885	37.2753871961187	303.908627232704
5011.9	102.496628207016	96.164542057114	140.545999384051	43.1743839284272	305.080650229745
3981.1	103.220413917377	119.732588410871	158.083353256571	49.2356631353097	306.252671226786
3162.3	104.267066720723	150.195280185355	182.839392343392	55.2312316410221	308.291709221638
2511.9	105.489853360384	187.615166394101	215.238379066285	60.6523801579755	309.408728218818
1995.3	107.133471026519	234.661927658445	257.960851499927	65.4612209172804	310.585751215846
1584.9	109.454213907856	293.988857766828	313.703161337643	69.5793311109508	311.727771212963
1258.9	112.708345466857	368.319777436	385.178698253655	72.9855346045036	312.874794210067
1000	117.495368230637	461.830573905363	476.542380643537	75.7260706426715	314.046814207108
794.33	124.357698744444	578.994710294633	592.199047437752	77.8780536011146	315.318839203896
630.96	134.480568242222	725.845278808902	738.198070983611	79.5035794132728	316.48586020095
501.19	149.102254692675	910.021573285082	922.155489165844	80.6950636487399	319.176913194156
398.11	170.783247874264	1138.74816715986	1151.48352396568	81.4706602919918	321.055945189412
316.23	202.274448840656	1422.74675764908	1437.05368342827	81.9083839765651	322.147963186655
251.19	248.245216093939	1777.15352266222	1794.40807243622	82.0479800851287	323.344988183632
199.53	314.91250240725	2214.6656588448	2236.94297304131	81.9071280166213	326.793051174927
158.49	410.515209116959	2751.61144125705	2782.06546662243	81.5145813056698	327.915072172094
125.89	544.268531559931	3400.49242808307	3443.77365514876	80.9066058772038	329.167094168933
100	726.665744441991	4189.30627889541	4251.86196889526	80.1595407407118	330.394116165835
79.433	967.298491276619	5131.1176614508	5221.49737401814	79.3241119043197	331.661141162636
63.096	1274.91369761861	6252.32332947134	6380.9836195235	78.4747987611953	332.993166159273
50.119	1646.65979773909	7580.8253659189	7757.60283322429	77.7449385623794	334.570196155291
39.811	2067.85729617875	9157.02643471186	9387.60709251146	77.2748010105351	335.962222151777
31.623	2545.50028988385	11060.3089344982	11349.4495660512	77.0392198505826	337.459247147997
25.119	3046.90836596005	13357.0832438143	13700.1942822991	77.1500279070635	338.881277144407
19.953	3580.23955381177	16174.1439059833	16565.6586453463	77.518510598073	340.628308139996
15.849	4131.97630241485	19676.2707067749	20105.4434691206	78.1403339591115	342.435341135434
12.589	4707.2426044963	23990.3281809339	24447.7806593256	78.8987872430722	344.257375130834
10	5302.72926313846	29403.5604574304	29877.8899056126	79.7769861361017	346.4094131254
7.9433	5914.51818442466	36148.1419271659	36628.8095648824	80.707667499292	348.581456119916
6.3096	6597.41267563954	44638.2391717905	45123.1453953585	81.5927005525663	350.858499114167
5.0119	7301.93633053012	55280.8390642861	55761.002876801	82.475473174315	353.135538108418
3.9811	8051.5248859787	68590.7087626916	69061.6563771671	83.3049697866842	355.402581102695
3.1623	8842.60251060224	85329.5101712181	85786.4612000082	84.0836201613732	357.704622096883
2.5119	9910.09453194601	106374.601319125	106835.227240059	84.6775603986917	360.166669090667
1.9953	11032.0101271067	132679.697740623	133137.550826157	85.2469218024048	362.698717084274
1.5849	12229.2661773785	165772.395576423	166222.868722637	85.7808513584706	366.722791074114
1.2589	13755.6496038943	207365.304467502	207821.046559113	86.2048247541652	369.334839067519
1	15640.6467226127	259044.41317003	259516.16100834	86.544776094409	374.173930055302
0.79433	17990.6037153737	324213.982259999	324712.747077984	86.8239197069043	377.150982047785
0.63096	21035.0070928556	406159.764437102	406704.10100096	87.0353013289266	380.528046039259
0.50119	24860.6029119763	508622.156881675	509229.366835922	87.2017048798361	384.185114030026
0.39811	29958.910528783	636947.753521207	637651.924670336	87.3070711363167	388.307190019619
0.31623	36520.3783485856	798050.107726692	798885.293691972	87.3798578490663	392.974277007835
0.25119	45268.5739866273	1000263.191638	1001287.01995813	87.4087523622142	398.281373994436
0.19953	56326.8863417614	1253976.66434388	1255241.0895298	87.4280821752396	404.413486978954
0.15849	71936.3109981821	1571351.8452906	1572997.60156785	87.3788357702243	411.580622960859
0.12589	94381.3227938469	1970178.00671285	1972437.37853128	87.2573440163481	419.957775939709
0.1	125420.027364174	2469860.42020431	2473042.79755847	87.0930053357328	430.039963914253
