Frequency (Hz)	Z' (Ω)	-Z'' (Ω)	Z (Ω)	-Phase (°)	Time (s)
10000	98.8331467920184	51.6448063723103	111.513124474414	27.5891110798698	15312.4725233397
7943.3	99.3964645413862	62.7274390217337	117.534627959391	32.255335007826	15313.6295433368
6309.6	99.6799004371402	77.5506678919016	126.29405624034	37.8828105548976	15314.8915663336
5011.9	99.9511924936077	96.2983684426473	138.793431565078	43.9336677452699	15316.1285873305
3981.1	100.523721837749	119.79412563475	156.383027175929	49.9987327449916	15317.3806103273
3162.3	101.702598844943	149.42544004114	180.752263452781	55.7598418536494	15318.6526343241
2511.9	102.710528546401	187.384581397649	213.687702079116	61.2716676455058	15319.9146593209
1995.3	104.151954296509	236.022648042981	257.981239575677	66.1891156622665	15321.1466813178
1584.9	105.350903322913	294.037509369643	312.340951121138	70.2878705638301	15322.3637053148
1258.9	107.745040388169	369.819349784518	385.195204024261	73.7567788480931	15323.5657253117
1000	114.428879713286	463.316839344019	477.238370347743	76.1268564816018	15327.4988023018
794.33	120.89430392425	580.974274685705	593.419363155526	78.24513356672	15328.7658232986
630.96	130.257247221741	728.019658683514	739.580674357738	79.8559773087736	15330.0078462955
501.19	144.103318822078	912.681234504825	923.987447053687	81.0276333639218	15331.2748692923
398.11	164.350507748591	1143.9074174218	1155.65361117847	81.8239995071387	15334.0709232852
316.23	194.359797796188	1431.62860075331	1444.76163483609	82.2687165300877	15335.2229442823
251.19	237.838914464844	1788.34799314667	1804.09420314615	82.424480345204	15336.4999672791
199.53	301.126202870374	2229.19581101599	2249.44236509993	82.3068882837759	15337.7569892759
158.49	391.299139795644	2769.47922830051	2796.98591573015	81.9579235169794	15339.0590142726
125.89	518.752451149476	3432.44376204264	3471.4225160817	81.4058074534168	15340.4010372692
100	694.462630845254	4232.26268116785	4288.86065850205	80.6815028958595	15341.7230612659
79.433	926.558464124437	5193.40750727166	5275.41392916482	79.8842638213155	15343.0700862625
63.096	1226.1325355729	6341.89657223892	6459.3384435069	79.0575312746426	15344.462111259
50.119	1583.69745452231	7703.55354796741	7864.65732844488	78.3829795600526	15346.1241442548
39.811	1998.76277592054	9323.968642334	9535.79801996841	77.9007220455443	15347.5911692511
31.623	2463.10946467591	11290.7492460715	11556.2938164725	77.69356688977	15349.1431982471
25.119	2959.41331973487	13655.8278674048	13972.822261133	77.7722699652265	15350.6552302433
19.953	3486.92979707813	16570.1816503236	16933.0918421436	78.1164062452848	15352.4672622387
15.849	4048.43561256095	20182.8779191369	20584.9068982067	78.6576975169937	15354.344295234
12.589	4589.44601164237	24657.5808655248	25081.0547791291	79.4563489640756	15356.2513312292
10	5205.94248769646	30249.0470026384	30693.7563969129	80.2349039521537	15358.4733742236
7.9433	5855.38503240174	37237.7408826835	37695.28989043	81.0637940648103	15360.7254152179
6.3096	6535.57698613619	45994.6804180394	46456.6937405073	81.9127417572272	15362.9774572122
5.0119	7230.33156630275	56962.1633342013	57419.2106029933	82.7660071073599	15365.3095002063
3.9811	8009.22680293751	70755.9988733891	71207.8583483026	83.5418922177036	15367.6865422003
3.1623	8953.34985693408	88037.7953082532	88491.8972358404	84.1930452443033	15370.0785891943
2.5119	10059.3422306542	109551.782095098	110012.650755834	84.7536575647065	15372.6106351879
1.9953	11142.5071885542	136967.766095822	137420.247473678	85.3491550588326	15375.2126811813
1.5849	12579.983802398	170940.301477687	171402.574839911	85.791027872168	15379.3417621709
1.2589	14175.2534510319	213937.591436911	214406.694951971	86.2091899988213	15382.0238081641
1	16310.0964088993	267127.890231589	267625.351909058	86.5060143686309	15387.0729061514
0.79433	18947.959106059	334253.981506055	334790.605165281	86.7555287221515	15390.1799611435
0.63096	22386.1911972421	418450.17326002	419048.552148388	86.9377172923376	15393.5920241349
0.50119	26782.6130793958	524206.748263755	524890.486948107	87.0752044693547	15397.3240911255
0.39811	32581.1141425511	656375.303721863	657183.435834119	87.158288255633	15401.461169115
0.31623	40726.7690231869	822569.353106885	823576.960815289	87.1655058526909	15406.2032551031
0.25119	49884.8550728355	1029908.80436326	1031116.21268923	87.2269781370726	15411.5603560896
0.19953	64682.4165508021	1289928.06138428	1291548.76739419	87.129353126011	15417.7674710739
0.15849	83334.780253594	1617172.06923761	1619317.81535379	87.0500903186407	15425.0446050555
0.12589	110607.510408073	2026818.90847475	2029834.69994713	86.8763545485251	15433.5017600342
0.1	149938.744849299	2541159.57936899	2545579.23369628	86.6232311905372	15443.5889500087
