Frequency (Hz)	Z' (Ω)	-Z'' (Ω)	Z (Ω)	-Phase (°)	Time (s)
10000	95.1260235620595	51.0813702806356	107.973453906397	28.2351886693117	45896.5188071224
7943.3	95.3773128547982	62.9048226061795	114.253439836694	33.4063101059577	45897.7758291193
6309.6	96.9756183090175	77.464797462984	124.117143829518	38.6181029047731	45899.1328531158
5011.9	96.1283720474675	96.2810533160891	136.05405227391	45.0454654986368	45900.4548751125
3981.1	97.3398030693833	119.16433272734	153.867395688426	50.7562114553833	45901.7869021091
3162.3	98.3361100263232	150.617534629385	179.876714093134	56.8600346436645	45903.1339261057
2511.9	98.5532412493152	187.270946230365	211.620293598611	62.2439546463481	45904.5109511023
1995.3	100.81858095071	236.267582425989	256.878875679446	66.8914002307183	45905.8329790989
1584.9	102.16758577787	293.631425821306	310.898101978014	70.8149144229581	45907.0550000958
1258.9	103.576885452013	369.785684334441	384.017738572882	74.3524528181001	45908.3770250925
1000	109.907860494874	464.986001745795	477.798827560408	76.7011871350131	45912.4551020822
794.33	115.862107797129	583.501434747577	594.893227710381	78.7692271878839	45913.8571250787
630.96	124.470318830378	731.699398799727	742.210799216515	80.3457581989949	45915.1991500753
501.19	137.050653682764	917.248700267225	927.430892205336	81.5020213893963	45916.5611770718
398.11	155.537761665694	1150.18804229557	1160.65693809312	82.2987164898471	45919.4522300645
316.23	182.90859694701	1440.24728653318	1451.81534679977	82.7622929030458	45920.7442540613
251.19	222.732259254562	1799.57191153215	1813.30326313282	82.9444074338058	45922.1112770578
199.53	280.778695290528	2246.05627393202	2263.53826152739	82.8744395901095	45923.4833030544
158.49	364.414919712143	2796.38420778919	2820.02887773895	82.5752575229293	45924.8653300509
125.89	482.143798830828	3468.45362488773	3501.80427647633	82.0861258341451	45926.2823560473
100	645.806795935598	4287.79970709181	4336.16106087092	81.4347780335501	45927.6993820437
79.433	862.998517369978	5273.93747116744	5344.07923694688	80.7067912019862	45929.1264070401
63.096	1143.60303940463	6452.4319384262	6552.99212816237	79.9494970042708	45930.6234380363
50.119	1485.08087104316	7866.29212404094	8005.24933867064	79.308934903824	45932.3154680321
39.811	1881.94637310101	9563.22714654139	9746.64227349985	78.8670281538665	45933.8674970281
31.623	2332.50751782531	11607.8789987741	11839.9090440295	78.6381939630247	45935.5345260239
25.119	2811.10329061567	14086.1950969812	14363.9546790126	78.7140667999409	45937.1565580198
19.953	3316.61831816737	17141.920528467	17459.8223494021	79.0497157141818	45939.1285930149
15.849	3844.09453782203	20932.3043486694	21282.3501559634	79.59391560878	45941.1206320098
12.589	4400.3712614224	25631.6467872066	26006.6257761839	80.2585791953342	45943.1226680048
10	4987.95467541828	31506.6988320636	31899.0871834664	81.0039316099671	45945.4447109989
7.9433	5608.54597667399	38822.9972752759	39226.0233188192	81.7796635694998	45947.8067549929
6.3096	6295.30104232253	48076.8043514191	48487.2141070004	82.539985676275	45950.143798987
5.0119	7038.01122067999	59567.4055983676	59981.7423193329	83.261625876252	45952.6408449807
3.9811	7857.29275001162	73976.5824367922	74392.6864576545	83.9371600560822	45955.1828889743
3.1623	8766.54890433059	92129.6890721683	92545.8372279727	84.5644180557034	45957.7399389679
2.5119	9953.79551376599	114836.175705029	115266.75711447	85.0460853955303	45960.2869839614
1.9953	11127.260043167	143429.96115889	143860.938666856	85.5638934467964	45962.9940369546
1.5849	12704.2953112705	179187.643334589	179637.442208354	85.944550082487	45968.6101399404
1.2589	14506.8187362903	223926.602165995	224396.013662131	86.2933407866012	45971.3971889334
1	16865.3271994382	279702.089726568	280210.09663992	86.5493875397661	45976.4912879205
0.79433	19927.5740954483	350139.802582613	350706.415056697	86.7426282173822	45979.6383419126
0.63096	23962.8683657405	438562.267687687	439216.440607225	86.8724912359718	45983.2204089035
0.50119	29121.2582347358	548878.597926199	549650.582590981	86.9629673264255	45987.1224828937
0.39811	36389.037099376	687322.259350262	688284.861245232	86.9694077664253	45991.3795618829
0.31623	45955.5196659337	860939.199146173	862164.841787358	86.9445451595406	45996.2266488707
0.25119	59430.1092370719	1077755.25751463	1079392.57593535	86.8437644717742	46001.7087518569
0.19953	76234.6819192041	1350958.02156335	1353107.27688299	86.770219390099	46007.990868841
0.15849	101996.097261858	1690122.83897583	1693197.68919178	86.5464835867327	46015.3380028224
0.12589	134384.601135415	2115345.48009336	2119609.80399075	86.3649733396862	46023.9651658007
0.1	181058.719176805	2644482.77622706	2650673.76596056	86.0832658225149	46044.9695527476
