Frequency (Hz)	Z' (Ω)	-Z'' (Ω)	Z (Ω)	-Phase (°)	Time (s)
10000	101.071932036474	51.2441101294433	113.32031710397	26.8852972066533	1639.47835886072
7943.3	101.029943355147	63.3792028704123	119.264298140026	32.1013181126384	1640.57037685796
6309.6	101.695967762264	76.8137258673249	127.445746656073	37.0647416594403	1641.74739985499
5011.9	102.015541101116	97.1879199529429	140.899476262097	43.6117300201282	1642.93942085198
3981.1	102.997281134923	119.933676127885	158.0902482468	49.3444997189436	1644.11144084902
3162.3	104.216865911676	149.75900929494	182.452503423368	55.1660536850668	1645.27846284607
2511.9	104.47459580875	187.078352132746	214.273775824541	60.8186641609229	1646.4554868431
1995.3	106.833614371399	233.91485311232	257.156721993058	65.4528672735925	1647.62250684015
1584.9	110.503915037551	294.501575064352	314.550938568001	69.4327282116874	1648.7545268373
1258.9	113.664352129282	365.961972966338	383.207190175738	72.7456964062537	1649.90655183439
1000	117.273644627882	462.291266880832	476.934296479705	75.7655304264245	1653.57461782513
794.33	124.063044843894	579.161004916313	592.29984696234	77.9092992719941	1654.76663982212
630.96	133.941635517671	725.925602823417	738.179072149631	79.5458459419401	1655.92865981918
501.19	148.824092265625	910.219831011729	922.30621336176	80.714107758861	1657.12068181617
398.11	170.050544464637	1139.96097756914	1152.57460411598	81.5156229517001	1659.83173680933
316.23	201.378815262686	1425.22884028458	1439.38551973247	81.9575872704416	1660.92375380657
251.19	247.181705091487	1779.60017750134	1796.68460980071	82.0923630641318	1662.13077580352
199.53	313.417380678426	2216.77097370045	2238.81754601669	81.9525951017265	1663.3277998005
158.49	408.12897345318	2752.57393673372	2782.6664435677	81.5661009480873	1664.53982279744
125.89	540.543266539707	3405.73246019482	3448.36201890493	80.9814847309306	1665.80184479425
100	722.451524799537	4196.10622570657	4257.8449552677	80.2310536189915	1667.03386579114
79.433	962.26453771511	5138.76316301911	5228.08185534105	79.3938474300579	1668.31589178791
63.096	1265.5425598037	6263.39230001769	6389.9672201503	78.5769611688082	1669.64791578454
50.119	1639.14813739053	7599.61097294169	7774.3741585009	77.8284239391973	1671.14994178075
39.811	2062.39458034075	9181.27442321614	9410.06224418424	77.3397668878602	1672.55196977721
31.623	2536.16301069293	11091.3590764153	11377.6258058871	77.1201126767613	1674.05399777342
25.119	3038.54762017388	13393.1406141775	13733.4987221464	77.217490709931	1675.4860247698
19.953	3574.81514970552	16229.0598086219	16618.1131788898	77.5776914501516	1677.24305576537
15.849	4131.06642565509	19739.1309048499	20166.7795815786	78.1795672039127	1679.04508776082
12.589	4704.13768119442	24074.5440603284	24529.830473045	78.9437786005518	1680.96712575597
10	5308.53567461639	29495.4669547895	29969.3697279365	79.7972462472542	1683.12416275052
7.9433	5936.70792572129	36252.1761046007	36735.0619070433	80.6997130594137	1685.30120374502
6.3096	6597.38876822566	44798.2272214258	45281.4167263085	81.6223286219009	1687.57324773929
5.0119	7310.26850667979	55475.9793720135	55955.5565866682	82.4931806882961	1689.88028773346
3.9811	8098.76994670848	68782.6845369467	69257.8354177983	83.2846670642637	1692.15233272773
3.1623	8948.49385078415	85605.0339930545	86071.4667421761	84.0324115301379	1694.55937572165
2.5119	10024.6900195239	106610.419372728	107080.698208484	84.6282125088796	1697.01642071545
1.9953	11092.0706454257	133054.208500436	133515.753493288	85.2345536578042	1699.56346870901
1.5849	12389.8190109037	166209.838009097	166670.98687574	85.7368718769588	1703.69754769858
1.2589	13940.3615885432	207703.73461223	208171.023567371	86.1602626113817	1706.31959569196
1	15805.8560655197	259632.463737299	260113.131756672	86.5162578248015	1711.16368367973
0.79433	18231.5712737813	325065.971002599	325576.835316909	86.7898859010885	1714.15073767219
0.63096	21275.8686393676	407017.939937673	407573.632632763	87.0077264749896	1717.55780166358
0.50119	25217.5589065274	509820.523455713	510443.818077818	87.1682523533918	1721.1948706544
0.39811	30375.6428899354	638735.145844184	639457.008889236	87.2772972972495	1725.26694364412
0.31623	37153.8192957676	800481.641614595	801343.412558099	87.3425619685191	1729.93402963234
0.25119	46294.7597503212	1003218.37491311	1004285.97149599	87.3578893608756	1735.24613061892
0.19953	57464.9069299928	1257545.56891625	1258857.8448059	87.3836273905667	1741.36324360348
0.15849	73899.380171758	1575425.25806204	1577157.52609865	87.3143624628583	1748.53537658537
0.12589	96395.5274494143	1976431.18100583	1978780.5110634	87.2077531259666	1757.002531564
0.1	126634.180293104	2476732.51347638	2479967.77376834	87.0730422732441	1767.06971953858
