Frequency (Hz)	Z' (Ω)	-Z'' (Ω)	Z (Ω)	-Phase (°)	Time (s)
10000	94.8008916904932	51.418963632303	107.847665187211	28.4749185168719	49475.8170780856
7943.3	95.1153501844195	62.1762741773052	113.634585013878	33.1723791447826	49477.0891000824
6309.6	96.3375872261529	77.3307408213113	123.535315551989	38.7542148984891	49478.4461270789
5011.9	96.9881992425441	96.262274691504	136.649684672501	44.7847755995377	49479.7981500755
3981.1	98.1431601684051	118.375103262451	153.768478435072	50.3383426101093	49481.1351760721
3162.3	98.5803951973575	149.850143011593	179.36878122422	56.6606870377478	49482.4721990688
2511.9	98.4402466699407	186.812926454716	211.162382196768	62.2132096110987	49483.8192240654
1995.3	100.808772869042	237.253600318034	257.782232807522	66.9794188381018	49485.2512500618
1584.9	103.70357043302	295.414905399321	313.088480868662	70.6566925284578	49486.5382760585
1258.9	105.197214463434	368.100721481397	382.83755704736	74.050923109624	49487.8753030551
1000	109.843461450418	465.096397623081	477.89145745177	76.7117456702863	49491.9233790449
794.33	115.740301683812	583.418928574885	594.788587359683	78.779188118455	49493.3104000414
630.96	124.322195780703	731.747659671502	742.233552056532	80.3576552000548	49494.662425038
501.19	136.817208396176	917.832097306056	927.973441084687	81.5215996663913	49496.0494520345
398.11	155.251382761717	1150.09686903547	1160.52824179966	82.3121244050673	49498.9705070271
316.23	182.465746394311	1440.00164592569	1451.51592787538	82.7784126999765	49500.2625310239
251.19	222.391670826571	1800.55644694132	1814.23856586586	82.9589013624345	49501.6495560203
199.53	280.136432368623	2247.69260204262	2265.08243868018	82.8956946524812	49503.0215800169
158.49	363.216438603323	2796.57262850007	2820.06110709458	82.5998978489942	49504.4086050134
125.89	481.569712390279	3469.69031580263	3502.95022452022	82.0982114730639	49505.8456340098
100	643.463462218628	4289.25045318919	4337.24736179459	81.4682429063027	49507.2526610062
79.433	861.339422173963	5278.22127104578	5348.03939648084	80.7317437883055	49508.7046870025
63.096	1138.31428693913	6461.17770371289	6560.6841666709	80.0083052636052	49510.2217139987
50.119	1480.40702509166	7875.17744403712	8013.11579443426	79.3535600596054	49512.0437469941
39.811	1879.82553333033	9570.31659268602	9753.18941269993	78.8872942789967	49513.6257779901
31.623	2321.12345211976	11619.7726874901	11849.3346390808	78.7034910013063	49515.2828089859
25.119	2809.23168489142	14107.845916519	14384.821829402	78.7382543870195	49516.8898359819
19.953	3313.32663260965	17162.5710009398	17479.4730108393	79.0731672335538	49518.806873977
15.849	3843.28683067192	20939.886313899	21289.6616342728	79.5997392132059	49520.788911972
12.589	4413.82802909851	25651.8535063092	26028.8199152325	80.2369107576879	49522.785947967
10	4990.37912682706	31527.8506549533	31920.3579358144	81.0055700716119	49525.1229889611
7.9433	5616.36476757729	38863.6632861841	39267.3894882812	81.7768561941145	49527.5000339551
6.3096	6274.79593560606	48116.1359630126	48523.5572072433	82.5700225897524	49529.8470789492
5.0119	7007.70021279441	59631.8533119539	60042.2000903597	83.2975667442712	49532.3341249429
3.9811	7827.50436299262	74134.4829836207	74546.5719654594	83.9727450965492	49534.8261699366
3.1623	8769.80091871951	92247.0741390446	92663.0028402294	84.5692917444898	49537.42321893
2.5119	9937.35914729694	114915.50796838	115344.376015708	85.0576224326318	49539.9902669235
1.9953	11117.9468530626	143496.685244265	143926.743235298	85.569644340679	49542.6973149167
1.5849	12729.5843551515	179357.502159717	179808.664693412	85.9403397821046	49547.0663999057
1.2589	14579.186810282	224174.281209883	224647.860092227	86.2790059520415	49549.9384488984
1	16926.0661127433	280125.89958265	280636.796110278	86.5422172239276	49555.0925458854
0.79433	20012.1043415493	350669.128045291	351239.692637694	86.7337678283479	49558.2446038775
0.63096	23972.9763245163	438778.928136898	439433.329836075	86.8727165038476	49561.8266688684
0.50119	29306.9900905638	549374.421904836	550155.57355301	86.9463873311618	49565.6937428587
0.39811	36268.943420255	687775.69665543	688731.330176495	86.9813787343673	49569.9408218479
0.31623	46171.3673407342	861176.14332308	862412.978213412	86.931064436211	49574.8279108356
0.25119	58921.1987069657	1078595.35519796	1080203.52152346	86.8731704138205	49580.3550138216
0.19953	76570.8429472264	1349421.28693238	1351591.98858824	86.7523214571217	49586.6621288057
0.15849	99487.0626703235	1688847.27297633	1691775.04032845	86.6287011114219	49594.0042667872
0.12589	133073.680004113	2116351.60196062	2120531.23236399	86.4020461114292	49602.5714247655
0.1	184399.792473817	2647790.78661049	2654204.08656226	86.0161889070496	49623.6408167124
