Frequency (Hz)	Z' (Ω)	-Z'' (Ω)	Z (Ω)	-Phase (°)	Time (s)
10000	92.9757295996829	52.4092104831048	106.729619309992	29.409390972954	61846.340126853
7943.3	94.2046860700169	62.4563930936705	113.027978464721	33.5438230954771	61847.6571518497
6309.6	94.8235176842915	77.8740349360248	122.702342370634	39.394630668618	61849.0691748461
5011.9	96.0870543108129	94.4368215292694	134.725778033308	44.5037419389447	61850.4862018425
3981.1	95.7886884251288	120.124152652117	153.640114815745	51.4306492979294	61851.873228839
3162.3	97.031933809951	149.193484725353	177.971604654767	56.9609710041318	61853.3552558353
2511.9	97.2049919626753	187.443601926653	211.149033541954	62.5895306547849	61854.7522818318
1995.3	97.8379142634191	235.805346056526	255.29672676369	67.4659660722537	61856.1643068282
1584.9	99.5773490538988	294.684011884094	311.053556971636	71.3292570548716	61857.5363318247
1258.9	105.735196127855	370.828894509357	385.608610774225	74.0854517463452	61858.9433578212
1000	108.054472872338	465.510888802968	477.887179888568	76.9319147914495	61863.0264368109
794.33	113.8220177658	584.120391914547	595.10678367725	78.9734886984027	61864.4634618072
630.96	122.211573507609	732.717037556329	742.83909820669	80.5306731905108	61865.8704868037
501.19	134.478876502862	918.350129758716	928.144131616056	81.6690860422881	61867.2975148001
398.11	152.491871346343	1151.97715362285	1162.02630490696	82.4593667268862	61870.3085697925
316.23	179.046550686417	1442.36651068995	1453.43689868966	82.9238504332305	61871.680594789
251.19	217.963416966637	1803.29443320837	1816.4192423491	83.1081164027566	61873.1126197854
199.53	274.854347024781	2251.11374041645	2267.83111901442	83.0388096444628	61874.5146457819
158.49	356.249032451267	2803.28339852561	2825.82929165436	82.7575156405237	61875.9866767781
125.89	471.575247009168	3480.43605299137	3512.23836499658	82.2838043251787	61877.5137037743
100	631.230365337219	4302.89453737	4348.9485135895	81.654294356183	61878.9357277707
79.433	843.595983749841	5296.81106972062	5363.56800013888	80.9507956709359	61880.4377587669
63.096	1118.03976905388	6491.20971142851	6586.79105808965	80.2273164779208	61881.994786763
50.119	1450.81610480845	7913.17992666872	8045.07824211824	79.6106766851306	61883.8518187583
39.811	1846.33032241081	9627.41502128101	9802.85956501677	79.1437200730711	61885.5088497541
31.623	2281.95790869596	11691.6741251166	11912.2867554882	78.9559646865881	61887.2658847497
25.119	2760.03631743348	14222.2793145145	14487.6164144976	79.0174492238455	61888.9329127455
19.953	3266.88223406328	17306.8569849264	17612.4904039132	79.3104922378164	61890.9599507403
15.849	3797.83923157303	21144.0589952859	21482.430347263	79.8172654822788	61893.0269897351
12.589	4368.32847817206	25913.9438526442	26279.5505991104	80.4315728939207	61895.07402773
10	4928.69244934806	31851.6677362032	32230.7422632143	81.2038758000943	61897.4660717239
7.9433	5523.94301761948	39272.2296293113	39658.8195300776	81.9934317307245	61899.8781177178
6.3096	6215.95960321555	48628.1558639413	49023.8278443919	82.7155930130627	61902.2801607118
5.0119	6954.87372851397	60335.6546419043	60735.1750606411	83.4245522281453	61904.8422077053
3.9811	7786.86958971019	75021.8260978794	75424.8614786107	84.0742198527957	61907.4092576988
3.1623	8719.01800211453	93318.3596542275	93724.7967374533	84.6621777514014	61910.0563046921
2.5119	9968.19833008084	116384.830731171	116810.931861153	85.1046433801202	61912.6733546855
1.9953	11159.3206692529	145411.088509282	145838.661195355	85.6115370508243	61916.8174316751
1.5849	12875.6066376369	181551.733036689	182007.727898879	85.9433886211261	61919.5344806682
1.2589	14456.8212259012	227136.868669529	227596.477980123	86.35814724784	61922.5615386606
1	17112.4011664191	283657.425339016	284173.132480254	86.5476613053511	61927.7156326475
0.79433	20251.4538599521	355051.455753706	355628.538810186	86.7354957777535	61931.0076916392
0.63096	24431.4126421601	444287.503910853	444958.739722042	86.8524696274127	61934.5797606302
0.50119	29846.0040189344	556366.191662076	557166.154015532	86.9293379787005	61938.5168326203
0.39811	37239.8422955644	696461.615400335	697456.513038801	86.9393060704989	61942.8139136094
0.31623	47469.0754915108	872067.828994748	873358.810281107	86.8843062546214	61947.731003597
0.25119	61389.7222447038	1091766.41341823	1093491.0148078	86.7816632665042	61953.298107583
0.19953	79975.5532949457	1368062.05907815	1370397.71110944	86.6543531979645	61959.6402215669
0.15849	106155.277023485	1709622.34997486	1712914.91977083	86.4469049918204	61966.9973595484
0.12589	142834.32450913	2140134.36841693	2144895.51240552	86.1816952636067	61975.6895195264
0.1	192147.956494355	2673904.74690468	2680799.77482548	85.8897656586272	61996.7289124733
