Frequency (Hz)	Z' (Ω)	-Z'' (Ω)	Z (Ω)	-Phase (°)	Time (s)
10000	93.3188644993574	51.2239982386583	106.453315904219	28.7629841474825	68263.6849496508
7943.3	93.3811419499352	63.1694448756882	112.740482692671	34.0771316551367	68265.0319726474
6309.6	94.2290704769663	77.0617334874162	121.727681695819	39.2767372336638	68266.4989996437
5011.9	94.2670637302917	96.2652315562975	134.734086670443	45.6008555457218	68267.96602764
3981.1	93.9835732649512	120.785559333122	153.04268485316	52.1134175440396	68269.3930536363
3162.3	95.695916664699	150.363050653568	178.232307588003	57.5260036836632	68270.8000776328
2511.9	96.7064223761881	187.608191038449	211.066258491311	62.7302458808512	68272.2271056292
1995.3	98.1735208372822	233.884637338338	253.65343241611	67.2296788990417	68273.6591296256
1584.9	99.0328410120924	295.565325696057	311.715199104475	71.4759336994289	68274.9661546223
1258.9	102.286799014316	372.756863721555	386.536245007017	74.6553831049784	68276.3731836187
1000	107.524945435315	465.695669257823	477.947769381089	76.9987585061004	68280.5462616082
794.33	113.199362942985	583.965788458656	594.83622776428	79.0295085759876	68281.9982866045
630.96	121.569837343383	732.672173924005	742.689531227029	80.578936780427	68283.4553146009
501.19	133.805385689431	918.673629964185	928.366910025917	81.7131058785883	68284.9023385972
398.11	151.791895907716	1152.58783542414	1162.54010598816	82.4975163400691	68287.9333995895
316.23	178.066221825702	1442.02735159889	1452.97985605947	82.960566046	68289.2954225861
251.19	216.901764283686	1804.76135703993	1817.74858856058	83.1468864542859	68290.7824495823
199.53	273.215961898767	2252.66178652559	2269.16991129111	83.0846106798566	68292.2244745787
158.49	354.405118144176	2805.00266723101	2827.30312328549	82.7989771460976	68293.681501575
125.89	469.711341450675	3482.13847265675	3513.67572309166	82.3176502122004	68295.2285315711
100	627.151368299378	4304.57822533281	4350.0244294451	81.7106702179603	68296.7455605673
79.433	839.965245933236	5299.56535465143	5365.71845726156	80.993708359313	68298.2875895634
63.096	1109.35204110138	6493.19956552223	6587.2833967269	80.3047230743045	68299.8746175594
50.119	1446.01064250733	7930.91398276137	8061.65884791736	79.6669995314573	68301.7616535546
39.811	1840.08377716906	9637.61238522024	9811.70121817574	79.1907597734189	68303.4086815505
31.623	2276.99763613656	11718.0011426965	11937.1801115342	79.0035386321639	68305.200716546
25.119	2751.68897965867	14235.1472255649	14498.662309823	79.0595197671312	68306.8827475417
19.953	3255.05766327852	17334.9613933893	17637.9218419168	79.3651712353052	68308.9097835366
15.849	3787.56748636995	21196.1680533543	21531.9113784598	79.8686813410981	68310.9718235314
12.589	4341.83643325228	25946.5729128806	26307.3409818733	80.5002809131946	68313.0588605261
10	4928.25937150089	31923.2062802922	32301.3751974567	81.2240394838137	68315.4509065201
7.9433	5514.42821631397	39388.9186102503	39773.054042125	82.0304186939078	68317.8979505139
6.3096	6187.1306487406	48791.9196512121	49182.6393040768	82.773096176752	68320.3399945077
5.0119	6948.96515591497	60459.3576786551	60857.3910684124	83.4434148164024	68322.8920445013
3.9811	7777.37406622917	75129.6955047114	75531.176966844	84.0898321833451	68325.4940904947
3.1623	8703.100806293	93600.1799188617	94003.9235590078	84.687816731954	68328.0811394882
2.5119	9823.63146699774	116603.669954674	117016.749151983	85.1843144736114	68330.8481894812
1.9953	11136.5830947919	145707.525097069	146132.495882812	85.6293193859476	68335.0172704707
1.5849	12825.0668966426	182106.072309326	182557.125067287	85.9715185556666	68337.8393204635
1.2589	14252.3928119803	227462.567555282	227908.644723512	86.4146373525454	68340.8713764559
1	17177.6064978182	284279.853865153	284798.35933268	86.5421076346621	68346.0954734427
0.79433	20390.6786573397	355665.564088	356249.59404067	86.7187648835782	68349.3275324345
0.63096	24607.8075845654	445129.17126895	445808.841667257	86.835772788919	68352.9895994253
0.50119	30227.9004940141	557353.060653684	558172.159990361	86.8956194384271	68356.9466744153
0.39811	37822.9352228271	697849.636942722	698873.87289121	86.8976464490021	68361.3137554043
0.31623	48097.256996707	873629.787980105	874952.771626429	86.8487903257164	68366.2308443919
0.25119	62252.2401127191	1093418.8189472	1095189.50644486	86.741464291898	68371.7679493779
0.19953	82062.7648513136	1370096.23219328	1372551.63212364	86.5723286903008	68378.0800673619
0.15849	108297.354294174	1713480.71132495	1716899.66655882	86.3835374252037	68385.4122013434
0.12589	146384.50798686	2141147.41868179	2146145.5432254	86.0889271735706	68394.0343593217
0.1	198003.417762494	2675860.39861018	2683176.14522339	85.7680445111371	68415.1187512684
