Frequency (Hz)	Z' (Ω)	-Z'' (Ω)	Z (Ω)	-Phase (°)	Time (s)
10000	96.0057427068982	51.8191287105298	109.097776022344	28.3579684975931	36598.2086425984
7943.3	96.5506810865114	62.1259626168099	114.811450863294	32.7594342054281	36599.4256635953
6309.6	97.2089724042041	77.2807957984915	124.184965737119	38.4845776454997	36600.737685592
5011.9	98.0100622279258	96.1740856516589	137.315064901323	44.4582947378998	36602.0397095887
3981.1	98.7346058420076	119.166549001777	154.7552544884	50.3567920361253	36603.3517345854
3162.3	99.3354855980556	149.893660241888	179.821155817974	56.4673095226933	36604.6537605821
2511.9	100.102044188074	187.943800828215	212.939642904713	61.9594809191546	36605.9507845789
1995.3	102.842011363948	235.906570583972	257.348769855372	66.4455031255298	36607.2728075755
1584.9	103.049793473633	295.574154118935	313.022907337598	70.7792598985366	36608.5398325723
1258.9	103.149297076001	367.319799985761	381.527997595003	74.3144054519072	36609.8218545691
1000	111.473950262005	464.760174024958	477.941901225165	76.5122507739971	36613.824932559
794.33	117.485469140071	582.847354218191	594.570327024657	78.6035114493623	36615.1619535556
630.96	126.282862575162	731.173800719424	741.998981292201	80.2009726550373	36616.4589785523
501.19	139.143812878114	916.661012741464	927.161481589084	81.3687237123312	36617.796004549
398.11	157.974369068426	1148.50375982176	1159.31738001605	82.1682256183947	36620.6520565417
316.23	185.807980881357	1437.60966228404	1449.56757236482	82.635469860243	36621.8690775387
251.19	226.674433738969	1797.59714804574	1811.83244412199	82.8130168661278	36623.2161015353
199.53	285.938515483244	2243.31121766911	2261.46104409447	82.7360942395021	36624.528125532
158.49	370.545149294109	2790.14973434783	2814.64726879704	82.4351150482671	36625.8751505286
125.89	490.525675030762	3461.13759898237	3495.72437657116	81.933543107449	36627.2571775251
100	657.23506274449	4276.97738728229	4327.18077956362	81.2638028925809	36628.5342025218
79.433	877.693852945195	5256.41113972811	5329.1842311329	80.5204411066523	36630.0062295181
63.096	1158.22087745531	6429.84862027399	6533.33214222365	79.7887060575521	36631.4532535145
50.119	1510.47099130099	7829.55118063648	7973.91963251248	79.0806877985602	36633.1902885101
39.811	1911.20305343234	9509.61123368696	9699.76303459597	78.6363110700163	36634.7623155061
31.623	2359.75941097647	11533.4890959055	11772.4184092761	78.4368335570227	36636.379347502
25.119	2845.74992412895	14001.7459794876	14288.0083673259	78.511543041093	36637.9463744981
19.953	3362.58946170548	17011.1215960503	17340.2787129729	78.8184860144609	36639.8384114933
15.849	3907.68260449521	20734.7535252193	21099.7627258951	79.3271888536665	36641.8004474883
12.589	4466.19605357388	25387.6931314738	25777.545843754	80.0226318708538	36643.7624834834
10	5057.69344889378	31188.6152151845	31596.0437723431	80.7888299533797	36646.0695254776
7.9433	5678.93898643107	38441.2795917852	38858.4910240402	81.5964632190711	36648.3815694717
6.3096	6349.83245941113	47535.9623725073	47958.1910724645	82.3914963201568	36650.6886124659
5.0119	7111.13804195821	58936.3007746735	59363.7585842959	83.1200622594674	36653.1506564597
3.9811	7924.4311164415	73255.3371731274	73682.7051136684	83.826009512846	36655.5777034536
3.1623	8829.75193747684	91175.8407475535	91602.3932836943	84.4685479123511	36658.1147484472
2.5119	10052.3713604441	113558.688504205	114002.745163278	84.941284683493	36660.6967984406
1.9953	11171.6955838747	141824.544359463	142263.868093722	85.4960404431776	36663.3738464339
1.5849	12735.6150080975	177233.61932335	177690.60669627	85.8899167725534	36668.87994842
1.2589	14653.4387654625	221373.957605787	221858.406137117	86.2129366830487	36671.6169974131
1	16901.9265488992	276504.741518745	277020.842543322	86.5020289029792	36676.6160934004
0.79433	19893.1279609062	346180.359236516	346751.463819826	86.7111359104241	36679.7431483926
0.63096	23752.683387552	433271.111368143	433921.70482046	86.8620857973223	36683.2252123838
0.50119	28899.6201093213	542327.440787045	543096.898419692	86.9496995848884	36687.0572843741
0.39811	35761.2989574263	679630.08584461	680570.293274893	86.9879443856397	36691.2443633635
0.31623	44796.8772745296	850805.49507937	851984.008459549	86.9860278020384	36696.0314513514
0.25119	57227.9700092115	1065365.57475874	1066901.51768211	86.9252124201334	36701.5535523375
0.19953	74316.220527365	1333948.20876583	1336016.73803251	86.8112639939928	36707.8106713217
0.15849	97475.2270459448	1669887.20494172	1672729.71430406	86.6593020082454	36715.1078063033
0.12589	130875.447962384	2089675.87579324	2093770.19960444	86.4162722202667	36723.6449612817
0.1	171873.123651541	2612911.59417674	2618558.26164265	86.2365973210024	36744.5943512288
