Frequency (Hz)	Z' (Ω)	-Z'' (Ω)	Z (Ω)	-Phase (°)	Time (s)
10000	96.6373776184799	51.2329817513917	109.378248167152	27.9306117960707	29871.4850915818
7943.3	96.8559533051951	62.9338222583375	115.506457285739	33.014490067935	29872.7021135787
6309.6	97.6192481215812	77.4643806681332	124.620415165896	38.4332633610194	29874.0491395753
5011.9	98.1000985994726	95.8527763634752	137.154599200365	44.336146384031	29875.346162572
3981.1	99.2270389424376	119.812792840387	155.567061377071	50.3689892326146	29876.6481855687
3162.3	99.5079875303017	150.279794346889	180.238331581476	56.4894068777289	29877.9152085655
2511.9	100.549871783748	187.513786908021	212.77146659342	61.798608968981	29879.2122345622
1995.3	103.491975764749	233.683136402512	255.574641321486	66.11273556622	29880.494257559
1584.9	104.451125581075	294.426400807855	312.405094593256	70.4672787297007	29881.7562805558
1258.9	108.162793323454	373.202393327819	388.560440916396	73.837173950155	29883.0433045526
1000	112.053727030876	464.633315932763	477.954135891913	76.4411187149543	29887.0613785424
794.33	118.166686101183	582.764456817794	594.624064291275	78.5375877345166	29888.2784015394
630.96	126.991664873681	730.566313210017	741.521423119162	80.1390152936823	29889.5654255361
501.19	140.101851820837	915.793218291553	926.447919503535	81.3020909230971	29890.8874505328
398.11	159.100560633133	1148.19290323918	1159.16346191665	82.110985073946	29893.7235045256
316.23	187.426478010337	1437.68690151747	1449.85251369036	82.5724283961782	29894.9805245224
251.19	228.524863688396	1795.38420749006	1809.86962674898	82.7461327401475	29896.337549519
199.53	288.59830518736	2240.21947392327	2258.73244832186	82.6592503781592	29897.6595745157
158.49	374.676811387683	2788.01526453456	2813.07870993141	82.3459719064909	29898.9815995123
125.89	496.321207697616	3457.02670856318	3492.47310725933	81.8299416685853	29900.3636245088
100	662.880136875842	4267.91300889269	4319.08457052418	81.171522154154	29901.7006525055
79.433	886.29792083355	5245.38632196693	5319.73699266718	80.4094808239082	29903.0976745019
63.096	1168.37682811218	6414.45511979941	6519.99531413868	79.6768910160613	29904.5797044982
50.119	1523.32999084996	7810.57301933715	7957.737439211	78.9638952853707	29906.3017334938
39.811	1926.29031839434	9478.67803368108	9672.43152764226	78.5125876228579	29907.84376449
31.623	2374.51522932353	11497.2358638584	11739.8788359796	78.3308145567628	29909.4957954858
25.119	2863.09389459102	13941.7829432753	14232.7305281399	78.3950436979731	29911.0228214819
19.953	3383.42058863927	16938.2453109284	17272.8598990676	78.7038214092593	29912.8898584772
15.849	3921.15289212	20639.2503481837	21008.42914019	79.2428492376673	29914.8218944723
12.589	4481.6051068432	25305.9357056534	25699.7114044564	79.9572175468864	29916.8639294672
10	5085.57192938138	31052.7853461562	31466.4665891066	80.6991315230175	29919.1409714614
7.9433	5714.65288752103	38250.6975509009	38675.2261888065	81.5028602847783	29921.4230154557
6.3096	6399.86426030712	47289.5020654153	47720.5958485985	82.2927745180724	29923.8150574496
5.0119	7136.26210914171	58649.92928583	59082.4884557449	83.0626065716961	29926.2221044436
3.9811	7945.16902835771	72832.0308461451	73264.1141901204	83.7742824407537	29928.6141484375
3.1623	8851.53531120941	90619.2676411983	91050.5428055907	84.4211438966319	29931.1061934312
2.5119	10068.3967161493	112886.36878872	113334.482267034	84.9032444857929	29933.6332414248
1.9953	11206.7496584925	140851.110902734	141296.237318771	85.4508726454943	29936.3002894181
1.5849	12758.7125648822	176090.136149834	176551.751040822	85.8558430767365	29940.4693684076
1.2589	14557.8793922886	220166.155186304	220646.930053241	86.216981601306	29943.2064174007
1	16744.3659310698	274918.427706025	275427.877461208	86.5146104407028	29948.2905143878
0.79433	19658.3154495497	344109.88673294	344670.949622493	86.7303595892985	29951.40756938
0.63096	23472.1509848035	430748.140361027	431387.1837414	86.8809466128199	29954.9246343711
0.50119	28326.7005483091	539059.950008791	539803.697345094	86.9919691106654	29958.6667043616
0.39811	34954.5713633516	675584.572078998	676488.237954185	87.0381722128508	29962.8487813511
0.31623	43805.4264645487	845549.795880941	846683.75011101	87.0343270021107	29967.630869339
0.25119	54774.9262209565	1059582.61632526	1060997.46152439	87.040739525402	29973.0579713253
0.19953	72735.0355947849	1326631.33738128	1328623.75815165	86.8617940526213	29979.2100873098
0.15849	91791.6515305372	1661599.21039838	1664132.70002342	86.8380257327977	29986.4572182915
0.12589	126686.12690798	2080125.98248997	2083980.20090902	86.5148140563996	29994.97437527
0.1	167864.609722551	2602192.74291555	2607601.50300609	86.3090260888911	30015.9337672171
