Frequency (Hz)	Z' (Ω)	-Z'' (Ω)	Z (Ω)	-Phase (°)	Time (s)
10000	94.3385974859625	50.6764768342148	107.088170588292	28.2436467549046	54971.1588282112
7943.3	95.5176929704436	62.9155372987908	114.376547001522	33.3720733804256	54972.4508512079
6309.6	95.5953464347768	78.1977151774492	123.504465178221	39.2834253563989	54973.8428752044
5011.9	96.5789484778148	95.6765559156424	135.946668370208	44.7310719099898	54975.2349032009
3981.1	96.7023120456112	120.16585436511	154.243864416915	51.1749631684854	54976.6419291973
3162.3	97.0709058125262	150.378105031474	178.986969436664	57.1572627302114	54978.0089531939
2511.9	98.5056395079717	188.000525743565	212.244101672417	62.3470482776934	54979.4159801903
1995.3	102.704825536543	236.892751122159	258.19848319213	66.5608619339905	54980.7880071869
1584.9	102.507057376234	294.2885898529	311.630343403115	70.7956717859482	54982.1350311835
1258.9	108.126427712022	368.177718994026	383.726669822944	73.6335419731643	54983.49205618
1000	109.074700052369	465.281334438019	477.895396889254	76.8065425908809	54987.6351341696
794.33	114.874320985575	583.482703758336	594.683256202018	78.8622233259289	54989.042157166
630.96	123.333587460442	732.238477151587	742.552598283204	80.4392025601591	54990.4341851625
501.19	135.727596815256	917.939076596798	927.919246960978	81.5891180409154	54991.821209159
398.11	153.978001951201	1151.30772528379	1161.55873867102	82.382361557529	54994.7672641516
316.23	180.868801572189	1441.57588365641	1452.87802369019	82.8486944602691	54996.0842871482
251.19	220.125029321912	1801.87359287355	1815.26953184066	83.0350005032184	54997.4813151447
199.53	277.452033423705	2249.05712224569	2266.10625743256	82.9673122591591	54998.8683411412
158.49	359.708929898606	2800.15650106272	2823.16612063346	82.6798573712481	55000.2903681376
125.89	476.74905946188	3476.60625783293	3509.14245047147	82.1916975483237	55001.7623931339
100	636.736804169807	4296.47722537661	4343.40307891914	81.5701385355345	55003.2394211302
79.433	851.40842376546	5287.75285617371	5355.85908814189	80.8530189906017	55004.7364481264
63.096	1126.84655770909	6479.34193780446	6576.5990535848	80.1341545905676	55006.2934781225
50.119	1464.72866054471	7896.60627764462	8031.30255644485	79.4917284225263	55008.1205121178
39.811	1861.82756053133	9602.83779783761	9781.6611900399	79.0274556501826	55009.7375421138
31.623	2310.09748376165	11665.5049913581	11892.0375498853	78.7987461533469	55011.4395741095
25.119	2782.23096119968	14167.8510468456	14438.4490997843	78.8898400703454	55013.0866021053
19.953	3291.71551004611	17240.4876552336	17551.9174334128	79.1906478118512	55015.0436381004
15.849	3820.04909504783	21059.3902590028	21403.0533609006	79.7186759699848	55017.0606790953
12.589	4390.94486328634	25779.9567200348	26151.2249288496	80.3339142910384	55019.1027160901
10	4973.68222829169	31701.4490227936	32089.2409547625	81.0834750667276	55021.4647600842
7.9433	5612.86415609917	39134.6133138557	39535.0756071091	81.8380405580358	55023.8718030781
6.3096	6274.63823960467	48351.562303835	48756.9960340006	82.605982014764	55026.3738480718
5.0119	7016.62278167432	59983.4333640533	60392.4272852162	83.3280894384411	55028.8608970655
3.9811	7818.98418428993	74552.8447472995	74961.7447341583	84.0127974841815	55031.3479400592
3.1623	8761.44883893235	92829.3501300529	93241.8963305936	84.6082638130935	55033.9449910526
2.5119	9939.4499673331	115724.117421699	116150.178728594	85.0909598701304	55036.6020400459
1.9953	11135.7268930199	144323.780711785	144752.748134118	85.5879168740161	55041.9581410324
1.5849	12845.4194819125	180447.16688735	180903.799958258	85.9281772786372	55044.6551870256
1.2589	14648.57451345	225709.215232464	226184.063488414	86.2866997956101	55047.5722440182
1	17076.4529152013	281937.072714523	282453.74526637	86.5339255996245	55052.6913400053
0.79433	20208.7334710223	352725.775686292	353304.211327857	86.7209350702317	55055.8733969973
0.63096	24289.732954775	441580.460509633	442248.000821839	86.8515407051154	55059.5004619881
0.50119	29638.9046162551	552649.175643432	553443.38103027	86.9301341722769	55063.3675369784
0.39811	36929.3959591228	692097.687124256	693082.238128095	86.9456712526434	55067.6746149675
0.31623	46852.2025836833	866864.773867433	868129.98166126	86.9062947033661	55072.5017029553
0.25119	59975.9761423431	1084757.98352475	1086414.74609603	86.8353539159022	55078.0438069413
0.19953	79154.4893905492	1358619.00629853	1360922.86242324	86.6656603405417	55084.3509219254
0.15849	103816.403653563	1699224.11754365	1702392.56557046	86.5037824528977	55091.7480589067
0.12589	137935.365052305	2128788.68935144	2133252.78596859	86.2926889474375	55100.365218885
0.1	189702.560101396	2660230.04770715	2666985.37079472	85.9211091033311	55121.4246108318
