Frequency (Hz)	Z' (Ω)	-Z'' (Ω)	Z (Ω)	-Phase (°)	Time (s)
10000	96.123641878297	51.2337754186905	108.924993787468	28.0575573809052	38890.477086811
7943.3	96.6816891727783	63.7306471571366	115.796996542955	33.3920767455849	38891.7141068079
6309.6	97.3116896701749	77.2839039509841	124.267319744048	38.4562272752698	38893.0411308045
5011.9	98.69112075181	96.2717494606554	137.87018190843	44.2890305263282	38894.3731558011
3981.1	98.0136465319949	119.263686567363	154.371311583911	50.585846219814	38895.6701797979
3162.3	99.6971568012586	150.404086689118	180.446425198846	56.4611138650869	38896.9822037946
2511.9	99.8758689227475	187.813925466376	212.71873399436	61.9968052541925	38898.2842287913
1995.3	100.841912288871	234.796228913148	255.5354386106	66.7571091264405	38899.6062507879
1584.9	104.267491161986	294.974626445664	312.860575911977	70.5325413415422	38900.8782757847
1258.9	105.8400111287	367.507805615936	382.444891643703	73.9339214939209	38902.1652987815
1000	110.894181927493	464.956504732607	477.997982086254	76.5853175916863	38906.1233727715
794.33	116.790464527412	583.220663634891	594.799424255985	78.6762454223859	38907.4453957681
630.96	125.403012816924	731.394290267741	742.067061295551	80.2708130945566	38908.7524227648
501.19	137.973297460058	917.2290685025	927.548270936864	81.4454750741141	38910.0944447615
398.11	156.461922603838	1150.19555890857	1160.78859270665	82.2535616610832	38912.9604997542
316.23	183.8688155994	1439.75949915162	1451.45277454944	82.7222646009746	38914.217521751
251.19	223.975919224608	1800.54115363133	1814.41826994565	82.9091919756509	38915.5845467476
199.53	281.768262285261	2245.97887253391	2263.58442508777	82.8493421272356	38916.9115727442
158.49	365.213906128247	2795.6822756807	2819.43621736415	82.5573135777093	38918.2535987409
125.89	483.109662379193	3470.14289470193	3503.61051710009	82.0742847191542	38919.6756217373
100	645.785425079162	4286.76889574597	4335.13856534942	81.4330282679757	38921.0376477338
79.433	863.025808115366	5271.85348248919	5342.0270203647	80.7028928207689	38922.4446757303
63.096	1144.44872758333	6456.39944252279	6557.04633592563	79.9482709084215	38923.9317017265
50.119	1487.64618963802	7875.30630226867	8014.58299227708	79.3028687527045	38925.6737347221
39.811	1881.28487203321	9559.29697344345	9742.65833313609	78.8663823634191	38927.2207627182
31.623	2328.13798412678	11611.6738439149	11842.7697744485	78.662536564461	38928.872795714
25.119	2816.2606347475	14093.6812408981	14372.3058304112	78.6997450073777	38930.4398217101
19.953	3327.98703294845	17146.0944818915	17466.0829516358	79.0157017280995	38932.3668597052
15.849	3868.08864882281	20927.9667146308	21282.4317361491	79.5282727352898	38934.3038957003
12.589	4453.11933543772	25622.5926394191	26006.6823216893	80.1406693593186	38936.2959316953
10	5030.13606873574	31489.3403970753	31888.5689160375	80.9241975707918	38938.5879746895
7.9433	5658.59845707471	38844.329200748	39254.3201132626	81.711809207906	38940.8950166837
6.3096	6373.74909763478	47977.3734685467	48398.8950545362	82.4326203627645	38943.2920616776
5.0119	7115.94379642693	59499.8092519177	59923.8179451918	83.1800422036831	38945.7191076715
3.9811	7924.10096659396	73888.0365625368	74311.7307239951	83.8787270554383	38948.1561516654
3.1623	8890.16751997255	91975.8333695608	92404.4858356908	84.4790756608309	38950.6981966589
2.5119	10115.4872902325	114628.980230068	115074.43761194	84.9569708694548	38953.1952436526
1.9953	11372.9299995652	143084.156693237	143535.429192203	85.4554450589413	38955.9272956457
1.5849	12981.2618964847	178660.24143641	179131.222935985	85.8442528984062	38961.4433976318
1.2589	14815.1888292018	223366.786198407	223857.568548954	86.2053162784612	38964.2154496248
1	17118.5921789926	278755.410706523	279280.54926248	86.485833674385	38969.269544612
0.79433	20224.2433858749	348873.841711919	349459.550522466	86.6822723794681	38972.456601604
0.63096	24172.2593998502	436859.868972358	437528.105660699	86.8329486826975	38975.9536655952
0.50119	29442.0403109938	546683.487959863	547475.725256961	86.9172718810335	38979.7457345856
0.39811	36552.7332221062	684954.030237145	685928.659442157	86.9452948056316	38983.947812575
0.31623	45528.5360055369	857604.862178879	858812.521580619	86.9611337576079	38988.7649035628
0.25119	58380.6600416762	1074097.71482887	1075683.13292879	86.8888517057885	38994.227004549
0.19953	76003.1852890296	1344697.47940897	1346843.64174277	86.7650467341078	39000.4991185332
0.15849	99114.9788618165	1682319.68187059	1685236.86496704	86.6282787216912	39007.8012575148
0.12589	133833.394687165	2107808.81947845	2112053.36035921	86.3669338383558	39016.3184114933
0.1	189487.977664693	2638096.25502087	2644892.72834166	85.89164039819	39037.3178024402
