Frequency (Hz)	Z' (Ω)	-Z'' (Ω)	Z (Ω)	-Phase (°)	Time (s)
10000	95.6692496054482	50.669416532244	108.258926152939	27.9070890758741	53735.5839513307
7943.3	95.1947239058735	62.7471179838814	114.014193304161	33.3906706477752	53736.8659723275
6309.6	95.9039693239734	77.9831453743576	123.608018730873	39.1158649372785	53738.2679983239
5011.9	95.4448643375635	95.5280485237861	135.038254517669	45.0249569555176	53739.6300253205
3981.1	96.4639497139144	118.961625553902	153.157311117803	50.9619945887138	53740.9870513171
3162.3	97.3424602345104	149.315068768844	178.24293625822	56.8986020250844	53742.2990753137
2511.9	100.045170752556	187.954830458504	212.922649062031	61.9743838665714	53743.6860993102
1995.3	100.616719793579	234.777353200671	255.429305049229	66.8018519097811	53745.0681233067
1584.9	102.1121805673	295.800818642707	312.92973928648	70.9550251770552	53746.3451473035
1258.9	106.763167377602	367.422375454118	382.619361628296	73.797541080616	53747.6921743001
1000	109.310880866946	465.224403679247	477.893936407043	76.7774158854465	53751.7502522899
794.33	115.14724382239	583.640976544091	594.891315503289	78.8393770010477	53753.1572742863
630.96	123.681734997587	731.936156788852	742.312406731053	80.4088280938083	53754.5192992829
501.19	135.970278761565	918.555741053568	928.564788331416	81.579870417725	53757.4803572754
398.11	154.273685854917	1150.13771245317	1160.4383343178	82.3602333427199	53759.60439727
316.23	181.481702023592	1439.51893932136	1450.9136379655	82.814567612132	53760.9114182667
251.19	221.244112058291	1800.03273507106	1813.57845279654	82.9928542295484	53762.3184452632
199.53	278.368082716905	2248.84426028487	2266.0073469633	82.9436653292649	53766.0515152538
158.49	360.681110414708	2798.66055053131	2821.80646758601	82.6564083282455	53767.3635382505
125.89	477.636924581781	3474.74755437512	3507.4217879177	82.173203138959	53768.7955642468
100	638.863853861383	4294.09793800811	4341.36201266101	81.5377664205372	53770.2475902432
79.433	855.542200124454	5283.30107578532	5352.12319678724	80.8017526504723	53771.7146182395
63.096	1131.49766642845	6473.18258920929	6571.33013950564	80.0849993458439	53773.2466472356
50.119	1470.90733684486	7886.25530061762	8022.25598320719	79.4348570158531	53775.0386812311
39.811	1867.25671467323	9590.64995214402	9770.73252847771	78.9825975371937	53776.6307112271
31.623	2314.57282110401	11644.6257614109	11872.4284149246	78.7579861614246	53778.3627412227
25.119	2791.44475815739	14147.0795671927	14419.8482696014	78.8380122784638	53779.9897712186
19.953	3299.98748622575	17217.4569527619	17530.8511296359	79.1499759259849	53781.9468092136
15.849	3824.61665319429	21026.4417320722	21371.4516225763	79.6908613320668	53783.9438462086
12.589	4400.83594151562	25743.0199859591	26116.478227005	80.2989166985494	53785.9858832034
10	4969.69891811155	31652.313190388	32040.0817358366	81.0768931298551	53788.3429251975
7.9433	5597.00674705749	39000.3846766561	39399.9554498956	81.8331545738124	53790.7199691915
6.3096	6302.22859625697	48317.622125443	48726.8990716276	82.5686735795168	53793.2070181852
5.0119	7027.60012101732	59941.6887694179	60352.2428414279	83.3131341871491	53795.684062179
3.9811	7841.8078914326	74461.4837803901	74873.2697147883	83.9881348697068	53798.1711071727
3.1623	8779.47196511292	92734.5296932893	93149.1928329052	84.5917465178879	53800.7881561661
2.5119	9987.45590279733	115451.039096537	115882.232045643	85.0557572243444	53803.4552051593
1.9953	11136.5765747156	144255.353028032	144684.588726812	85.5854967873453	53806.1822551524
1.5849	12747.3191622369	180208.925199873	180659.211964176	85.9538459677907	53810.4263391417
1.2589	14682.620500226	225433.195217242	225910.833849572	86.2735493685432	53813.3283891344
1	17051.7832972992	281398.70711627	281914.873109466	86.5323151920296	53818.4524841215
0.79433	20177.9898172009	352136.988897982	352714.630010155	86.7204502061125	53821.7245441132
0.63096	24187.7309597811	440823.754546274	441486.838876604	86.8593647282182	53825.2716091043
0.50119	29608.5537226693	551869.342153487	552663.04133936	86.9289465475368	53829.1536810945
0.39811	36953.433671767	691328.137024465	692315.065054814	86.940291261454	53833.4957630835
0.31623	46718.906952484	865268.665437097	866529.006816349	86.909399800248	53838.3678530712
0.25119	59685.3057942438	1082696.46804558	1084340.34216482	86.8446758384209	53843.8799560573
0.19953	78269.028452604	1355925.50384078	1358182.61392965	86.6963420090548	53850.2270740412
0.15849	104568.916938934	1697898.19060842	1701115.20011465	86.4757605741804	53857.6192100226
0.12589	139063.769217711	2122877.51928233	2127427.48261446	86.2520686358693	53866.2063680009
0.1	188600.144975633	2657646.96460366	2664330.57317441	85.9408050556708	53887.180759948
