Frequency (Hz)	Z' (Ω)	-Z'' (Ω)	Z (Ω)	-Phase (°)	Time (s)
10000	93.8723763853371	51.1358833582885	106.896686642117	28.5788244314574	57447.6306809587
7943.3	94.7560546189699	63.0916315333782	113.838762539377	33.6569542385596	57448.9577039553
6309.6	95.3832410684169	77.4351875926309	122.858336934136	39.0708044684576	57450.3547329518
5011.9	95.7223367461142	96.1600873192433	135.681716326781	45.1307113818779	57451.7517589483
3981.1	96.8297237246576	119.406048749782	153.732884818534	50.9604317110036	57453.1237809448
3162.3	97.4047682365577	150.034127652739	178.879647628611	57.0076649292482	57454.5008059413
2511.9	98.1480979716287	188.285601323136	212.331148918531	62.468209727719	57455.8878329378
1995.3	98.858567720421	236.797855575241	256.605223673966	67.34039852992	57457.3148589342
1584.9	101.598135907393	295.506219807676	312.483771042401	71.026493087341	57458.6718869308
1258.9	102.514309601935	371.772901544223	385.647862687934	74.5841020325707	57460.0189119274
1000	108.680486702453	465.456729725785	477.976375396216	76.8573489939486	57464.1069859171
794.33	114.446866135278	583.757217865793	594.870216583917	78.9077262543163	57465.5590149134
630.96	122.885257034494	732.353986906894	742.592181843343	80.4747939522208	57466.9510369099
501.19	135.163033271936	918.474006564973	928.366062659975	81.6284153573529	57468.3580639063
398.11	153.355988855033	1151.93456625938	1162.09780322522	82.4168553845978	57471.3491208988
316.23	179.983771902218	1441.69562997893	1452.8869356039	82.8839127002141	57472.6611448955
251.19	219.227135608792	1803.71612314516	1816.98992564104	83.0701506796375	57474.0731728919
199.53	275.878647053576	2250.28117086303	2267.12910436102	83.0105638434058	57475.3901938886
158.49	358.093814495704	2802.34253160905	2825.12917305476	82.717994968965	57476.8372198849
125.89	473.629800136598	3479.12542459801	3511.21615792331	82.2477103187192	57478.3292478812
100	632.99372085316	4300.44029225688	4346.77670900013	81.6266018862008	57479.7812758775
79.433	847.870158951905	5293.70612839453	5361.17602585878	80.9004662660899	57481.2833048737
63.096	1124.30665917559	6487.23185431103	6583.93822840512	80.1676953063399	57482.8453328698
50.119	1460.55779438366	7915.18871200391	8048.81615005393	79.5450457751922	57484.5623648654
39.811	1854.27134374115	9613.28889570231	9790.48750616908	79.0825090991439	57486.2093928613
31.623	2299.07918656535	11679.282211061	11903.4195957172	78.8636533290721	57487.9364278569
25.119	2770.75435538548	14189.0970088019	14457.0935399574	78.9506965025958	57489.5734568528
19.953	3281.55313946408	17283.1246245725	17591.9011990072	79.2492019609109	57491.5504948478
15.849	3805.5042463014	21084.6047327967	21425.2752446005	79.7689822898675	57493.5675338427
12.589	4355.81759249011	25839.7138811994	26204.2737041364	80.4315683586681	57495.6045678376
10	4953.82177188979	31777.2558128881	32161.0686567685	81.1393618034554	57497.9116098317
7.9433	5554.48789807702	39209.7399929388	39601.2126850144	81.9370765335774	57500.3136578257
6.3096	6269.16163951747	48496.4740176831	48900.0038835398	82.6341964320294	57502.7307018196
5.0119	6995.15776004511	60158.4786524405	60563.8075575179	83.3674987064363	57505.1827468134
3.9811	7855.91488463261	74782.3875544727	75193.8886281455	84.0030545168226	57507.6647938071
3.1623	8788.89681595181	93101.3534392913	93515.275326918	84.6071806898884	57510.2018388007
2.5119	10086.2787289239	115969.364160806	116407.158037894	85.0292853398157	57512.7988887941
1.9953	11196.0140646728	144863.392460196	145295.399810225	85.5805835067435	57519.2920107777
1.5849	12724.6923536653	180756.519043197	181203.854738548	85.9731998460268	57521.9840587709
1.2589	14429.8350010288	225753.556733724	226214.253565251	86.3427134173606	57525.0261127633
1	17143.9775343521	282554.375734711	283074.003067273	86.5278371379618	57530.1752097503
0.79433	20340.7769413081	353581.659611181	354166.256467176	86.7075284288096	57533.432268742
0.63096	24516.8118460523	442349.84292825	443028.732253047	86.8276824930154	57536.9743357331
0.50119	30039.7267702972	553954.951188367	554768.846575346	86.896019378421	57540.8514067233
0.39811	37356.1391474853	693710.936953499	694716.017651031	86.917615487467	57545.1084877126
0.31623	47316.6465695892	868533.30361737	869821.225617709	86.8816776135974	57549.9805777003
0.25119	60625.7976080748	1086755.03720254	1088444.76121699	86.8070029177989	57555.5426796862
0.19953	80348.1454502993	1361128.74902508	1363498.18331374	86.6217203693542	57561.7947956704
0.15849	105605.117629277	1702160.2722975	1705433.09263583	86.4498161229455	57569.0719276521
0.12589	142553.47215078	2129622.65985862	2134388.47584163	86.1704268046049	57577.6690866304
0.1	195203.206031696	2664675.17829523	2671815.50588131	85.8102295171749	57598.7534815771
