Frequency (Hz)	Z' (Ω)	-Z'' (Ω)	Z (Ω)	-Phase (°)	Time (s)
10000	95.1910084811594	51.3448506165843	108.155544381689	28.3418735537543	50077.2272155672
7943.3	95.7680572535391	63.1931111033691	114.738354882053	33.4190569598018	50078.5442365638
6309.6	96.5985882748502	78.0095090244664	124.164289370706	38.9230822867399	50079.9262625603
5011.9	96.2391389672042	95.4159758179846	135.521881297623	44.7539148154565	50081.3032895569
3981.1	96.9066569374535	121.154041181879	155.14252110074	51.3449719871389	50082.6803155534
3162.3	97.8999831729232	150.827824232304	179.815014022494	57.0130278558054	50084.0423395499
2511.9	99.967554303666	187.861357613031	212.80366913582	61.9810059440677	50085.4143665465
1995.3	99.6572065079749	234.753961844106	255.031334173817	66.9979192182767	50086.806389543
1584.9	102.116208680704	295.463540969282	312.612258424758	70.9341559639445	50088.1534155396
1258.9	105.115665293978	369.020979136481	383.70012527108	74.1003914585219	50089.5054415362
1000	109.841368520102	465.043318555122	477.839318569673	76.7105270250936	50093.6135195258
794.33	115.706803677788	583.294613780752	594.660130564482	78.7800232051497	50094.9955435223
630.96	124.335515455704	731.826729123792	742.313735467466	80.3576638777593	50096.3625695188
501.19	137.000885651061	917.932598458594	928.099939652041	81.5112991181532	50097.7645915153
398.11	155.345441911885	1151.09450078118	1161.52948996203	82.314109652713	50100.7306495078
316.23	182.493682568759	1440.52702319697	1452.04064982294	82.7799251180274	50102.0626735044
251.19	222.28491597328	1801.62663946145	1815.28761684929	82.9663860457949	50103.4696975009
199.53	279.985376963882	2246.63749035624	2264.01674560675	82.8961857035718	50104.8317234975
158.49	363.232421147209	2798.26337470682	2821.73983669616	82.6039977426641	50106.2337514939
125.89	481.023821636094	3472.43896015127	3505.59784472746	82.1132248003144	50107.6707784903
100	642.714566067091	4289.62445053677	4337.50618905354	81.4787588172889	50109.0728024867
79.433	859.849609176903	5276.53268900007	5346.13304814685	80.7445873862934	50110.5298284831
63.096	1138.04708531703	6467.8525917503	6567.21160897148	80.0207052363144	50112.0518564792
50.119	1474.60448934703	7877.70250167747	8014.52775308302	79.3976632547529	50113.8238914748
39.811	1877.93177212679	9572.38850959745	9754.85773957963	78.9005543983574	50115.4009184708
31.623	2323.30005041982	11621.6095014631	11851.5623665733	78.6949116745247	50117.0879514665
25.119	2802.74197963565	14111.1408159863	14386.7876099221	78.766164790875	50118.7149804624
19.953	3312.7580877708	17168.3401660388	17485.0298885908	79.0785799729198	50120.6620164575
15.849	3840.60806129692	20966.2248992078	21315.0851934647	79.6196024661094	50122.6590534525
12.589	4395.10712475873	25652.6459494431	26026.4329258849	80.2778227680226	50124.7110934473
10	5003.2453265584	31553.1097785755	31947.3191441249	80.9898612472485	50127.0931354413
7.9433	5615.0179341938	38932.0464200927	39334.8784777273	81.793044634265	50129.4901794352
6.3096	6302.97381859567	48114.1733025212	48525.263023944	82.536731480228	50131.9772274289
5.0119	7066.2114564885	59695.5847899382	60112.3463837547	83.2492679544819	50134.4742744226
3.9811	7852.10526895835	74172.2799301066	74586.7459216777	83.9570004170072	50136.9413174164
3.1623	8799.31269362106	92326.7876914894	92745.1542093143	84.5558025522723	50139.5483674098
2.5119	10001.8449083123	115111.082327825	115544.788615728	85.0341196825278	50142.2054144031
1.9953	11144.5130595275	143670.702853877	144102.293631507	85.5644578065441	50144.9324653962
1.5849	12765.9179830453	179544.35870651	179997.626110129	85.9330141266067	50150.4735693822
1.2589	14639.95295821	224486.817415734	224963.684660577	86.268727954735	50153.350622375
1	17016.4996968708	280415.377580432	280931.210878232	86.5273677332808	50158.479719362
0.79433	20151.1454504569	350975.777730153	351553.787088479	86.7139913916685	50161.7267783538
0.63096	24139.2319837019	439329.022674495	439991.696154473	86.8550068184982	50165.2638413449
0.50119	29609.1013805533	549952.464766421	550748.95586576	86.9182059951605	50169.1009153352
0.39811	36718.1684148787	688880.485936865	689858.353429423	86.9489523872091	50173.3479933245
0.31623	46363.6781371735	862770.910914945	864015.761066551	86.9239917694392	50178.1900833122
0.25119	59572.0159729049	1079919.24182623	1081561.09117961	86.8425701486691	50183.6921842984
0.19953	77909.1223925521	1352581.71538698	1354823.65204892	86.703388103572	50190.0193022824
0.15849	100539.075315697	1691225.91803635	1694211.67848154	86.5979156564618	50197.3764382638
0.12589	136998.112180444	2118334.46618825	2122759.8529702	86.2996884391637	50205.9585972421
0.1	185030.484501219	2646312.79163396	2652773.58086971	86.0003820597816	50226.9779871891
