Frequency (Hz)	Z' (Ω)	-Z'' (Ω)	Z (Ω)	-Phase (°)	Time (s)
10000	92.6114983051403	51.0905547568169	105.769250747475	28.8839995032578	85677.8003836843
7943.3	91.409495790915	63.0591566541405	111.050228089278	34.5999869919008	85679.4074116803
6309.6	91.9673284309536	77.7237566331518	120.411676526391	40.2019402027814	85680.8644386766
5011.9	93.3050092778434	96.468824526568	134.209011850457	45.95511834151	85682.3164636729
3981.1	93.5589933278202	120.271271616869	152.376061141026	52.1206618796247	85683.7734916693
3162.3	94.2330397351217	151.119796770104	178.092837457205	58.0537725618915	85685.2555196655
2511.9	95.7247862046414	188.176523815538	211.124699666392	63.0377074099639	85686.7225476618
1995.3	97.4783464392326	235.463962428187	254.843688615021	67.5112207187647	85688.219571658
1584.9	97.5468354817244	295.780653674141	311.450766896472	71.7477282206862	85689.6715986544
1258.9	99.6930703368664	372.388838902508	385.502471603425	75.0126647907154	85691.1086286507
1000	105.649839010965	466.197486838806	478.018812619191	77.2312813681251	85695.2567066403
794.33	111.220050871723	584.780332687599	595.262914361484	79.2314621363093	85696.7687326365
630.96	119.319773606519	733.202962593423	742.848431868362	80.7568446798284	85698.2457576327
501.19	131.235925214748	919.604999771414	928.922076210676	81.8782150851972	85699.737785629
398.11	148.763683732722	1154.09786046349	1163.64621132204	82.6550515659914	85702.7588456213
316.23	174.567049557981	1444.52636468765	1455.03610713586	83.1093762299188	85704.1858686177
251.19	212.472490890942	1807.47857359563	1819.92399659785	83.2955425700782	85705.7178966139
199.53	267.429926707429	2256.39266084899	2272.18542501089	83.2407783598484	85707.2299236101
158.49	346.940330725784	2811.05787689173	2832.38662267692	82.9641442010966	85708.7819536061
125.89	458.833254999286	3491.57721816304	3521.59614752861	82.5135756497833	85710.3239836022
100	615.042829429087	4320.62301097786	4364.17929111803	81.8983478033438	85711.8610115983
79.433	823.053238014904	5321.70457488289	5384.97504311174	81.2083082521143	85713.4230415944
63.096	1089.18678317583	6524.20675054028	6614.49934405018	80.5221357993439	85715.0750715902
50.119	1424.42192734031	7969.82638230711	8096.116994659	79.866699027907	85717.0071065854
39.811	1808.57964321135	9707.15325414289	9874.1979231356	79.4459975357182	85719.6261555787
31.623	2241.94449723693	11792.6845972459	12003.9045788781	79.2357755244285	85721.3581875744
25.119	2708.34474017882	14356.8046386489	14610.0297968206	79.3169617355082	85723.10022057
19.953	3209.42663000069	17484.8000567795	17776.9134643479	79.5988419285648	85725.1622555648
15.849	3741.2711538682	21391.3139014345	21716.017597075	80.0794949223947	85727.3342985593
12.589	4294.48415107955	26200.8624509178	26550.4762159888	80.6916340053773	85729.4613355539
10	4862.94954308053	32266.0698980714	32630.4695786895	81.4292277194224	85731.9383815477
7.9433	5499.29732783745	39787.5886024764	40165.837199041	82.1306422397652	85734.4204305414
6.3096	6146.24123205895	49273.4771863622	49655.3303817186	82.8898033366109	85737.0174775348
5.0119	6911.06245319183	61152.2965150372	61541.5806857035	83.5521359173775	85739.6045245283
3.9811	7739.27335086369	75996.2013914216	76389.2595717808	84.1851797245012	85742.1715735218
3.1623	8676.74081906536	94684.7113195906	95081.4408226729	84.7641387822467	85744.7986195152
2.5119	9955.32893872904	117971.863002341	118391.169580005	85.1763912503635	85747.5556715082
1.9953	11191.4826583737	147409.520503503	147833.74452122	85.6583743240902	85752.9967734945
1.5849	12892.5839445308	184155.514431824	184606.26266846	85.9953013620934	85755.7788254875
1.2589	14813.7287300124	230176.430555947	230652.630035652	86.3176282449245	85758.8858824796
1	17389.148805731	287775.895574252	288300.795298506	86.5420493061136	85764.1599794663
0.79433	20697.6774052277	359984.539620924	360579.065693031	86.7093437400395	85767.452044458
0.63096	25299.2683793976	450553.981628741	451263.718176018	86.7861326818969	85771.1741084486
0.50119	31456.0644021986	564050.763316885	564927.205563723	86.8080270595769	85775.1211844386
0.39811	39062.0560656423	706075.674104256	707155.35901657	86.8334671322114	85779.5232634275
0.31623	50028.640437194	883652.230443085	885067.302091221	86.7596152666743	85784.480354415
0.25119	64936.9983273859	1106121.57788999	1108026.06414543	86.6401971913854	85790.0824604009
0.19953	86095.4345129475	1384889.05769609	1387562.65659261	86.4426285580418	85796.4495773848
0.15849	115897.343726435	1730896.25660705	1734772.04422344	86.1693074340502	85803.9117153659
0.12589	159703.596012571	2164612.67522638	2170496.08899211	85.780403024431	85812.588876344
0.1	220727.768749253	2710280.03417949	2719253.31875664	85.3440531162518	85833.7882692905
