Frequency (Hz)	Z' (Ω)	-Z'' (Ω)	Z (Ω)	-Phase (°)	Time (s)
10000	100.190585568628	51.4683827902448	112.637240127889	27.1897824360993	10445.9784156264
7943.3	99.2387882308457	62.545431686677	117.304169211497	32.2212572742945	10447.1054366236
6309.6	100.363788869861	78.0848412662327	127.161836066828	37.883560990032	10448.3374576205
5011.9	100.935592604973	96.1285890480381	139.386869851086	43.6026562216755	10449.5594816174
3981.1	101.571973310977	120.18141933893	157.35450205382	49.796996453785	10450.7815016143
3162.3	102.593012827995	149.249441130947	181.109695927703	55.4956423602638	10451.9885236113
2511.9	103.305709234393	187.298545699551	213.899076158799	61.1207872011691	10453.2155506082
1995.3	104.585171176644	237.408149343457	259.423760293334	66.2251178355691	10454.4325706051
1584.9	106.628626897834	295.422443994037	314.076558325398	70.153656418316	10455.6095936021
1258.9	110.28066781952	369.637230550546	385.73761536023	73.3876126378142	10456.8166135991
1000	115.321742692467	462.766233079834	476.918956235257	76.0068586707539	10460.6896875893
794.33	122.001301791425	580.57428448705	593.254428931173	78.1325931517378	10461.9317105862
630.96	131.591868963982	727.833888592998	739.634091535698	79.7516723238422	10463.1487345831
501.19	145.517220438721	911.623534479181	923.164519498299	80.9307159707608	10464.3957555799
398.11	166.099258572095	1142.73165691422	1154.74005880636	81.7298154412283	10467.0668075732
316.23	196.406650535628	1429.69634859371	1443.12411855558	82.1778695115615	10468.2088245703
251.19	240.675206191902	1785.38145139336	1801.53031666275	82.3226241938564	10469.4708485671
199.53	304.823230041879	2225.1547518152	2245.93652428089	82.1996222863628	10470.692871564
158.49	396.414419224821	2765.22539338435	2793.49527796039	81.841832650654	10471.9598945608
125.89	525.552039000342	3425.25562401648	3465.33995959328	81.2768854869997	10473.2669185575
100	702.841441652468	4222.34523963427	4280.4421985078	80.5493332533556	10474.5489425543
79.433	937.390047574679	5176.40302784947	5260.59392160441	79.7355965434556	10475.8909695509
63.096	1238.66220638195	6315.26390149899	6435.59183036768	78.9029993087701	10477.2679925474
50.119	1601.96383300063	7671.41918587153	7836.89737380808	78.2048602359711	10478.9050255433
39.811	2019.75195186501	9280.95170909726	9498.18206677772	77.7225307301846	10480.3570515396
31.623	2485.43831002224	11231.5366192811	11503.2525149707	77.5220449271971	10481.8990785357
25.119	2984.63999908147	13586.9206707544	13910.8766523713	77.6106128801447	10483.391107532
19.953	3514.84435775338	16472.7923290083	16843.6046609348	77.9552669090624	10485.2131415274
15.849	4073.02924246465	20033.7186904676	20443.5674914816	78.5079010003605	10487.0801765227
12.589	4655.37495651263	24485.4169175895	24924.0477774759	79.2349285289443	10488.9722115179
10	5242.79770864727	30017.6614711668	30472.0679969602	80.0928185099376	10491.1792505123
7.9433	5866.34654918296	36945.8862244424	37408.7226558801	80.9777729784675	10493.4112935067
6.3096	6542.94097861757	45611.1936359187	46078.0974167005	81.8365927920776	10495.7533365008
5.0119	7281.4553822687	56543.8785364321	57010.7866322396	82.6621021583506	10498.1103794948
3.9811	8034.71623886539	70146.5917233618	70605.2476480545	83.4657157249307	10500.4374224889
3.1623	8958.89681619782	87289.1320485226	87747.674646954	84.139981708951	10502.809467483
2.5119	10105.955206558	108658.405919013	109127.354533581	84.6863971532018	10505.3265124766
1.9953	11222.5129195081	135691.989922471	136155.282399724	85.272067901488	10507.92856047
1.5849	12584.4116140535	169435.235099294	169901.931445245	85.7522873023268	10513.2896634565
1.2589	14088.0897729794	211933.333649778	212401.06446381	86.1969064709245	10515.9517114498
1	16249.2353077098	264669.305663855	265167.643215896	86.4867649098373	10520.8958024373
0.79433	18818.9591642061	331105.957269131	331640.329518489	86.7469986637272	10523.9878584295
0.63096	22147.9733194672	414589.344463448	415180.511663049	86.9420818226357	10527.359921421
0.50119	26628.5256344907	519374.090379125	520056.270161807	87.0649914622092	10531.0919904115
0.39811	32073.0635656745	650436.906480633	651227.188251983	87.1770298922028	10535.2190674011
0.31623	39840.6028823106	814400.155348911	815374.077752265	87.1993128669918	10539.9361553892
0.25119	49598.6443176506	1020624.29865813	1021828.74520614	87.2178213959559	10545.3082533757
0.19953	62640.5483966105	1278259.18214503	1279793.09852863	87.1944889831047	10551.50036736
0.15849	80238.6337516923	1603093.98592106	1605100.79622515	87.1346023824057	10558.7375013418
0.12589	105846.529271622	2006102.6356485	2008893.0465594	86.9797451762488	10567.1696593205
0.1	140791.346090854	2513771.87537804	2517711.50940209	86.794326888354	10577.2968452949
