Frequency (Hz)	Z' (Ω)	-Z'' (Ω)	Z (Ω)	-Phase (°)	Time (s)
10000	97.6635683521579	51.2003363651497	110.270789546376	27.6658724654517	23450.6082047929
7943.3	98.0666479691097	63.0141451203333	116.566933257866	32.723359916667	23451.8252257898
6309.6	98.6094394535515	77.5749055007999	125.465881867549	38.1917202235183	23453.1222507866
5011.9	98.8522996758514	96.1149667175328	137.876263288199	44.1956222988176	23454.4042727833
3981.1	100.304277196649	120.939228079617	157.12175187553	50.3284508484801	23455.6762967801
3162.3	100.117713571156	149.673690158033	180.0715693724	56.2211759038676	23456.9283217769
2511.9	102.259358101888	186.044392100649	212.295765740888	61.2045909972266	23458.2103437737
1995.3	102.460757343231	234.273018679656	255.699147586821	66.3775380767032	23459.4873667705
1584.9	104.513967128927	294.621685829371	312.610151924033	70.4683907993978	23460.7293897674
1258.9	109.016544541898	372.007460471984	387.652109023891	73.6668115279206	23461.9664147642
1000	113.207600571934	463.920032471284	477.532990855513	76.2864678157511	23465.9194887542
794.33	119.548744503747	582.29277086327	594.43819974161	78.3979979213812	23467.2265097509
630.96	128.604193076615	729.978846313101	741.22071917985	80.0084325702761	23468.5085337477
501.19	141.908755353025	914.484476374527	925.429604224891	81.1792538683608	23469.7855597445
398.11	161.547705456508	1146.18135506962	1157.50998261246	81.9773332992254	23472.5716127375
316.23	190.420335640239	1434.21200085596	1446.79783232647	82.4370714820733	23473.7686307344
251.19	232.809754540701	1792.21277917252	1807.2706016639	82.5986809737118	23475.0956577311
199.53	294.07722433482	2234.80456626453	2254.07028800552	82.5035377255375	23476.3726817279
158.49	382.502766272611	2780.75621352278	2806.94023542571	82.1679147331217	23477.6847047245
125.89	506.499741990512	3447.2096794687	3484.22108409601	81.6413188981856	23479.0467297211
100	677.359335472223	4254.21270611656	4307.80006711488	80.9532564234151	23480.3637557178
79.433	905.512221834384	5223.15841195719	5301.06934309395	80.164681376244	23481.7357807143
63.096	1194.4827250446	6380.71495800602	6491.55700550737	79.3968388083033	23483.1678077107
50.119	1553.08582271373	7759.20936718178	7913.11604720137	78.6812354844635	23484.8698377064
39.811	1962.32806162309	9409.42998925325	9611.87308198	78.2198638564961	23486.3818667026
31.623	2424.2856534038	11398.7125354349	11653.6607293493	77.993197469511	23488.0038956985
25.119	2913.99596876081	13807.7330251873	14111.8696068523	78.0831144082488	23489.5659256945
19.953	3433.69516640462	16762.555810002	17110.6265162682	78.4234970258057	23491.4229586899
15.849	3978.87868990126	20419.4865274055	20803.5310866171	78.9736876019778	23493.3249946851
12.589	4552.62414886626	24968.5687610105	25380.2248337982	79.666536261863	23495.2620296802
10	5144.52297485223	30650.6280992734	31079.3680682016	80.4720591642544	23497.5240736745
7.9433	5803.64270088659	37760.3480981243	38203.7453280575	81.2622003306262	23499.8061166687
6.3096	6458.09456820349	46673.1963374699	47117.8760324346	82.1220979291883	23502.078155663
5.0119	7204.85352002069	57804.6721866391	58251.9531075978	82.8952164192607	23504.445200657
3.9811	8065.84336398129	71830.1037034876	72281.5441674156	83.5930629705182	23506.807245651
3.1623	8930.94455763614	89401.6546248287	89846.6338843516	84.2952579107014	23509.3242916447
2.5119	10118.218790829	111327.24268472	111786.105197747	84.806816387833	23511.951338638
1.9953	11211.7046950417	139009.554277672	139460.956911409	85.3888360242944	23514.6083906313
1.5849	12736.0945474705	173565.690454906	174032.344716178	85.8032088814664	23520.1744936173
1.2589	14298.3077443501	217062.131651845	217532.550671377	86.2312594917542	23522.8715436105
1	16590.7153051532	270941.383065193	271448.862387773	86.4959485326778	23527.8906345978
0.79433	19356.2657292826	339327.658216659	339879.27952993	86.7352151969135	23530.97269259
0.63096	23026.3731238427	424822.966571615	425446.549857847	86.8974740648207	23534.4697575812
0.50119	27667.4799205515	531558.767338931	532278.322478041	87.0204600217013	23538.2268255717
0.39811	34022.9431643921	665554.257860017	666423.312030098	87.0736034877311	23542.3939045612
0.31623	42359.967221612	834332.022281869	835406.661589414	87.0935250094511	23547.1009915493
0.25119	53273.8708000591	1044258.17658014	1045616.20332917	87.0795306297624	23552.5080895356
0.19953	68474.1787160616	1307427.11814135	1309218.99711325	87.0019742167356	23558.7452085199
0.15849	90472.2151243637	1638762.34027376	1641257.8193596	86.8400425386518	23566.0173415015
0.12589	118979.777429823	2050783.81204214	2054232.32161587	86.6796081189282	23574.5694974799
0.1	155617.050599181	2565208.090416	2569923.97038763	86.528435023156	23584.7516864542
