Frequency (Hz)	Z' (Ω)	-Z'' (Ω)	Z (Ω)	-Phase (°)	Time (s)
10000	97.4923787689607	51.6861648539605	110.345926772769	27.9305651231303	19844.8624438965
7943.3	98.1862728259943	62.5208445042532	116.401890744891	32.4872511603709	19846.0344618936
6309.6	98.8139102859293	77.531265539252	125.599705422082	38.1184024536031	19847.3064858904
5011.9	99.3565141761465	95.9976417164044	138.156665146297	44.0149671807138	19848.5635088872
3981.1	101.556488666583	119.500706999825	156.825187274697	49.6407837716732	19849.835532884
3162.3	101.973352886923	150.443072941006	181.746204623189	55.8697876857152	19851.1375558807
2511.9	101.254002023588	187.254106568827	212.87666230163	61.598559496405	19852.4145818775
1995.3	104.114578460433	236.878332840665	258.749280225794	66.2731831315498	19853.6716028743
1584.9	106.185988275678	294.874406552471	313.410880069206	70.1957566961269	19854.8986278712
1258.9	106.718909086388	369.155485531881	384.271646176071	73.8759829436434	19856.1456508681
1000	113.77276566441	463.740154785564	477.492589856081	76.2154682627011	19860.0937258581
794.33	120.05366140965	581.549548613177	593.812057060188	78.335852685209	19861.3807458548
630.96	129.253536042169	729.4854183257	740.847792821998	79.9523542281688	19862.6177708517
501.19	142.674429690619	914.177328847656	925.243849731831	81.1294835921081	19863.9297918484
398.11	162.424588955536	1146.17261589857	1157.62403764484	81.9342969677777	19866.7408478413
316.23	191.43520263661	1433.91346303223	1446.63584093358	82.3956698817885	19867.9128688383
251.19	233.95836066728	1791.29431122935	1806.50818541427	82.5588024081447	19869.2098938351
199.53	295.414959348378	2233.83358142558	2253.28259828	82.4665917724636	19870.4869158318
158.49	383.907901446621	2778.17204683134	2804.57219528901	82.132282291117	19871.7839378286
125.89	508.751639563773	3444.77263232068	3482.13823952243	81.5988300651214	19873.1609658251
100	679.316445703348	4248.70477230932	4302.6692965701	80.915986225117	19874.4079888219
79.433	907.506415560854	5219.02306293747	5297.3360876725	80.1357890003101	19875.7600148185
63.096	1200.46231321464	6376.90190041294	6488.91266800061	79.3387465791015	19877.1970378149
50.119	1556.67386295619	7754.53476545451	7909.23782321998	78.6491023779258	19878.8290688108
39.811	1965.56635448518	9396.52582664507	9599.90357788515	78.1852200930719	19880.336096807
31.623	2431.67160086497	11383.9004350306	11640.7137190614	77.9424726748004	19881.9331268029
25.119	2925.65592786621	13791.5452273564	14098.4460975838	78.0231653306114	19883.4501547991
19.953	3441.45733203861	16737.572886382	17087.7141448232	78.3811892338126	19885.3071887944
15.849	3983.56617870041	20388.5550693025	20774.0698302973	78.9446815404283	19887.2192257896
12.589	4570.16184851785	24943.5664488368	25358.7832221735	79.6174211110077	19889.2412617845
10	5168.10033571756	30612.6323072878	31045.8132098556	80.4175396224212	19891.4833047788
7.9433	5777.91540621225	37688.998939112	38129.3187386522	81.2841240463159	19893.800345773
6.3096	6466.74246240104	46598.2836288609	47044.8593921885	82.0991600582245	19896.1273907671
5.0119	7205.66059271347	57671.2799410278	58119.6874958372	82.8781622507802	19898.4694337612
3.9811	8015.2537615385	71682.7180577374	72129.4417073009	83.6199333249204	19900.916476755
3.1623	8949.79274771691	89143.1813422447	89591.325305765	84.2668325949468	19903.313524749
2.5119	10120.8749579544	110960.892058916	111421.504551074	84.7884044602489	19905.8755747425
1.9953	11225.1668934303	138625.778947218	139079.513086969	85.3705977390065	19908.5126177358
1.5849	12667.5443286138	173074.672603291	173537.629856046	85.8139169303146	19914.0137217219
1.2589	14339.1337961135	216587.115059372	217061.256717463	86.2122647354368	19916.8007737149
1	16609.4171757788	270372.638988847	270882.329901219	86.4846476794771	19921.7498647024
0.79433	19369.5585591595	338411.022606793	338964.89496783	86.7241480160453	19924.9019216945
0.63096	22989.7743305645	423680.285547167	424303.563601697	86.8940576843401	19928.3939886856
0.50119	27618.395145779	530732.088016264	531450.209333416	87.02111207622	19932.1260556762
0.39811	33856.8602459415	664190.610727406	665052.971096407	87.0818954643171	19936.3481356656
0.31623	41792.9091539304	832154.584392288	833203.396284875	87.1248766415561	19941.0802236536
0.25119	52746.2502625353	1041947.45762136	1043281.68361204	87.102003664712	19946.46232064
0.19953	67105.2791528134	1304367.35373102	1306092.38263204	87.0549228166695	19952.7294386242
0.15849	87615.1054047393	1633222.78579356	1635571.17690743	86.9292808456006	19959.9915716059
0.12589	115644.490548327	2047681.51611702	2050944.47502644	86.7676076035675	19968.4537305845
0.1	156762.69383781	2563985.753214	2568773.5370919	86.5012777440201	19978.550916559
