Frequency (Hz)	Z' (Ω)	-Z'' (Ω)	Z (Ω)	-Phase (°)	Time (s)
10000	96.2880373661902	51.7075496624915	109.293443682281	28.2362019463895	30424.5173321855
7943.3	97.3227845847045	62.534340502302	115.681753709816	32.7225997130753	30425.7293511824
6309.6	97.8645475099826	77.4603580905086	124.810162786704	38.3618194101395	30427.0313751791
5011.9	98.2727948161455	96.6204152698735	137.815263479409	44.5142359976602	30428.3184001759
3981.1	99.2543731682541	120.342475229289	155.992762451772	50.4853496422594	30429.6054231726
3162.3	99.4758883305956	150.212756314349	180.16471496582	56.4861480388412	30430.9024471694
2511.9	100.889983670221	186.437243903432	211.984987013905	61.5800900685999	30432.214473166
1995.3	101.759343632757	235.354647362122	256.41133760331	66.6179864653203	30433.5164971628
1584.9	105.095523270381	292.234545759839	310.5577220855	70.2200295951192	30434.7685191596
1258.9	108.156169156958	369.26244008421	384.775917364449	73.6748064851579	30436.0305441564
1000	111.918334410689	464.289516328671	477.588178821434	76.447239201132	30439.9836161464
794.33	118.123862724603	582.649892652975	594.503275309316	78.5394383933464	30441.2856421431
630.96	126.973092774429	730.549059008689	741.50124336186	80.1402008309167	30442.5826641399
501.19	139.924970950873	916.43892490535	927.059491390534	81.3189320484247	30445.4087171327
398.11	159.176146435715	1147.18582222894	1158.17630623201	82.100443019423	30447.4427571276
316.23	187.267727081522	1435.45835317014	1447.62214866042	82.5672565061066	30448.6647791245
251.19	229.107163844444	1793.68865663858	1808.26134435229	82.7210463290601	30449.9818021212
199.53	288.283988500497	2238.88675410497	2257.37049589394	82.6628408365183	30451.2938251179
158.49	375.07786498615	2787.2658315647	2812.38941482338	82.3358406342926	30455.0368951084
125.89	496.572935591641	3455.12181964149	3490.62336394587	81.8214082562735	30456.3189201052
100	664.456933934682	4267.68332550053	4319.09990435613	81.1503850683352	30457.6759461018
79.433	887.22967035206	5240.97008317192	5315.53796907294	80.3916471251769	30459.0629680983
63.096	1173.57600052616	6409.9632925452	6516.51057244503	79.6248404853151	30460.5149970946
50.119	1525.02682110026	7798.60247039637	7946.31406982807	78.935364304065	30462.1370260905
39.811	1927.42199894854	9468.83228564886	9663.0088696936	78.4943854642479	30463.7140580865
31.623	2385.87182934048	11485.4306233009	11730.6223615245	78.2648296484387	30465.3260860824
25.119	2868.45517818904	13921.8428203185	14214.2795323201	78.3577062544243	30466.8881150785
19.953	3387.53059738364	16926.8200350534	17262.4621664262	78.6830160499626	30468.7751500737
15.849	3928.02315765696	20647.1132826616	21017.4368759407	79.2284500915177	30470.6871840689
12.589	4476.31562762541	25252.952391192	25646.6178290615	79.9482121391165	30472.7392260637
10	5088.79229466462	30998.1163120779	31413.039042973	80.6772193830796	30475.006264058
7.9433	5729.16167003425	38219.2751303306	38646.2971697069	81.4747026013191	30477.2983080522
6.3096	6380.99611123621	47206.1504400725	47635.4673614353	82.3018187272111	30479.5953510464
5.0119	7132.65380240023	58547.6994169533	58980.5718629686	83.0540910546757	30482.0173930403
3.9811	7940.23983957469	72741.0746097653	73173.1599980034	83.770395795834	30484.4594410341
3.1623	8823.45904875356	90495.0027149415	90924.1384119877	84.4311398175215	30486.9864870278
2.5119	10082.7364244989	112703.174130013	113153.289977738	84.8877714604603	30489.5685340212
1.9953	11178.4743687171	140833.781339808	141276.722271154	85.4617463371921	30492.2105850146
1.5849	12764.3952860397	175697.609118052	176160.664272187	85.8447735210348	30497.7566890006
1.2589	14528.6821556749	219802.599653847	220282.24036397	86.2183203163133	30500.4737359937
1	16711.9192005544	274556.494003631	275064.640844533	86.5167732777516	30505.4428299812
0.79433	19600.9299621192	343630.884612118	344189.455554186	86.735348932326	30508.5448869733
0.63096	23291.8604810067	430168.69114742	430798.808735761	86.9006963012628	30512.0069509646
0.50119	28307.7868247762	538578.290265733	539321.708760622	86.991290483283	30515.789018955
0.39811	34876.3778798503	674447.437545021	675348.582396575	87.0398123659388	30519.9710959445
0.31623	43456.0391273471	844701.677929395	845818.746560617	87.0549904034692	30524.7831879323
0.25119	55273.6732699492	1057435.58904801	1058879.22065836	87.007790739229	30530.2202859186
0.19953	70891.4170362376	1324793.96206648	1326689.35133181	86.9369510627802	30536.382402903
0.15849	92880.68881346	1657552.24600912	1660152.48414245	86.7927936488195	30543.6695378846
0.12589	124826.143673872	2076894.77685786	2080642.56427767	86.5605295951468	30552.1616948632
0.1	163727.827318874	2598330.67129881	2603484.02700126	86.3944053999457	30573.1110818103
