Frequency (Hz)	Z' (Ω)	-Z'' (Ω)	Z (Ω)	-Phase (°)	Time (s)
10000	93.5976345585966	50.8741772293798	106.53027317965	28.5259055397541	59324.926443219
7943.3	94.590597327951	63.5997064358879	113.983787275163	33.9156302274922	59326.2434662156
6309.6	95.1875307657962	77.3274284168945	122.638481721111	39.0893480890823	59327.675489212
5011.9	95.327166423467	96.6601032088254	135.758772131558	45.3977890056241	59329.0775182085
3981.1	95.1391676319183	119.63136916906	152.85001049054	51.5058437882159	59330.4845432049
3162.3	97.3874647945156	149.96101059417	178.808900778255	56.9995577069012	59331.9065702013
2511.9	97.1892157860865	187.650951380457	211.325869734648	62.6192082471465	59333.2885931978
1995.3	98.0768523647856	237.837755990568	257.266140687835	67.5902805601001	59334.6756211943
1584.9	101.536127591509	293.962589188461	311.004162429803	70.9448351943553	59336.017644191
1258.9	104.348293628171	373.398179883489	387.704484270447	74.3866702356031	59337.3896721875
1000	108.329704672013	465.317050307183	477.760695558878	76.8945060761781	59341.4727471772
794.33	114.122522422699	583.774331005588	594.82469658307	78.9387017685595	59342.9147761735
630.96	122.552529381759	732.531276045258	742.712052441833	80.5023712652825	59344.31179917
501.19	134.915436249002	918.636651019318	928.490964702537	81.6449926403419	59345.7138261665
398.11	152.862330506183	1151.57856213077	1161.67985127011	82.4386732883219	59348.7198811589
316.23	179.685186998178	1442.36054146478	1453.50978600116	82.8988388407116	59350.0669041555
251.19	218.742176467213	1803.30184653291	1816.52021444151	83.0837586999733	59351.5089311518
199.53	275.512644894641	2251.23568106252	2268.03203442674	83.0226754420715	59352.9009591483
158.49	357.002008071904	2801.72395113717	2824.37737070368	82.7383743120233	59354.3379831447
125.89	472.831504165047	3478.89793171165	3510.88314396799	82.2601182350969	59355.8600131409
100	632.513968990648	4301.87364135636	4348.12496912922	81.6356067019883	59357.3020381372
79.433	846.722002277719	5294.74291809646	5362.01834367189	80.9143325620269	59358.8140681334
63.096	1118.95017127662	6482.42570398655	6578.28948082292	80.2065157857289	59360.3510981295
50.119	1457.76554758699	7914.69070068075	8047.82015698499	79.5639515215521	59362.138129125
39.811	1850.44146411572	9615.67389759356	9792.10488694749	79.1071560286561	59363.7601591209
31.623	2297.12579313471	11694.1682175401	11917.6489799628	78.8866903966105	59365.4971931165
25.119	2763.40137898539	14195.6527880472	14462.1210498381	78.9842651257761	59367.1392221124
19.953	3274.09510178352	17290.5156106817	17597.7734051428	79.2775468741158	59369.1162991074
15.849	3806.27206693518	21117.1955403182	21457.4848138258	79.782421638181	59371.1482981023
12.589	4346.1011554902	25865.0233753527	26227.619591974	80.4616898054859	59373.2103360971
10	4938.22975465449	31813.0702461997	32194.0608125069	81.1765975788968	59375.597377091
7.9433	5549.44949000649	39255.7892461969	39646.1016871011	81.9536202324433	59378.0444220849
6.3096	6234.1082439388	48571.715519657	48970.1506442408	82.6861572088788	59380.4664680787
5.0119	6974.16537792646	60211.364888337	60613.9212098601	83.3929831231707	59382.9885130724
3.9811	7792.34836364828	74871.1690961284	75275.5780770995	84.0582332231991	59385.5655640659
3.1623	8734.95058505099	93255.5382382991	93663.7324359763	84.6488988036593	59388.2076120592
2.5119	9951.48010908503	116137.578438997	116563.154907697	85.1024597853902	59390.8096610526
1.9953	11197.8797845411	145095.457151715	145526.919151524	85.5868915756038	59394.9287380422
1.5849	12889.7608283594	180955.192485837	181413.691935858	85.9256013442271	59397.6357860354
1.2589	14179.1099010217	226719.29889858	227162.249616103	86.4213613330146	59400.542839028
1	17155.2035861026	283137.942104352	283657.179125028	86.532712645866	59405.711937015
0.79433	20237.2742288145	354282.06686087	354859.592187421	86.7307074053014	59409.0239990066
0.63096	24452.6422249035	443521.852611413	444195.413591405	86.8443127909171	59412.5860639976
0.50119	29938.8227795988	555205.984318923	556012.60609178	86.9133826080889	59416.4631339879
0.39811	37501.9710362705	695085.239406985	696096.177171712	86.9117120247526	59420.8152159769
0.31623	47749.6208060359	869758.818497042	871068.555649032	86.8576253151269	59425.7773069643
0.25119	61261.5838913126	1089800.93001209	1091521.43758888	86.7825866987622	59431.2294089506
0.19953	79741.1235967231	1364394.99563434	1366723.21664062	86.6551925862212	59437.5115269347
0.15849	103753.471390505	1708272.27000936	1711420.15043312	86.5243581859932	59444.9436609159
0.12589	144248.615605122	2135684.92400295	2140550.80708622	86.1359921624772	59453.6008238941
0.1	196407.145837799	2670025.60280924	2677239.71406988	85.7928985160301	59474.6852158409
