Frequency (Hz)	Z' (Ω)	-Z'' (Ω)	Z (Ω)	-Phase (°)	Time (s)
10000	92.5360916766481	50.6159714984434	105.4746644153	28.678053778727	68912.5949650124
7943.3	93.7957641967998	62.7005634693293	112.82289679242	33.76192334479	68913.946986009
6309.6	93.199038579044	77.4855260229105	121.202588813545	39.7400791413474	68915.4240160053
5011.9	94.7937101094569	96.676184010872	135.396203902546	45.5632965695828	68916.8810420016
3981.1	94.8981702159851	120.937224592642	153.725323231123	51.8790953491746	68918.298068998
3162.3	96.7468944963657	149.65045432561	178.199944092451	57.1179053427772	68919.6950939945
2511.9	96.6077424930273	187.576760629858	210.993120830965	62.750153888449	68921.1421209908
1995.3	99.0175130993276	236.558433862598	256.445628802483	67.2870195047964	68922.6141479871
1584.9	99.2356573464575	297.4506766228	313.56756961195	71.5502419518925	68924.0461719835
1258.9	104.804054089585	369.752582911774	384.318698899157	74.1749505996299	68925.4881989799
1000	107.433877554653	465.811420954294	478.040079844657	77.012514846511	68929.6362779694
794.33	113.150562479766	584.214359437442	595.070976911485	79.0386760162243	68931.0783049658
630.96	121.489274496677	732.702657080989	742.706420809238	80.5854528724142	68932.5003289622
501.19	133.640760323868	919.885836754189	929.54279378676	81.7339164285354	68935.4813889546
398.11	151.624536994595	1151.50376712949	1161.44346652441	82.4987190570312	68937.6654289491
316.23	177.972633707003	1441.19482802287	1452.14213858991	82.9602052150748	68939.0274529457
251.19	216.987533167417	1802.05543803047	1815.07228266129	83.134006046882	68940.504477942
199.53	272.721322942029	2249.8127842278	2266.28208395647	83.0883526619905	68941.9415059383
158.49	353.847651934094	2804.06283068526	2826.30085433414	82.8078008876385	68945.8145789285
125.89	468.566198544716	3482.14206645397	3513.52638433056	82.3361645114178	68947.231602925
100	627.291631131752	4305.93252675005	4351.38480433666	81.7114135722069	68948.7086319212
79.433	839.10733617344	5300.54531354994	5366.55212800698	81.0043927024542	68950.2356579174
63.096	1108.0882676462	6494.60323589322	6588.45435596011	80.3176121088646	68951.8276899134
50.119	1445.55483087036	7929.2970133472	8059.98634582774	79.6681254399068	68953.6947239087
39.811	1839.28270580286	9644.32269205935	9818.14244449714	79.202695581605	68955.3267529045
31.623	2273.36034850746	11719.8778351762	11938.3291856784	79.0223926346118	68957.1237869
25.119	2750.2629391301	14242.8127160786	14505.9181129511	79.0707963049467	68958.8308178957
19.953	3253.68040024475	17347.3835173893	17649.8767997493	79.3770073424732	68960.8978568905
15.849	3771.13427488173	21201.4428215254	21534.2200098727	79.9141919093294	68962.9598948853
12.589	4342.4890450123	25958.1202979777	26318.8377499906	80.5030285985931	68965.1569358797
10	4915.27795357554	31943.7753431962	32319.726801715	81.2523466832419	68967.5939788736
7.9433	5536.30346678931	39417.7243811738	39804.6184690491	82.0049838563371	68970.0260258674
6.3096	6203.10426903534	48792.6217469485	49185.3478132799	82.7547392921567	68972.558071861
5.0119	6931.69973213229	60509.6637717502	60905.4009998022	83.4649544939665	68975.0301198548
3.9811	7799.58300038998	75223.7587140408	75627.0280392414	84.0804338183067	68977.6421648482
3.1623	8706.25170183136	93643.7541568218	94047.602368582	84.6883631065257	68980.2592138416
2.5119	9940.89265624354	116643.397692246	117066.235832517	85.1287581984332	68982.9912658347
1.9953	11123.0289449556	145824.246648112	146247.846765002	85.638098969218	68987.0553438244
1.5849	12808.975230389	182092.036878182	182541.99445853	85.9762473944935	68989.8073898175
1.2589	13930.3904012619	227531.658683656	227957.696689687	86.4964982880311	68992.8794468097
1	17151.4161173237	284457.760934607	284974.365216872	86.5495212011047	68998.0935457966
0.79433	20376.8259004205	356091.804375798	356674.344714318	86.7249055931497	69001.3956047882
0.63096	24661.9806137112	445444.528886143	446126.710254373	86.8310615762168	69005.052674779
0.50119	30250.574556986	557991.406324583	558810.796954671	86.8968425299855	69008.994747769
0.39811	37871.1959908238	698175.243067087	699201.61435566	86.8951415433516	69013.3368257581
0.31623	48113.1547541668	874447.448155068	875770.069850134	86.8506924491204	69018.2539197457
0.25119	62220.5040894698	1094508.67160548	1096275.79711893	86.7463579601065	69023.9410237313
0.19953	81516.5877805744	1369088.50796037	1371513.14128321	86.5925877539231	69030.3681437151
0.15849	108658.072326203	1714390.88175166	1717830.80427465	86.3734450154965	69037.7602786964
0.12589	144890.602663152	2149542.54592537	2154420.21051684	86.1437927978191	69046.4724396744
0.1	198657.010459336	2682418.24739989	2689764.35060556	85.7644684718739	69067.5068336213
