Frequency (Hz)	Z' (Ω)	-Z'' (Ω)	Z (Ω)	-Phase (°)	Time (s)
10000	95.1951508970533	51.4188742664059	108.194350061069	28.3753334680959	47677.1867746267
7943.3	95.1303614529991	63.3577466707288	114.297811586095	33.6640015071718	47678.5487996232
6309.6	96.1069193440074	76.7933650330581	123.019351562655	38.6262870993777	47679.9208236198
5011.9	96.8346509468881	96.0318923022072	136.378421911783	44.7615220559931	47681.2728506164
3981.1	96.7581717518183	120.522493941232	154.556835327878	51.2417187524379	47682.604873613
3162.3	97.2448200577301	150.017929242665	178.779009177022	57.0478327763365	47683.9469006096
2511.9	98.5041339492372	187.389322933414	211.70220299877	62.270636260639	47685.3089236062
1995.3	99.7767503987021	236.292871265229	256.495069993345	67.1076684391123	47686.6459506028
1584.9	101.678195764046	295.54037840008	312.542110376656	71.0146497458746	47687.9579725995
1258.9	102.997885928345	372.284555224162	386.26979504507	74.5351278175429	47689.2649975962
1000	109.807309536243	465.182602250508	477.967047676033	76.718338512069	47693.3330735859
794.33	115.702994454925	583.292728539428	594.657540179898	78.7803478686265	47694.6900995825
630.96	124.273119701146	731.600436052554	742.080188599953	80.3594868596442	47696.0371245791
501.19	136.848308826456	917.357284214974	927.508407795279	81.5153750008014	47697.3791475757
398.11	155.270276619624	1149.89789358157	1160.33358327029	82.309885462267	47700.3002065683
316.23	182.60203712327	1440.41989592619	1451.94799512296	82.7751519076857	47701.597227565
251.19	222.471911554014	1800.05465769773	1813.75040237894	82.9544426207375	47702.9792515616
199.53	280.493621298614	2246.85604342534	2264.29652463324	82.8841077208966	47704.3262775582
158.49	364.054685852353	2796.56681978494	2820.16343352883	82.5829942657933	47705.7233015546
125.89	482.134162416355	3470.56525251049	3503.8944793618	82.0910360669358	47707.150328551
100	644.60712400513	4287.59871829434	4335.78379459094	81.4500588724852	47708.5923555474
79.433	861.604584159783	5276.01884017715	5345.90845987372	80.725137219605	47710.0293815438
63.096	1141.21014855469	6456.7805498114	6556.85714893858	79.9767174474275	47711.5414095399
50.119	1479.65634528836	7878.35234955469	8016.09746970969	79.3630257202126	47713.3284455354
39.811	1880.6890208064	9562.33791932081	9745.5270599523	78.8732718107788	47714.9004735315
31.623	2325.82049264817	11611.428043066	11842.0733895429	78.6732967409674	47716.5675025273
25.119	2802.18851561576	14106.5930694114	14382.21917866	78.7647979392313	47718.1845325232
19.953	3311.42754312681	17155.0292234543	17471.7079883722	79.0745939958913	47720.1765715181
15.849	3836.26627580495	20917.6283070789	21266.5021320383	79.607517621892	47722.1486085132
12.589	4396.81573051817	25647.0334383195	26021.1896875299	80.2720277104992	47724.1606445081
10	4990.73183598399	31507.6955630508	31900.5060140524	80.9992849000573	47726.4876865022
7.9433	5610.58690236993	38867.4330824469	39270.2946233859	81.785986171595	47728.8447304963
6.3096	6269.38902810099	48069.0291084404	48476.146693129	82.5691596728644	47731.2117754903
5.0119	7032.29502291628	59621.0630366921	60034.3595861115	83.273052376446	47733.683822484
3.9811	7839.24357006897	74096.4748868826	74510.0082566986	83.9606990489576	47736.1958664777
3.1623	8766.49549673206	92225.7450715268	92641.4566880966	84.5700784124118	47738.7579154712
2.5119	9976.33937796717	114963.127905096	115395.182417239	85.0403770449247	47741.4299654645
1.9953	11228.3099896703	143343.847639068	143782.939186805	85.5210926915977	47744.0520114579
1.5849	12636.6572568824	179260.249589672	179705.097839709	85.9676984338161	47748.2760934472
1.2589	14532.122206537	224095.12008267	224565.815343057	86.2896779566238	47751.0631434402
1	16902.6527124619	280126.949298181	280636.432759226	86.5470016146297	47756.1872414272
0.79433	19954.0753615446	350660.243355073	351227.520837097	86.7431361459885	47759.3542954192
0.63096	23906.4365498664	438841.862821748	439492.546322887	86.8818258453455	47762.9363614102
0.50119	29171.6894574611	549296.489559449	550070.559935847	86.9600279187887	47766.8334344003
0.39811	36236.8180678707	688021.947741437	688975.549317684	86.9851250038763	47771.0905123896
0.31623	45700.0700223361	861405.05209522	862616.461803978	86.9631375455221	47775.9376013774
0.25119	59060.9420044549	1078992.04292824	1080607.24760336	86.8669192788357	47781.4397033635
0.19953	76441.7667430422	1349771.24281609	1351934.07813994	86.7586232288894	47787.7418223475
0.15849	101744.310277462	1690714.90795658	1693773.53995759	86.5561918594398	47795.088956329
0.12589	136857.663257707	2114790.88537758	2119214.59717237	86.2972946818393	47803.7111163072
0.1	183848.765617479	2643856.35051786	2650240.88920096	86.0221633842864	47824.6655082543
