Frequency (Hz)	Z' (Ω)	-Z'' (Ω)	Z (Ω)	-Phase (°)	Time (s)
10000	92.7668380421107	52.2449975085023	106.467018390648	29.3876086457228	74186.4986126971
7943.3	92.3594988607317	63.0299979994999	111.817072388891	34.311268007976	74187.8456386937
6309.6	93.1497867150632	77.7674606614637	121.345212937281	39.8573106642293	74189.31266469
5011.9	93.6662208287412	96.692566477481	134.620998868455	45.9108180872802	74190.7696896863
3981.1	92.7998039294265	121.178771975839	152.630594531085	52.5547796984253	74192.2067186827
3162.3	95.2173321906429	149.089109625561	176.900828032109	57.435234600247	74193.653743679
2511.9	97.2372708689632	187.284183936775	211.022397860767	62.5618238949506	74195.1007706754
1995.3	98.5442048128699	235.349807766338	255.147981214536	67.2802680981232	74196.5477966717
1584.9	98.95859528027	295.107556191149	311.257567459743	71.4621212617497	74197.9748256681
1258.9	103.905186428159	369.491996062219	383.823687284557	74.2934368486088	74199.3668496646
1000	106.806330090836	465.681984204608	477.773275267896	77.0823583321393	74203.4199256544
794.33	112.499662980074	584.415657036996	595.145221236476	79.1038810410516	74204.9019546506
630.96	120.761105172391	732.848309871382	742.731371226366	80.642706646821	74206.353977647
501.19	132.7387112372	919.0372474296	928.573652234376	81.7814694371217	74207.8210066433
398.11	150.696779493428	1153.37409614788	1163.1772543403	82.5560546872979	74210.8970656355
316.23	176.790269034928	1443.34968802228	1454.13655518987	83.0168473809761	74212.2440876321
251.19	215.211612356221	1805.18696795332	1817.97030431233	83.2013738771295	74213.7211156284
199.53	271.027419708297	2253.94420674541	2270.18068649941	83.1433412185686	74215.1481436248
158.49	351.800411202041	2807.72830054788	2829.68226820953	82.8582196050263	74216.620170621
125.89	465.595400620378	3484.5689374229	3515.53690874259	82.3894245161455	74218.1321966172
100	623.173559124299	4311.54566060799	4356.34838692903	81.7756523404574	74219.6392256134
79.433	834.106292443015	5307.7608051899	5372.9003408032	81.0690981344377	74221.1712556096
63.096	1107.48667591832	6505.5776508729	6599.17171384967	80.3387861585809	74222.7482836056
50.119	1434.35704113676	7943.93455088743	8072.38974964921	79.7649491012926	74224.5153176011
39.811	1828.07950081123	9662.15422768492	9833.57000182822	79.2862794214993	74226.1873475969
31.623	2266.00455574194	11749.3172706552	11965.8360749744	79.0838129187873	74227.9393815925
25.119	2738.61655197891	14276.3773770883	14536.6767740021	79.1409499181631	74229.6364115882
19.953	3239.85272145933	17393.840199003	17693.0020778046	79.4487518691294	74231.688449583
15.849	3751.52169191918	21251.9899571688	21580.5697826666	79.9889597825201	74233.8054855777
12.589	4309.03643959208	26038.4187813117	26392.5566716963	80.6034178930842	74235.8825275724
10	4893.59715471321	32043.7804818889	32415.2920808082	81.317105765034	74238.3345725662
7.9433	5530.34008779673	39559.2187775185	39943.9163299527	82.0416837611832	74240.7666185601
6.3096	6194.12621148743	48949.9248396823	49340.2709896731	82.7881190138409	74243.2286605539
5.0119	6927.1033225793	60685.0444625402	61079.123944783	83.4879620460106	74245.8057095474
3.9811	7751.21039569022	75465.0012791793	75862.0305598578	84.1355639013079	74248.4127565408
3.1623	8715.51574831505	94000.5913389485	94403.7678635293	84.7028134226268	74251.0198055342
2.5119	9913.80018207855	117254.776415653	117673.132134463	85.1671804359615	74253.7768565272
1.9953	11140.0103925685	146375.232600568	146798.530477716	85.6478461936952	74259.0929585138
1.5849	12712.8422960638	182895.188034479	183336.483454363	86.0238290926898	74261.8850085068
1.2589	14331.0219065124	228391.582277494	228840.759140723	86.4095350434407	74264.952065499
1	17225.7072076133	285640.55258775	286159.483979542	86.5489267126639	74270.1711614859
0.79433	20464.8591949251	357397.587551716	357983.02480656	86.7227784992367	74273.5182244774
0.63096	24756.9773847415	447369.366063799	448053.855715531	86.8325390547286	74277.2102894681
0.50119	30620.2062114868	560069.544856329	560905.956559573	86.8706320017059	74281.1573654581
0.39811	38284.9018640818	701701.469076417	702745.107001638	86.8770329423311	74285.5194444471
0.31623	48910.4112945713	877383.386044913	878745.602800173	86.8093051182436	74291.2715504326
0.25119	63353.013497021	1098654.7808015	1100479.86428518	86.6997412838	74296.8536554185
0.19953	83996.2474518314	1375954.06381507	1378515.48968998	86.5066671232086	74303.2407724024
0.15849	111103.034203222	1719237.4946957	1722823.68435563	86.3024913044719	74310.6579103836
0.12589	148519.989308558	2153866.92126981	2158981.45007421	86.055410977335	74319.3500723617
0.1	206029.636226413	2690522.34010903	2698399.27987489	85.6210600535228	74340.4744653083
