Frequency (Hz)	Z' (Ω)	-Z'' (Ω)	Z (Ω)	-Phase (°)	Time (s)
10000	98.2626828317854	51.6466590799177	111.00870340391	27.7263210815648	17310.0995102962
7943.3	98.1764060524922	62.5377594411139	116.402654872208	32.4968826845417	17311.2565312933
6309.6	99.074059203116	77.1147770360921	125.54822995291	37.8955800999755	17312.5185522901
5011.9	99.8987577460392	96.420300523732	138.840326102644	43.9849173713546	17313.7855772869
3981.1	99.7114127256979	120.041432863689	156.052271472484	50.285566115277	17315.0225992838
3162.3	100.542037560241	148.390911928477	179.244425463472	55.8804559852653	17316.2846212806
2511.9	102.719163542103	187.278672611832	213.598988232714	61.2559815315365	17317.5466452774
1995.3	102.860471383993	236.00770003978	257.44885133052	66.4507312148348	17318.7786702743
1584.9	103.798604496449	293.78783289579	311.585367199769	70.5411023631812	17319.9806902713
1258.9	108.58083111277	369.387331925247	385.015321606806	73.6193828795526	17321.2027122682
1000	113.91604151192	463.738252992031	477.524901760993	76.1987180757425	17325.1257892583
794.33	120.238317988014	581.297220340142	593.602317623308	78.3134732804117	17326.407810255
630.96	129.641402818409	729.352115478256	740.784315220923	79.9210160646912	17327.6798322518
501.19	142.948303142347	913.696735447913	924.811300611887	81.1081276562887	17328.9568582486
398.11	163.022507283935	1145.30801336303	1156.85210089912	81.8989683994719	17331.7629092415
316.23	192.419298549889	1432.81007592498	1445.67281918372	82.351223735159	17332.9699302385
251.19	235.33698425641	1790.0751107148	1805.47844023669	82.5104102885524	17334.2569572352
199.53	297.704873953296	2232.31182702449	2252.07555047537	82.4037603978535	17335.4489762322
158.49	386.853878066794	2775.94005994842	2802.76633692531	82.0663800108542	17336.7410022289
125.89	513.124815520849	3438.48461311833	3476.56058640646	81.5123901659684	17338.0830282255
100	685.166770642579	4242.49431063209	4297.46570426553	80.8258924633933	17339.3850492223
79.433	915.75297526515	5208.74117557541	5288.62819130271	80.0286854743484	17340.7470762188
63.096	1208.73480693845	6362.55676126443	6476.35455899507	79.2433451235612	17342.1741002152
50.119	1563.19505075657	7733.79599174993	7890.19513121932	78.5730338749678	17343.8661342109
39.811	1979.50340940984	9366.7974755298	9573.67895301783	78.0671497017912	17345.3531602072
31.623	2444.39317903893	11341.8622489425	11602.2798314693	77.8376694449603	17346.9351912032
25.119	2941.28510882032	13746.7347434777	14057.8758779164	77.9229523741781	17348.4372181994
19.953	3464.62571347865	16675.2255917288	17031.3469775454	78.2626021286045	17350.2692511948
15.849	4004.24309391891	20293.9581294223	20685.2290128473	78.8382269156977	17352.16128819
12.589	4586.77162055373	24838.1638613992	25258.1245919968	79.5372702895375	17354.0883211851
10	5190.93565945004	30451.6816823093	30890.9490029238	80.3260812364158	17356.3203641795
7.9433	5798.32994162449	37502.9421336309	37948.5348701424	81.211089316153	17358.5874041738
6.3096	6513.68174666373	46357.2654305749	46812.6490181617	82.0017053597217	17360.9394501678
5.0119	7259.45714333834	57378.2435744253	57835.6512343559	82.7892875860308	17363.2914951619
3.9811	8062.89012314738	71258.7341649469	71713.4394094197	83.5444674302459	17365.6985381558
3.1623	8997.39298213123	88644.7129861841	89100.1583661772	84.2043558550631	17368.1805831496
2.5119	10187.8503226159	110442.622788744	110911.519792368	84.7296294113126	17370.7326321431
1.9953	11183.7232772331	137867.504872448	138320.369310149	85.3623578830304	17373.3496801365
1.5849	12653.8372361952	172164.95799064	172629.349638811	85.7964141673799	17378.9057831225
1.2589	14473.12988087	215262.783515556	215748.783207261	86.1535241659303	17381.6878331155
1	16592.4752900533	268870.583497032	269382.07235502	86.4686552639205	17386.6519281029
0.79433	19343.5209808505	336679.468236808	337234.689995197	86.7117536199805	17389.7139830952
0.63096	22861.9798959725	421582.574244888	422202.009743808	86.8959504898058	17393.2010450864
0.50119	27446.8278155217	527661.848959306	528375.203055829	87.022389620695	17396.9681150769
0.39811	33615.559466028	661516.883205156	662370.434578476	87.0909670426058	17401.1101930664
0.31623	41622.2414228173	828410.782807159	829455.746892039	87.123679298798	17405.8922800543
0.25119	52452.5029944535	1037901.58014005	1039226.13281595	87.1069005923761	17411.2943830407
0.19953	67085.9643344808	1299639.97546318	1301370.27491511	87.0450784485514	17417.516496025
0.15849	88487.181693354	1628712.63423706	1631114.59629527	86.8902049077236	17424.7536300067
0.12589	116421.269454385	2035893.72021617	2039219.74097864	86.7271421628008	17433.2257889853
0.1	150486.907637433	2552850.43937666	2557282.08752884	86.6263992404867	17443.4029749596
