Frequency (Hz)	Z' (Ω)	-Z'' (Ω)	Z (Ω)	-Phase (°)	Time (s)
10000	93.6194343580773	52.2110616154672	107.194185684395	29.1481760502114	61213.9684174496
7943.3	94.245287954903	63.0801347786953	113.407573404076	33.7951356655783	61215.3354444461
6309.6	94.9252837576026	77.3533842523767	122.451441607509	39.1761451673414	61216.7474674426
5011.9	95.6435573509802	96.0566197518524	135.552809859856	45.1234568270939	61218.154493439
3981.1	95.9386439817418	119.910789222512	153.56699118307	51.3372746556863	61219.5465184355
3162.3	96.1375270834393	149.725176845769	177.932719574607	57.2957533352351	61220.948544432
2511.9	97.7293716297626	188.784353440294	212.580719217473	62.630423723246	61222.3705714284
1995.3	99.5830837283331	234.084505427225	254.386214732545	66.9543660901366	61223.7675994248
1584.9	101.884983762993	295.033011769867	312.129825473927	70.9484567858492	61225.1146234214
1258.9	101.19749132778	368.154505978815	381.809733405974	74.6302595853312	61226.476649418
1000	108.063553956746	465.409274079528	477.79025114897	76.9280987665636	61230.5797284076
794.33	113.850803823864	583.992489920223	594.986750957164	78.9684121239058	61232.026749404
630.96	122.239334826751	732.481303414027	742.611146448798	80.5255681931529	61233.4337794004
501.19	134.391355849223	919.022125711576	928.796373848658	81.6804343683986	61236.3348323931
398.11	152.694009829139	1151.08306923006	1161.16652247031	82.4436893537319	61238.5238733876
316.23	178.940440912343	1440.479860552	1451.55155266694	82.9188330633507	61239.8558973842
251.19	217.55093100487	1802.02484365191	1815.10934786854	83.1162339066004	61241.3229223805
199.53	274.560290489622	2250.61221853892	2267.29766712499	83.0446498105327	61245.080993371
158.49	356.352916791192	2803.39511312159	2825.95321291411	82.7557117512052	61246.4780183675
125.89	472.262484373231	3478.36818164972	3510.28162136026	82.2681568125386	61248.0000483637
100	630.669665806096	4301.33779031032	4347.32688139731	81.658627882695	61249.4770733599
79.433	844.452712724162	5295.5682533656	5362.47550204948	80.9396672654956	61250.9941003561
63.096	1120.2029879982	6485.56918896877	6581.60029470198	80.2004231821269	61252.5711333521
50.119	1457.30093572632	7913.59741744405	8046.6608044981	79.5657949401273	61254.3281643477
39.811	1847.51874289812	9627.9344447541	9803.59358489744	79.1374705789389	61255.9551923436
31.623	2284.82584553869	11694.6242501534	11915.7318489767	78.9451472565252	61257.6972273392
25.119	2761.28392791854	14203.6411777346	14469.5581009379	78.9985394038146	61259.3792593349
19.953	3269.28773173304	17308.6233105476	17614.6723835356	79.3038692732591	61261.34629533
15.849	3796.87091638852	21123.3260889709	21461.8529912194	79.8100246549522	61263.4183323247
12.589	4368.28825738856	25881.7090120996	26247.7580697216	80.4199630404006	61265.4953703195
10	4941.1800579008	31837.3259743428	32218.4820493014	81.1780294795391	61267.8924143134
7.9433	5576.37899186126	39312.1783391676	39705.7095193045	81.9265329805113	61270.3044613074
6.3096	6220.82149304293	48564.8504113865	48961.6514787711	82.7005563705445	61272.6965033013
5.0119	6978.30865002892	60268.373254121	60671.0277341098	83.3952907423464	61275.2335522949
3.9811	7774.16257325602	74924.0202422248	75326.2664213004	84.0761531054726	61277.8606002883
3.1623	8736.63217447773	93272.7040740384	93680.9802843419	84.6488539126031	61280.4076472818
2.5119	9989.73277987637	116355.774153382	116783.821395972	85.092900301027	61283.099698275
1.9953	11178.5534502731	145236.707386168	145666.266615218	85.5987458701483	61288.4957992614
1.5849	12887.1165544904	181233.691120865	181691.300205547	85.9326731257534	61291.3028492543
1.2589	14413.9647275965	226638.981199729	227096.873995261	86.3609589364763	61294.3049032468
1	17124.8252635197	283305.50100632	283822.5969523	86.5408796626537	61299.4840032337
0.79433	20230.8377369496	354552.272972182	355128.992149725	86.7342303144957	61302.7060582255
0.63096	24467.4508527745	443750.124830689	444424.154877393	86.8440265920089	61306.2881272165
0.50119	29893.3353859237	555598.568821162	556402.17574756	86.9202366914128	61310.1901972066
0.39811	37472.663640619	695602.584877202	696611.194719241	86.9164114750288	61314.5022771958
0.31623	47667.2758474622	870771.95762549	872075.668376114	86.8666761255607	61319.4093691834
0.25119	60865.0224470883	1090519.57428442	1092216.77924071	86.805472672033	61324.9614721694
0.19953	79437.3772217648	1365455.28811069	1367764.02962255	86.670486305348	61331.3335901533
0.15849	106126.354335651	1708688.1008242	1711980.67424337	86.4459333767355	61338.7857291345
0.12589	142323.028364709	2135931.63640829	2140668.07324552	86.1878590623222	61347.4028861127
0.1	192417.587410645	2669543.36321845	2676468.99777461	85.8773164514123	61368.4672810595
