Frequency (Hz)	Z' (Ω)	-Z'' (Ω)	Z (Ω)	-Phase (°)	Time (s)
10000	97.5662385000073	50.3337220891357	109.784582134226	27.2888842117674	28770.4307033616
7943.3	97.6667891528536	62.8015717675783	116.115628232836	32.7417755353776	28771.6227243586
6309.6	97.9182499459626	78.4302993277965	125.45634908257	38.6939367518719	28772.9497513553
5011.9	97.4104939554402	95.8396572527726	136.653006681052	44.5342806686076	28774.246773352
3981.1	99.5210081726947	120.839553373011	156.545931684916	50.5258218646296	28775.5537993487
3162.3	99.5622280272666	149.34722927751	179.491593515191	56.3106207740923	28776.8258223455
2511.9	100.296974657044	187.022848863222	212.219294886849	61.7961447067725	28778.1228443422
1995.3	104.75787386962	235.492037346458	257.741560077665	66.0182643178574	28779.4298703389
1584.9	106.884392647094	294.418168864901	313.219302644807	70.047280610056	28780.6768923358
1258.9	106.699494157211	371.643311515734	386.656867322676	73.9811279191973	28781.9539163326
1000	111.988652871549	464.494259866743	477.80370009151	76.4447952549322	28785.9169943225
794.33	118.014271203594	582.792468398244	594.621248720085	78.5525174086269	28787.2290143192
630.96	126.784682734908	730.965300965258	741.879118853888	80.1600416505034	28788.5310383159
501.19	139.519886344883	916.319265229812	926.880140318581	81.3425693452556	28789.8380633126
398.11	158.431481772423	1148.8807208125	1159.75318282437	82.1483910140033	28792.6391183056
316.23	186.151617973081	1438.11998877507	1450.11776314492	82.6245889780857	28793.8461353025
251.19	226.719679785112	1797.45595753169	1811.69802463546	82.8110385484448	28795.1781612992
199.53	285.665380816677	2242.18033233039	2260.30470346066	82.7393376999811	28796.5051872958
158.49	370.457808820638	2791.58361023846	2816.05718000686	82.4407173151727	28797.8472112924
125.89	490.118727366486	3463.44938490291	3497.95626169048	81.9454563698838	28799.214237289
100	655.576992856833	4277.40450836544	4327.35144421484	81.2863606164809	28800.5762602855
79.433	876.135613118631	5259.6792764826	5332.1515079783	80.5427399362715	28802.0082882819
63.096	1158.6385466157	6433.71269931824	6537.20906649562	79.7911072453062	28803.4603132783
50.119	1509.13100913162	7838.62621410801	7982.57711063438	79.1024701967097	28805.1723472739
39.811	1909.3458204557	9517.94848495184	9707.57152043129	78.6567536251135	28806.6793742701
31.623	2361.65537271406	11549.7216902558	11788.7016766833	78.44361994949	28808.2814052661
25.119	2847.57445358936	14017.7060446047	14304.012130227	78.5171139917868	28809.8134332622
19.953	3367.94275126874	17044.8355185635	17374.3908161037	78.8227270696795	28811.7004672574
15.849	3910.07718516487	20788.0069265407	21152.5396955508	79.347529501952	28813.6225032526
12.589	4485.91778377646	25428.3927132271	25821.0498303401	79.9951791906775	28815.5545402477
10	5084.71655240819	31225.620655576	31636.90452216	80.7512489212476	28817.821582242
7.9433	5716.38406728503	38469.0097040112	38891.4097766077	81.547860868657	28820.1236252362
6.3096	6464.10241622376	47597.8497168897	48034.7782103659	82.2661691763246	28822.4406662303
5.0119	7182.96609026794	58968.8342711378	59404.7002951016	83.0550418147785	28824.8627102242
3.9811	7996.87964903251	73171.5989951391	73607.2889300139	83.7629326260979	28827.2597542182
3.1623	9012.62651148466	91088.4846761218	91533.2697833285	84.3493386498146	28829.686800212
2.5119	10224.8764771188	113434.541818692	113894.439621032	84.8493352614568	28832.2638472055
1.9953	11429.8722158053	141586.841752251	142047.441850414	85.384695519116	28834.9659001987
1.5849	12931.6794334728	176726.986450511	177199.481017437	85.8149431057974	28840.392000185
1.2589	14980.280245082	220981.667765314	221488.840090332	86.121869794764	28843.1190481781
1	17138.8250957359	275575.12985581	276107.572371185	86.4411912467328	28848.0981421656
0.79433	20118.5083183395	344875.673593647	345461.987219473	86.6614035075645	28851.1901991577
0.63096	23980.6060753425	431761.746974783	432427.191118294	86.8209845002767	28854.637262149
0.50119	28980.8968043397	540484.569901942	541260.993127781	86.9307274642532	28858.4293341395
0.39811	35613.8714685857	676443.429408924	677380.292768757	86.9862338804014	28862.6164121289
0.31623	44641.9978020603	847272.153653893	848447.411643801	86.9839265322363	28867.3885001168
0.25119	56301.3181806643	1061302.61677113	1062794.93920235	86.9633477824163	28872.8256001031
0.19953	72816.4551348919	1329083.18241955	1331076.38470859	86.864072319892	28879.0477160874
0.15849	94749.6707200792	1663883.12304832	1666578.69519161	86.7408169632712	28886.349849069
0.12589	125626.006353883	2084427.42253078	2088209.6574029	86.5510221915287	28894.8520080475
0.1	168567.211311899	2605446.22902865	2610893.5169955	86.2982357686478	28915.8513969945
