Frequency (Hz)	Z' (Ω)	-Z'' (Ω)	Z (Ω)	-Phase (°)	Time (s)
10000	91.6580791259396	50.9567303920061	104.870357305106	29.07159468313	84306.7489971459
7943.3	92.0935341476654	63.452790485564	111.836826010988	34.5669874954946	84308.1410191424
6309.6	91.9252075995639	78.029816582593	120.577344754875	40.3259376865905	84309.6130461387
5011.9	93.0145702287013	96.1265612103151	133.76107821392	45.9426181434836	84311.1050751349
3981.1	94.1778340310809	120.611391416368	153.024743627226	52.0159657940869	84312.5621031312
3162.3	94.3536902763548	150.094991244676	177.288254730835	57.8454428276804	84314.0191281276
2511.9	95.0179379155211	188.012397032746	210.658657462058	63.1888223590793	84315.5311561237
1995.3	97.1064136722328	235.316957251937	254.565759572242	67.5759108972388	84316.9931831201
1584.9	99.6040384454103	294.190589360232	310.594699476272	71.2954538429186	84318.4152091165
1258.9	99.9898525307195	374.366424773436	387.489600643371	75.0458939955581	84319.8872391128
1000	105.875813579638	466.259094010743	478.128884976498	77.2065034187797	84324.0403151023
794.33	111.426204407616	584.785744085012	595.306782687505	79.2120674424054	84325.5073430986
630.96	119.626854647733	733.817885876948	743.504723580034	80.7410992732585	84326.9893690948
501.19	131.399077439264	919.62345047034	928.963405203275	81.8684140284986	84328.501397091
398.11	148.919255060705	1153.56421060548	1163.13685029651	82.644090393443	84331.6024570832
316.23	174.840966669135	1445.4673098715	1456.0031275835	83.1031174155838	84333.0044830796
251.19	212.643434765413	1807.53493361162	1819.9999358723	83.2904049968829	84334.5465080757
199.53	267.711181122118	2256.54106128001	2272.36591193859	83.2341764566204	84336.0485360719
158.49	346.984057570994	2810.73194526195	2832.06850275985	82.9624585263397	84337.5505640682
125.89	459.513393553177	3491.39144665614	3521.50064498623	82.5022101265057	84339.0925930643
100	614.302057364201	4318.14657512974	4361.62319119689	81.9033970892235	84340.6096220604
79.433	822.737694988361	5322.57355029218	5385.78559850136	81.2130386078119	84342.2116520564
63.096	1092.53015949384	6531.3004838432	6622.04712756214	80.5037095981138	84343.8536830522
50.119	1425.08877462035	7968.35645637539	8094.78737407032	79.860222117786	84345.7357170475
39.811	1807.29911728284	9711.85156431383	9878.58243406392	79.4582901468567	84348.3597690409
31.623	2239.67122954021	11798.8104054755	12009.4984991375	79.2518885338936	84350.0517970366
25.119	2714.35575840537	14345.6458782777	14600.1809183357	79.2856637262838	84351.9138320319
19.953	3208.46426433701	17493.9705368265	17785.7596992336	79.6072247031254	84353.9708680267
15.849	3736.52784116185	21368.8131055826	21693.0360680357	80.0815970989852	84356.0929100213
12.589	4278.72007079968	26223.3145426034	26570.0897823959	80.7330112111923	84358.2449470159
10	4857.13676261978	32256.259811178	32619.9030430351	81.4367556905426	84360.7219940097
7.9433	5498.65421154596	39809.0977637185	40187.0559123139	82.1357491694911	84363.3190420031
6.3096	6139.09883335213	49308.3292303057	49689.0316465302	82.9029501343918	84365.9060909966
5.0119	6894.48282190229	61168.5649222977	61555.887029876	83.5691709934	84368.5481379899
3.9811	7751.63692522838	76040.6762861791	76434.7586185765	84.1793372794228	84371.1501889833
3.1623	8663.30261942907	94719.8354757683	95115.1935540922	84.774130759372	84373.7572339767
2.5119	9928.16783214322	118023.007127728	118439.852786024	85.1915644630036	84376.5892869696
1.9953	11141.3015681421	147413.086215787	147833.50969349	85.6778718002837	84380.788367959
1.5849	12757.6501185484	184263.013375484	184704.130259075	86.0393849083156	84383.6204179518
1.2589	14819.2298205438	230287.855153761	230764.177904183	86.3180420259787	84386.742474944
1	17352.4540292444	287776.897441542	288299.584394284	86.5493406460095	84392.0015759307
0.79433	20765.6359649675	360128.037273323	360726.232574463	86.6998756824553	84395.3136359223
0.63096	25193.3069458509	450758.067007639	451461.557264106	86.8010113659973	84398.985703913
0.50119	31187.7500785386	563946.442227412	564808.166952212	86.8346141583167	84402.957775903
0.39811	38925.6588095526	706262.452729547	707334.333288943	86.8453344974359	84407.329855892
0.31623	49821.9404095754	884177.717902729	885580.297083135	86.7748888430763	84412.2919478795
0.25119	64869.5696880629	1107009.05939268	1108908.07493181	86.6463625269056	84417.9090518653
0.19953	85780.6442757765	1384752.59623622	1387406.95966084	86.4552537414115	84424.2761708492
0.15849	113608.104199977	1730597.72770472	1734322.71981793	86.2441078358484	84431.7733078303
0.12589	153274.257465778	2166617.29641182	2172032.11465958	85.9534331817564	84440.5454738081
0.1	214753.353103113	2707109.1067804	2715613.87510861	85.4642587280485	84461.6548657548
