Frequency (Hz)	Z' (Ω)	-Z'' (Ω)	Z (Ω)	-Phase (°)	Time (s)
10000	94.0666857953061	51.1041808947464	107.05222408449	28.5141754056756	65675.6710291849
7943.3	93.6946734803089	62.5923612459822	112.678727029237	33.7447497395252	65677.0430531814
6309.6	93.7447815714671	78.2167102472825	122.089876049529	39.8402022586217	65678.4550781778
5011.9	94.2317769393625	96.3140486492717	134.744290240307	45.6260994257524	65679.8771071743
3981.1	94.9315810056824	119.979326487926	152.993607241396	51.6477984413659	65681.2991311707
3162.3	96.5855366275726	150.659389598522	178.960938642586	57.3366601662784	65682.746161167
2511.9	97.7717704858767	187.604001002461	211.552783711476	62.4732598920052	65684.1581841634
1995.3	97.5680619115771	238.318061193834	257.517038264208	67.7356739241701	65685.5902111598
1584.9	99.0589631842672	293.789576858478	310.040309730567	71.3670988443304	65686.9722371563
1258.9	100.3464836939	370.844228858543	384.180763270908	74.8589588344128	65688.3742621528
1000	107.79473846214	465.496481802274	477.814483047988	76.9618628945958	65692.5023441424
794.33	113.588485571098	584.149480161203	595.090715124122	78.9960939185315	65693.9393671388
630.96	121.873984209757	732.587878243466	742.656224222502	80.5547238707306	65695.3463941352
501.19	134.201348904508	918.934069088604	928.681767549858	81.6912475548022	65696.8034181315
398.11	152.028559133807	1152.22809361332	1162.21437889233	82.4836333829786	65699.8144781239
316.23	178.634978020884	1442.69784847781	1453.71508122294	82.9415570700199	65701.1965021204
251.19	217.435046467136	1804.1878211046	1817.24288229569	83.1280350081505	65702.6385271168
199.53	273.822979614637	2252.15968057453	2268.74464208086	83.0678655746659	65704.0005531134
158.49	355.302063180731	2805.14911263175	2827.56098080999	82.7813173913125	65705.4475781097
125.89	469.947894113747	3481.34649955499	3512.92249745788	82.3120998991773	65706.9746061058
100	628.676722986492	4304.97740986178	4350.63959912164	81.6915498370394	65708.4416371021
79.433	840.933211796212	5301.9008286429	5368.17669823434	80.987406564236	65709.9986620982
63.096	1111.32315828485	6497.1187414533	6591.47867346045	80.2935712154655	65711.6006940942
50.119	1452.07368732795	7927.89140264364	8059.77543642136	79.620743123982	65713.4327280895
39.811	1841.61972093048	9640.39789077876	9814.72540059331	79.1850020222794	65715.1047600853
31.623	2279.20799762913	11719.1854155737	11938.7644210384	78.9942096890183	65716.8467920809
25.119	2759.44344781719	14233.0980142726	14498.124265766	79.0278945376548	65718.5238200767
19.953	3259.41218419402	17338.0219636233	17641.7338546288	79.3531062021259	65720.5158590716
15.849	3781.63090167353	21171.0606980945	21506.1512911747	79.8724844560932	65722.5828960664
12.589	4340.42511320734	25940.8544778536	26301.468042764	80.5012572385227	65724.6599340612
10	4928.56678754493	31918.1512359806	32296.4262558912	81.222132243774	65727.0769790551
7.9433	5559.33522475543	39367.9797669889	39758.5718943129	81.9621448985865	65729.5090260489
6.3096	6196.72107185756	48681.3960608907	49074.2057957101	82.7457548760867	65731.9360710428
5.0119	6965.64504813733	60432.5923009754	60832.7084975883	83.4249289789473	65734.4881180364
3.9811	7773.31744661055	75095.7788835366	75497.0229230981	84.0902440419522	65737.0851660298
3.1623	8736.58595332765	93553.9690736263	93961.0188511646	84.6648769375503	65739.6822140233
2.5119	10028.7937711879	116571.132398446	117001.733376737	85.0828634070861	65742.3242640166
1.9953	11151.7686029456	145578.092725031	146004.599326293	85.6195067200655	65747.6303630032
1.5849	12879.8443777155	181783.897619428	182239.611020505	85.9472232349503	65750.472411996
1.2589	14354.4824820918	227401.485480166	227854.090957162	86.3880557920432	65753.4294689885
1	17227.965211354	284153.61415209	284675.392721286	86.5304580605107	65758.5935659755
0.79433	20462.9380689856	355512.482840586	356100.908858561	86.7057478061718	65761.8206229674
0.63096	24635.6042156003	444962.497177022	445643.95753682	86.831021623391	65765.4876919581
0.50119	30215.3767099183	556972.605070297	557791.584544367	86.8947875969904	65769.3847619483
0.39811	37814.8245266312	697602.518898688	698626.678081917	86.897213821123	65773.6918439374
0.31623	48641.6893723942	873380.897546585	874734.36318935	86.8122873316038	65778.583933925
0.25119	62299.0934987495	1093631.99992066	1095405.00651641	86.7396513755831	65784.161037911
0.19953	81295.6588975045	1367631.54862765	1370045.633166	86.598189304085	65790.473154895
0.15849	109023.757128974	1712225.40958356	1715692.87252763	86.3566831570295	65797.8652908764
0.12589	146224.932872174	2139779.41958277	2144769.84673495	86.0906875012049	65806.4874508546
0.1	198507.482348424	2672649.61300694	2680011.41312018	85.7522320486161	65827.5418408014
