Frequency (Hz)	Z' (Ω)	-Z'' (Ω)	Z (Ω)	-Phase (°)	Time (s)
10000	99.3640387831692	50.9858895975424	111.681570285146	27.1633640802701	6199.94679934664
7943.3	100.129803175113	63.4322265713526	118.531113433082	32.3542569757573	6201.07881634378
6309.6	100.13087360915	77.4176736432704	126.568906300353	37.7099357384421	6202.28584134073
5011.9	101.589997139748	95.4306013655255	139.382664617376	43.2093624718926	6203.47786133772
3981.1	101.791772298632	120.242807429211	157.543319903304	49.7503547668626	6204.69988333464
3162.3	101.898556099471	148.814150445442	180.357886181768	55.5991138529003	6205.88690533164
2511.9	103.918817608312	186.262527164004	213.290528806675	60.8421592342767	6207.08892932861
1995.3	104.392170152728	231.808543090441	254.230064781703	65.756157204933	6208.29095232557
1584.9	107.69808825244	295.154820912348	314.189825616665	69.9536431351816	6209.44797332265
1258.9	111.030015478426	366.869832198545	383.302932567086	73.1620096159128	6210.61999231969
1000	116.05821696913	462.703354698376	477.036585782668	75.9192011932507	6214.38306531019
794.33	122.684844998461	580.179258276287	593.008889415933	78.0601127001021	6215.52508630731
630.96	132.317940900822	727.275958885313	739.21468996279	79.68859921488	6216.72710730427
501.19	146.423992770606	911.088467333253	922.77959500985	80.8698811113443	6217.94912830119
398.11	167.305027189549	1142.13639498595	1154.32513481879	81.6663386271807	6220.71018129422
316.23	197.926762804112	1428.9206280211	1442.56340055414	82.1138622072305	6221.83220029138
251.19	242.454393699551	1784.45126179801	1800.84714475069	82.262571216848	6223.06922328826
199.53	307.082668440027	2223.60801789586	2244.71209345586	82.1371259336042	6224.29124628518
158.49	398.967620255779	2762.49270661587	2791.15408319183	81.7819915546186	6225.53826928203
125.89	528.956187308245	3420.4089008974	3461.06799953856	81.2090154950435	6226.82529527878
100	707.285519518344	4214.40148720021	4273.33975965353	80.4730685854477	6228.07731627562
79.433	943.280056459421	5169.54687267638	5254.90172445805	79.6590831523654	6229.37934327233
63.096	1242.89863680639	6301.6533236898	6423.05469643112	78.8425474855668	6230.74636526888
50.119	1607.42809844156	7651.61435979529	7818.63334622394	78.1359961667218	6232.36839626478
39.811	2029.63354617126	9258.98843375988	9478.83321660652	77.6359357136398	6233.79542226118
31.623	2496.79893205397	11200.3331120097	11475.2545386621	77.4329988466664	6235.33745225729
25.119	2998.4230879557	13545.2345200469	13873.136603431	77.5180762702512	6236.79447825361
19.953	3534.63133187661	16417.3689253691	16793.5589165596	77.8497856018934	6238.57151024912
15.849	4075.9054699554	19962.2908642095	20374.1518092733	78.4599552082175	6240.40854424448
12.589	4662.20646183594	24366.5528388946	24808.5684057631	79.1681534739791	6242.26058223981
10	5273.91849581039	29907.7051629968	30369.146257628	79.9992881244054	6244.43262123432
7.9433	5938.20582260311	36796.0929568057	37272.1711908159	80.8325657319226	6246.63466222876
6.3096	6600.16879857018	45470.3469508179	45946.868010751	81.7410129927416	6248.97170422286
5.0119	7308.93839584472	56212.1831739115	56685.3606996695	82.5917301262584	6251.25874721709
3.9811	8139.97908907461	69806.9890479698	70279.9756652914	83.3489513486148	6253.60579121116
3.1623	8995.56661448712	86869.2857275292	87333.8022848358	84.0879277975203	6256.05283620498
2.5119	10156.509837542	108105.229151171	108581.284123496	84.6328034733619	6258.54988319868
1.9953	11197.4237593799	134915.298630087	135379.171600703	85.2555560106062	6261.13192819216
1.5849	12587.3191308193	168652.602997758	169121.675431686	85.7316661561128	6266.47303117868
1.2589	14161.2925628547	210756.399574327	211231.631553099	86.1559198071182	6269.09507717206
1	16211.4339627694	263247.512921577	263746.210684675	86.4760342325547	6274.05417115954
0.79433	18772.6472573261	329487.929721118	330022.284273284	86.7390858125342	6277.06122315194
0.63096	22068.3977937266	412837.314334619	413426.731463028	86.9401415226727	6280.49328714328
0.50119	26292.738859199	516940.667240708	517608.888606046	87.0883197594481	6284.19035713394
0.39811	31779.6734875153	647522.667221545	648302.053222629	87.1902430721253	6288.29743412357
0.31623	39299.6321964904	811046.51138288	811998.094035399	87.2258764120896	6292.96451811179
0.25119	48625.0256202305	1015956.28820213	1017119.25193362	87.2598384519666	6298.30161709832
0.19953	61859.2538154052	1273544.28526412	1275045.73008637	87.2191852105922	6304.38873108295
0.15849	79276.7493142442	1594948.40113562	1596917.40715258	87.1544608942779	6311.59086506477
0.12589	102983.163920075	2000661.3579386	2003310.11109107	87.0533256327876	6320.05802204339
0.1	134161.324220921	2506036.68023868	2509625.29147648	86.9355809024427	6330.115206018
