Frequency (Hz)	Z' (Ω)	-Z'' (Ω)	Z (Ω)	-Phase (°)	Time (s)
10000	96.6121595824651	50.976979657848	109.236266112607	27.8181721822621	40040.7583809068
7943.3	96.5650139346682	63.4614907173518	115.55155870983	33.3124878990192	40041.9854049037
6309.6	96.7768341455966	78.1003702518725	124.360055728212	38.9040550089268	40043.3224269003
5011.9	97.0265424007662	96.5822683737465	136.902463434615	44.8685236383883	40044.644451897
3981.1	97.7850044971933	120.096386163803	154.871072425167	50.8467940905308	40045.9514778937
3162.3	98.8562572854256	149.908913165387	179.569601689456	56.5974583615158	40047.2535018904
2511.9	99.65138627148	188.170488102696	212.928465402431	62.0951864443695	40048.585524887
1995.3	102.625617087993	233.82045060914	255.350779136765	66.3029554464463	40049.9475508836
1584.9	102.810413905314	296.035575734047	313.380030167161	70.8483592626262	40051.2195738804
1258.9	105.379049411086	370.634103787274	385.323737842583	74.1284371371886	40052.5365978771
1000	110.721730705326	464.961446763562	477.962810924498	76.6055635976609	40056.5796748669
794.33	116.591811769268	583.126493424415	594.668107354931	78.6932313073416	40057.9166978635
630.96	125.258011259263	731.476818386405	742.123915004309	80.2829236951952	40059.2587228601
501.19	137.8660218688	916.910374945872	927.217167479824	81.4491008737617	40060.5907488567
398.11	156.429803754095	1149.94387375986	1160.53487509009	82.2534580463821	40063.4768038494
316.23	183.776929725394	1439.50127071127	1451.18498761483	82.7245716744801	40064.7188238463
251.19	223.991985115192	1799.31649696322	1813.20497066378	82.9039112031956	40066.0908488428
199.53	282.112773283135	2245.92973000647	2263.57857583439	82.8405348379698	40067.3678718396
158.49	365.676867442567	2795.12762261767	2818.94625668936	82.546522752052	40068.7348978362
125.89	484.396084885926	3468.40391041619	3502.06585501232	82.0495161116519	40070.1269258327
100	647.829311819406	4283.3976182312	4332.11010630167	81.3996557057867	40071.5039488292
79.433	866.080589231627	5271.75973776489	5342.42887830646	80.6703992397978	40072.9209778256
63.096	1145.38494107429	6453.79174196524	6554.64221082269	79.9362343442124	40074.4230038218
50.119	1488.73006983725	7858.47369870058	7998.24518841516	79.27285730665	40076.0750338176
39.811	1890.46596422617	9553.38602051061	9738.63676387948	78.8066681974507	40077.7070658135
31.623	2332.36526461321	11593.2248119174	11825.5143341519	78.6248822219161	40079.3390968094
25.119	2822.44704199208	14072.1794227554	14352.4367621346	78.6587075580907	40080.9211258054
19.953	3328.94267409408	17116.8017977537	17437.5102325702	78.9942799017781	40082.8431618005
15.849	3866.08026543974	20881.8061730181	21236.6759561453	79.5109659464821	40084.8101947956
12.589	4420.32118038465	25577.1959038476	25956.3516242471	80.1948397851619	40086.7822337906
10	5019.70490741154	31430.7101586741	31829.0272932754	80.9260916001128	40089.0842767848
7.9433	5651.49458121537	38721.6336551555	39131.8834702034	81.6962053016267	40091.4063197789
6.3096	6330.69922488437	47878.749890209	48295.4702195262	82.4678398101756	40093.7333627731
5.0119	7077.01514092783	59427.1780689987	59847.0854474084	83.2087903505879	40096.1754057669
3.9811	7908.68793674571	73777.891417363	74200.5701249864	83.8814914528846	40098.5924527608
3.1623	8829.63579253875	91875.6927463441	92298.9999179271	84.5104964825435	40101.1294997544
2.5119	10033.9885190729	114527.033902153	114965.744550391	84.9929642449365	40103.7215477478
1.9953	11192.1565763627	142944.950234249	143382.436742795	85.5230476500014	40106.3785977411
1.5849	12773.6531757457	178649.426658202	179105.510414276	85.9102415256548	40112.0047007269
1.2589	14532.123161141	223167.766848773	223640.413977078	86.2743031440616	40114.76675272
1	16938.621736837	278788.910792728	279303.01410357	86.5231043409632	40119.8058467072
0.79433	20064.2902349025	349094.93205882	349671.055896513	86.7105343362041	40122.9629016993
0.63096	24054.2076247909	436953.504749417	437615.0936808	86.849058585065	40126.4549686904
0.50119	29274.4438722965	546996.878886121	547779.680688495	86.9365393101171	40130.2420396809
0.39811	36174.8058138457	684860.130360858	685814.854558839	86.9764055031331	40134.4441166703
0.31623	45457.9816527821	857255.118067108	858459.530524414	86.964598632403	40139.2712066581
0.25119	58078.4521848385	1073529.34297656	1075099.23115955	86.9032897164722	40144.7333066443
0.19953	74749.8333610655	1344064.28037195	1346141.27318022	86.8167872721167	40151.0304246284
0.15849	99043.4844759991	1681743.65555179	1684657.6313322	86.6295538510054	40158.30255561
0.12589	131558.832465661	2103859.44969897	2107968.76411567	86.421831339735	40166.9047155883
0.1	181288.619201574	2633680.61401944	2639912.71448771	86.0622735413262	40187.8841075353
