Frequency (Hz)	Z' (Ω)	-Z'' (Ω)	Z (Ω)	-Phase (°)	Time (s)
10000	98.8711375529139	50.5251017687739	111.032822848706	27.0679286789406	16805.5281665701
7943.3	98.9642320830323	62.3859483417175	116.986861579751	32.2268740991105	16806.7051885671
6309.6	98.842945123035	77.6770546062718	125.712579374146	38.1625092989799	16807.967209564
5011.9	99.388701072578	95.818250183488	138.055246076054	43.9521430600142	16809.2192355608
3981.1	99.8654649773849	119.76334107401	155.937067307164	50.1767362210136	16810.4662585577
3162.3	102.213122254908	149.192387894598	180.847701027104	55.5845866369037	16811.7082815545
2511.9	103.171303689211	186.967642588832	213.544415239914	61.1094850586869	16812.9503025514
1995.3	103.555106399854	234.27168055633	256.138400815209	66.1531343317257	16814.2123255482
1584.9	105.803508478727	295.003469305663	313.402982290829	70.2695395468228	16815.4343475451
1258.9	107.987813036635	368.14243113723	383.653772779658	73.6519192259612	16816.6863715419
1000	114.11992699653	463.562893832994	477.403303587766	76.1699345336917	16820.614446532
794.33	120.448383472264	581.14691657778	593.497726810257	78.2906749741845	16821.8814675288
630.96	129.852224989977	728.73109459258	740.209840897125	79.8965367422525	16823.1334905257
501.19	143.447327316969	914.236941789782	925.422239546638	81.0827725617874	16825.9145465186
398.11	163.547476624931	1143.46854919927	1155.10523335247	81.8603309342207	16827.9185815136
316.23	193.097425579545	1431.05241918127	1444.0213440978	82.3152740246373	16829.1006035106
251.19	236.228309814577	1787.36864393372	1802.91166829529	82.4711148790041	16830.4226255073
199.53	299.68279927208	2228.99060385146	2249.04621834182	82.342629048132	16831.6846485041
158.49	388.766505618411	2772.11174822587	2799.23970758895	82.016790821164	16835.3327174949
125.89	515.483557087944	3435.93729725483	3474.39036498418	81.4677183169055	16836.5647414918
100	689.249719851359	4237.94417908495	4293.62737569938	80.762424296169	16837.8717654885
79.433	920.04939281688	5199.13683854244	5279.91616894736	79.9647198028734	16839.233790485
63.096	1218.58077477213	6350.32838706916	6466.18973803434	79.1374117425021	16840.6408164815
50.119	1577.48418647123	7716.79963718122	7876.38578276655	78.4466546657558	16842.2328444775
39.811	1987.57178928334	9342.64600213608	9551.72633290884	77.9898430845515	16843.7348734737
31.623	2456.19159167849	11315.4120673524	11578.9216850714	77.7530232282297	16845.3119014697
25.119	2951.69133135605	13696.1789635069	14010.631674411	77.838081818681	16846.8389294658
19.953	3473.27278712244	16624.4990408725	16983.4505390906	78.1992272852742	16848.6659644612
15.849	4020.78548511721	20231.1488949603	20626.8296528425	78.7593724337034	16850.5429974565
12.589	4590.94395562449	24732.9899450867	25155.4677560853	79.4844235928323	16852.4650364516
10	5192.94394042208	30357.1824520093	30798.1361967401	80.2928561602374	16854.682074446
7.9433	5831.69194171032	37380.4763381641	37832.6399048633	81.1328187369434	16856.9391174403
6.3096	6485.34645378684	46146.1605486549	46599.6550631856	82.0000894522174	16859.1961604346
5.0119	7228.56720934203	57176.8306515978	57631.954220393	82.7946208341657	16861.4982024288
3.9811	8044.02545674408	71000.4549916978	71454.677625589	83.5362133627519	16863.8452444229
3.1623	8947.69221801662	88396.2011889926	88847.9013858696	84.2200597369126	16866.2422884168
2.5119	10050.3756685942	110112.623766342	110570.339439598	84.7848580810866	16868.7143344106
1.9953	11215.3047948593	137306.100342429	137763.377763783	85.3303877402859	16871.336385404
1.5849	12545.2622595997	171778.341585278	172235.833214086	85.8230081429353	16876.7424863903
1.2589	14274.0441702001	214668.503010419	215142.544657507	86.1958073311949	16879.5095363833
1	16492.7928084763	268366.199878499	268872.515240681	86.4832365834935	16884.4936303708
0.79433	19201.8731978718	335871.512755804	336419.953354701	86.7279451680955	16887.6306873628
0.63096	22675.7410530092	420406.866024764	421017.959513685	86.9125943703865	16891.0477483542
0.50119	27164.713238035	526647.58219162	527347.700737932	87.0472753274147	16894.8148183447
0.39811	33153.0017204698	659601.554328449	660434.199595678	87.1226115187344	16898.9668963342
0.31623	41351.8110865011	826486.677911084	827520.513972091	87.1356946846201	16903.7089843222
0.25119	51661.4070201764	1034583.58393039	1035872.62398114	87.141338684909	16909.0910843086
0.19953	65940.7785851455	1295899.55420667	1297576.14068442	87.0870639014897	16915.2231972932
0.15849	84364.7330082803	1623397.99522033	1625588.65001603	87.0251295485862	16922.415330275
0.12589	110647.071048054	2033641.64683736	2036649.48434503	86.8857022395376	16930.8724852537
0.1	150994.822079354	2546547.28171337	2551019.8929637	86.6066804697922	16940.9896742281
