Frequency (Hz)	Z' (Ω)	-Z'' (Ω)	Z (Ω)	-Phase (°)	Time (s)
10000	91.2692857425571	50.5655277422564	104.340572721303	28.9875784618497	76852.4369759663
7943.3	92.3253188683088	62.7761799505614	111.645928153785	34.2135646219735	76853.8189979628
6309.6	93.6474738764237	77.7920059280477	121.743359366106	39.7160682807101	76855.2760269591
5011.9	93.2406927629567	96.5069022199023	134.191687384122	45.9861602558456	76856.7330529554
3981.1	94.7261346702625	120.505967134426	153.279903133359	51.8301714636529	76858.1850779517
3162.3	94.0584672861918	150.474206421463	177.452760097996	57.9913070120557	76859.6321059481
2511.9	95.9337515400719	188.183073473352	211.225362649539	62.9879913179107	76861.0591339445
1995.3	96.6426966344324	234.248113807763	253.40084773984	67.580644093276	76862.5211589408
1584.9	98.7142369863489	296.132696250479	312.15232559181	71.5644698850416	76863.8581839374
1258.9	97.4480663315858	367.68735744367	380.3815432637	75.1561834681686	76865.2852099338
1000	106.486411669899	466.060356135683	478.070718023653	77.1298669136331	76869.4532889233
794.33	112.063834204616	584.477070066056	595.12330518107	79.1462018459811	76870.9203139196
630.96	120.277583818981	733.130632352436	742.931505095062	80.6830403051256	76872.3873449159
501.19	132.392250237937	919.39404607079	928.877343826128	81.8057667276757	76873.8693689121
398.11	149.913067514662	1152.86133444882	1162.56749665504	82.5910794996224	76876.8604289046
316.23	176.155614646792	1444.1528887022	1454.85681993745	83.0455019353046	76878.2524519011
251.19	214.303617345523	1805.84657803182	1818.51805154544	83.2322409857963	76879.7444778973
199.53	270.014263636908	2254.46842777226	2270.58045318577	83.1703035868275	76881.2265048936
158.49	349.834988924987	2807.73835522534	2829.44856657258	82.8977355556536	76882.7235348898
125.89	463.299727438854	3486.54340381077	3517.19085977735	82.4307519348423	76884.230562886
100	620.746789122938	4314.36183775361	4358.78935523055	81.8125193353261	76885.7325888822
79.433	830.057911946762	5311.53390769759	5376.00117092683	81.1179641782523	76887.2796168783
63.096	1102.74154552456	6511.83607810295	6604.54752608452	80.3884788794069	76888.8616458743
50.119	1432.4077169704	7946.10367259485	8074.17831381384	79.7812967650544	76890.7136818696
39.811	1820.02833986791	9669.94676687856	9839.73442894611	79.340778640367	76892.3907138654
31.623	2261.17917864041	11763.1774929817	11978.5339674481	79.1190307624868	76894.132743861
25.119	2726.51478484325	14308.5730018006	14566.0270568136	79.2115586797258	76895.9497778564
19.953	3223.73165112829	17413.1045809093	17708.9993196727	79.5114413523446	76897.9468178513
15.849	3735.96205783935	21286.9600081021	21612.313131272	80.0456976154341	76900.7658708442
12.589	4298.15123623755	26098.6675604429	26450.227834181	80.6479886233049	76902.8879068389
10	4880.43812986514	32110.3236275331	32479.0941961803	81.3577748077074	76905.3249508327
7.9433	5505.60999574387	39634.6272448236	40015.1898441248	82.0917017767337	76907.8719978263
6.3096	6168.62887456727	49018.9618211898	49405.5725624085	82.8275053647716	76910.35904582
5.0119	6901.47005418811	60852.3229001754	61242.4321141483	83.5295375054244	76912.8660928137
3.9811	7767.23920608281	75627.9398041245	76025.7540830789	84.1360939618939	76915.4531388071
3.1623	8678.28320592898	94242.7713166979	94641.4948363229	84.7387934417855	76918.1751908003
2.5119	9946.52234470728	117509.60066413	117929.807745952	85.1617694503587	76920.9222397933
1.9953	11126.5631414582	146689.199375924	147110.576169392	85.6623479868346	76925.0963197828
1.5849	13015.1345848884	183527.160119908	183988.076325454	85.9435653328591	76927.8783707758
1.2589	14410.4064453446	229090.674486791	229543.453295303	86.4006868377076	76930.8804247682
1	17299.6041056373	286376.129006994	286898.176305187	86.5430385299827	76936.089522755
0.79433	20654.4963634166	358103.173577992	358698.32888746	86.6989798392526	76939.3515837468
0.63096	24951.1365288577	448282.689914744	448976.53534598	86.8142395226839	76943.0436517375
0.50119	30760.0513373368	561173.596813994	562016.002013671	86.8625409153238	76946.9957237275
0.39811	38591.5954054724	702597.80437064	703656.866620645	86.8560734228945	76951.3678047165
0.31623	49221.4968060298	879310.467047354	880687.034767097	86.7960760070138	76956.2848967041
0.25119	64095.8458950943	1100762.77918626	1102627.3048963	86.6675114596182	76961.9370006898
0.19953	84014.8024966693	1376795.95186185	1379356.9444135	86.5080286439204	76968.2891186738
0.15849	112642.600376194	1723646.03994296	1727322.7916144	86.2609601494819	76975.7912576548
0.12589	149460.444896198	2155219.57947571	2160395.76474868	86.0329960928799	76984.4484166329
0.1	206548.784476363	2693278.55493782	2701187.10474795	85.6145441696254	77005.5278105797
