Frequency (Hz)	Z' (Ω)	-Z'' (Ω)	Z (Ω)	-Phase (°)	Time (s)
10000	97.8352740319636	50.8479575688	110.259945736554	27.462267230853	18320.3872147455
7943.3	98.6542014415257	62.9354918081539	117.019347080726	32.5354448678372	18321.5592367425
6309.6	99.395589240593	77.3724119380083	125.960205182389	37.8982257441662	18322.8262607393
5011.9	99.3551328689361	95.7307331720657	137.970343556379	43.9356537059489	18324.0932837361
3981.1	100.605448299187	119.774049250242	156.420200425903	49.97107383663	18325.3453047329
3162.3	101.668735126181	149.325686408969	180.650746811817	55.7509191011866	18326.5973307298
2511.9	102.969379500623	187.210859515502	213.660008039119	61.1884057724473	18327.8793547266
1995.3	101.620844178611	233.351469157559	254.518573250686	66.4676425448413	18329.1463777234
1584.9	103.81222728666	292.803220853232	310.661720648431	70.4782390854632	18330.3683997203
1258.9	107.061181477016	372.02056253137	387.119355658447	73.9450827554229	18331.5854227172
1000	113.36316235891	464.005836682488	477.6532456243	76.2707797088207	18335.5034947073
794.33	119.524758641009	581.977926435454	594.124965631223	78.3941574764616	18336.7005177043
630.96	128.562976325378	729.803061832433	741.040449598829	80.0092128987434	18337.9725397011
501.19	141.749175256086	915.041339109747	925.9554422139	81.1942952972576	18339.2545626978
398.11	161.066084772054	1147.16884079014	1158.42074953084	82.0077377687495	18342.0656156907
316.23	189.371070646922	1435.02448241326	1447.46560149919	82.4824766357904	18343.2876406876
251.19	231.072440065854	1793.72998342243	1808.55238408696	82.659453093429	18344.5796626844
199.53	291.437041752919	2237.514425464	2256.41449061673	82.5789825911873	18345.8416846812
158.49	378.062747943884	2783.51759480672	2809.07487297535	82.2653067457558	18347.1587096779
125.89	500.457412078741	3451.2292856371	3487.32579541168	81.7491385468524	18348.5207356744
100	667.934912420471	4261.56270969505	4313.5894306127	81.0922313479776	18349.8427586711
79.433	893.256789403357	5237.24293511908	5312.87316367235	80.3208514673274	18351.2147856676
63.096	1176.38264242039	6399.44082009988	6506.66726760701	79.5838431293185	18352.6318096641
50.119	1527.56845210058	7788.03942938206	7936.43645028816	78.9027213315204	18354.3138416598
39.811	1940.20272887716	9448.35583837807	9645.50748679174	78.3957300870377	18355.7958716561
31.623	2403.12894381985	11462.8921942865	11712.0846213839	78.1597466871936	18357.3779006521
25.119	2895.18142700269	13890.2920522745	14188.8085755197	78.2262928561533	18358.9049266482
19.953	3414.47484242712	16868.8217088173	17210.9204952388	78.5571725089366	18360.7469626436
15.849	3966.93444501511	20561.8873752951	20941.0549238897	79.0802822727397	18362.6389986388
12.589	4544.30224760102	25154.951567812	25562.1257194413	79.7598240063052	18364.541032634
10	5157.88616256594	30885.8947458149	31313.6117992726	80.5192015265902	18366.7880726283
7.9433	5816.41562672944	38029.007183527	38471.2370233609	81.3041812951684	18369.0801176225
6.3096	6486.55842417739	47016.7295713754	47462.0722238095	82.1449021312808	18371.3721576167
5.0119	7268.82767515729	58254.8803366633	58706.6175044185	82.8876046051381	18373.7592036107
3.9811	8154.4968502703	72358.295413598	72816.3356263043	83.5701188949496	18376.1712466046
3.1623	9139.11528519701	90054.3344228337	90516.8855879149	84.2052082522849	18378.5532895986
2.5119	10424.1245701869	112064.485371391	112548.261890664	84.6856969880521	18381.1153405921
1.9953	11498.3098751412	139743.888581704	140216.138607225	85.2962244358526	18383.7373865855
1.5849	13090.4232700135	174319.164848611	174809.983739217	85.7054583782374	18389.3134925714
1.2589	15017.5868712894	217772.254125087	218289.446795209	86.0551251876803	18392.0255415646
1	17088.6233455578	271806.036683575	272342.693357981	86.402511825932	18397.024633552
0.79433	19880.0898645603	340045.08779513	340625.717917218	86.6541196620779	18400.1016905442
0.63096	23592.0477291947	425614.03337943	426267.392754317	86.8273064553755	18403.5187525356
0.50119	28162.8071575488	532744.957568336	533488.831674555	86.9739565383876	18407.3358235259
0.39811	34378.6039091398	666811.650822322	667697.286260122	87.0486322083356	18411.4729015155
0.31623	42396.0705652265	835071.471336239	836146.99009148	87.0936235092118	18416.1999885036
0.25119	52946.1517048322	1044405.73534235	1045746.9268405	87.097874731961	18421.5070864902
0.19953	67517.6846407361	1309149.25951345	1310889.17205989	87.0476598039666	18427.6292004747
0.15849	96748.1536987594	1641078.78263267	1643928.15416345	86.6260899256552	18434.7813334567
0.12589	104761.036312503	2067095.93567714	2069748.89347047	87.0987151444003	18443.2534914353
0.1	139390.9177571	2564808.11287486	2568593.09424865	86.8891777779379	18453.4206754096
