Frequency (Hz)	Z' (Ω)	-Z'' (Ω)	Z (Ω)	-Phase (°)	Time (s)
10000	98.9384967732971	50.8365667557436	111.23480868537	27.1950000625094	16308.2229578257
7943.3	98.25675848895	62.6147139798118	116.511771918246	32.5075712775102	16309.3899798227
6309.6	100.226471811234	78.1551548537417	127.096710743986	37.9465909070856	16310.6420018196
5011.9	99.8871598618549	95.8887492189794	138.463341473648	43.8299877598379	16311.8840268165
3981.1	99.8445626767223	120.532819788604	156.515485950426	50.3630096670005	16313.1310508133
3162.3	100.773860125205	149.547578600801	180.332607006878	56.0256174525506	16314.3730728102
2511.9	101.70726417034	187.283321257785	213.118300496138	61.4951051812645	16315.645095807
1995.3	104.269014291369	236.729181673597	258.674955875409	66.2285742680907	16316.9121208038
1584.9	107.120047289156	292.766792794072	311.748455479988	69.9030005131578	16318.1241408007
1258.9	108.864172088221	371.241939653329	386.87463825123	73.6565839998819	16319.3561627976
1000	114.177394892334	463.39594474224	477.254941418057	76.1584442997511	16323.2792367877
794.33	120.621425407267	581.136091627373	593.522270230207	78.27410588947	16324.5712617844
630.96	130.001036896722	728.656847008654	740.162867406098	79.8841876365743	16325.8082837813
501.19	143.67945696214	913.192134713468	924.426125363988	81.0585212874145	16327.0753057781
398.11	163.893065880044	1144.92160324481	1156.59258800159	81.8535751461911	16329.891360771
316.23	193.523827006733	1431.46790978918	1444.49016901312	82.3007164886251	16331.063381768
251.19	236.973040423125	1788.28577081801	1803.91857354968	82.4514815248175	16332.3604037648
199.53	299.91048776796	2229.76621537622	2249.84525599127	82.3395142665633	16333.6424307615
158.49	390.131518062026	2771.52066235579	2798.84429421332	81.9874376263352	16334.9394517582
125.89	516.958935260284	3432.96428461201	3471.66967325048	81.4363586791557	16336.2764777549
100	691.943319371263	4234.89882482235	4291.05506999202	80.7203972488205	16337.5835037516
79.433	923.550020711003	5195.3944167457	5276.84259631721	79.9202107732814	16338.9655307481
63.096	1216.14081180848	6344.87760755672	6460.37694945279	79.1495533155168	16340.3825537445
50.119	1575.05147608212	7706.20072428522	7865.51439864441	78.4485534827136	16342.0545837403
39.811	1993.73277044009	9332.95021886491	9543.52818132462	77.9415518898313	16343.5416107365
31.623	2459.13613356418	11301.0896495193	11565.551339641	77.7237168809544	16345.1136397326
25.119	2950.3216101769	13678.6321636752	13993.1903250333	77.8284281266268	16346.6506677287
19.953	3479.01424160783	16589.5456369871	16950.4148779606	78.1560675409674	16348.4777057241
15.849	4019.22809225518	20201.3001843172	20597.2503891774	78.7474363854781	16350.3597367193
12.589	4603.13159101367	24695.0325934739	25120.3792813112	79.4412921231557	16352.2817747145
10	5193.01604241235	30300.4510594494	30742.2307261988	80.2748958159401	16354.5188167088
7.9433	5824.73898777099	37324.7771459201	37776.534691105	81.1302162756139	16356.7608577031
6.3096	6502.01719035333	46074.5249661461	46531.044243598	81.9674857225236	16359.1128986972
5.0119	7228.12215474226	57094.7342000626	57550.4511125645	82.7848089261578	16361.4999446912
3.9811	8014.76395428703	70864.7055967705	71316.4983756206	83.5472950619039	16363.946987685
3.1623	8882.33221903406	88195.5670770873	88641.7163512659	84.249031718554	16366.4540366787
2.5119	10049.848340126	109843.594700283	110302.378706624	84.7724286154045	16369.0410846721
1.9953	11149.4992189715	137165.370070301	137617.768036531	85.3529243526238	16371.6681316655
1.5849	12544.9257755256	171305.68557161	171764.411540554	85.8116361475705	16375.7622096552
1.2589	14174.7501321073	213988.899781357	214457.857797151	86.2102304515792	16378.4392566484
1	16292.431198602	267488.148353786	267983.866723537	86.5144783756438	16383.4833536357
0.79433	18940.7875843862	334972.312088778	335507.381886626	86.7636942561043	16386.6104106278
0.63096	22400.8280004875	419295.43798434	419893.392910137	86.9418844878077	16390.0324726191
0.50119	26904.2414922343	525183.219165472	525871.896856336	87.0673984248283	16393.7595406097
0.39811	32939.4025746249	657722.053922386	658546.357106207	87.1329632883788	16397.9666185991
0.31623	40482.7038571072	824006.261163	825000.101665089	87.1873701434113	16402.7137075871
0.25119	50670.6710065135	1032944.81141637	1034186.87882425	87.1916309573761	16408.1258085735
0.19953	65520.8287083765	1293812.08924429	1295470.06961539	87.1009215997736	16414.3479215578
0.15849	83855.7386695556	1620338.41215226	1622506.81194376	87.03747227191	16421.5950555395
0.12589	109843.791157886	2029218.69559544	2032189.5022389	86.9015417912523	16430.0572145181
0.1	146617.844315813	2545455.04960418	2549674.13640003	86.7034138729367	16440.2494044924
