Frequency (Hz)	Z' (Ω)	-Z'' (Ω)	Z (Ω)	-Phase (°)	Time (s)
10000	94.583663082452	50.9537374274989	107.435341856976	28.3120593250754	56210.0647680832
7943.3	94.6480109345985	63.1225277688127	113.765985627517	33.7000633264648	56211.3767900799
6309.6	95.2689738710821	77.8997362531525	123.063180077388	39.2722525529072	56212.8188160763
5011.9	95.16254769815	96.5073668919115	135.534432336631	45.401999446866	56214.2008440728
3981.1	95.8347036641196	119.824327858299	153.434546217867	51.34741119461	56215.5828670693
3162.3	96.63300371921	150.24487489917	178.637789510686	57.2520898292931	56216.9598920658
2511.9	97.3920392469946	188.25627460716	211.956680096794	62.6457773966102	56218.456921062
1995.3	100.484739795278	233.47107472398	254.176957383031	66.7132067115042	56219.7889450587
1584.9	100.477184186779	295.598770274106	312.208740315942	71.2265533633064	56221.1409700553
1258.9	104.939773967908	373.460891451719	387.924468942535	74.3050261004284	56222.4879980519
1000	108.946221084332	465.539345566846	478.117309202839	76.8285896003047	56226.6310760414
794.33	114.664866895262	583.995815844496	595.146322028446	78.8915502481967	56228.0280980379
630.96	123.113026479903	732.238534180107	742.516052504774	80.4559863376268	56229.3901240344
501.19	135.393979580798	918.114377806775	928.043932388035	81.6110765050335	56230.7921490309
398.11	153.726065510217	1151.57173653074	1161.78705776647	82.3964026213873	56233.7832060233
316.23	180.360708548347	1441.13226359069	1452.37467147774	82.8664040029183	56235.0802280201
251.19	219.713127252256	1802.13128443806	1815.47542661347	83.0488902504304	56236.4872570165
199.53	277.097326109385	2251.06481081548	2268.05549108233	82.9824152183293	56237.869280013
158.49	358.834339037927	2802.2343581322	2825.1158349295	82.7028195511265	56239.3663080093
125.89	475.32924519233	3476.63173243715	3508.97507747263	82.2147223364853	56240.8533370055
100	634.950719017465	4298.28813213957	4344.93305845702	81.5969376135047	56242.2953630019
79.433	849.902283053544	5289.19874261865	5357.04743582305	80.8713812593642	56243.802392998
63.096	1122.18901634858	6480.28834177919	6576.73514602897	80.1755432278324	56245.3644179941
50.119	1467.25185585638	7898.98235135794	8034.0992149449	79.4771262701691	56247.1264509897
39.811	1858.83782192807	9608.46639885646	9786.61864926717	79.0509112549559	56248.7634819855
31.623	2301.107316351	11668.1608146431	11892.9000532981	78.8437180234875	56250.4855129812
25.119	2783.08039866832	14179.4668238285	14450.010931259	78.8954102296825	56252.137544977
19.953	3286.33893414552	17255.0197853095	17565.18520772	79.2167643564996	56254.0995799721
15.849	3823.69728236516	21075.7003430442	21419.7527029833	79.7168608843636	56256.1266179669
12.589	4378.52265587872	25818.548920057	26187.1901697265	80.3748848609699	56258.1586579618
10	4963.23975245749	31732.6389739841	32118.4390201888	81.110502039004	56260.5207019558
7.9433	5598.62294379034	39176.9749645183	39574.9914243481	81.867156980507	56262.9077459498
6.3096	6254.79163217598	48431.4316596171	48833.6563341524	82.6411337740817	56265.4147899435
5.0119	6998.58081406892	60072.8325978849	60479.1315227373	83.3549060367877	56267.9268369371
3.9811	7839.80160657704	74650.0362441429	75060.5782050894	84.0047320318996	56270.4088819309
3.1623	8777.54349554631	92979.6585249777	93393.0520394192	84.6070983279369	56273.0509309242
2.5119	10011.7758753305	115807.56992683	116239.532468672	85.0589604474206	56275.7379819174
1.9953	11182.6373323905	144595.4401767	145027.213644892	85.5776953082486	56282.1811059012
1.5849	12895.8830961226	180697.627477904	181157.214531943	85.9178819064949	56284.9381538942
1.2589	14738.8155862135	225871.82763083	226352.192837127	86.2665711109208	56287.8302068869
1	17153.4495538664	282101.712884602	282622.747216185	86.520362623437	56293.0143038738
0.79433	20325.0674129212	353092.381718905	353676.884165856	86.7055168663549	56296.2013598658
0.63096	24534.3955186855	441775.420047615	442456.165424004	86.8212926006423	56299.7334288568
0.50119	30029.2001719313	553368.961127329	554183.146624024	86.8938255776829	56303.625499847
0.39811	37494.8434976801	692592.819504682	693607.004663564	86.901207806957	56307.9125788362
0.31623	47585.4124559441	867243.664018315	868548.181886598	86.8593462361117	56312.7146688241
0.25119	61763.5934236524	1085508.16715799	1087263.86973876	86.7434774916613	56318.2217698102
0.19953	79690.9054712552	1359126.73704439	1361461.02689859	86.6443667763908	56324.6438877939
0.15849	106030.550596518	1700239.01368671	1703541.95173531	86.4315335126255	56332.0310247753
0.12589	143989.037056782	2127250.8382378	2132118.42344087	86.1276784923683	56340.6881857534
0.1	194003.221696404	2659401.25488886	2666468.12929257	85.8276658609415	56361.7225757003
