Frequency (Hz)	Z' (Ω)	-Z'' (Ω)	Z (Ω)	-Phase (°)	Time (s)
10000	91.6291465116084	51.401943012891	105.062173192573	29.2914699841108	79550.3589281546
7943.3	92.5309627395262	62.6471896337565	111.743677380474	34.0995830861831	79551.800953151
6309.6	92.976184530981	77.3376939777243	120.936718161736	39.753721759733	79553.2779821473
5011.9	93.2541925838687	96.9509771503531	134.52076570135	46.1134475965599	79554.7200091436
3981.1	93.7652942159684	120.201970879586	152.448168905841	52.0434703668645	79556.14703314
3162.3	95.5116205408026	149.632444335835	177.517148625836	57.4495748946781	79557.5890621364
2511.9	96.8040843958332	187.722687395505	211.212779250466	62.7209283384703	79559.0460861327
1995.3	98.0771861515014	235.202132512069	254.831665186298	67.3643000528232	79560.4931171291
1584.9	98.2574536308617	296.200712509751	312.072730762086	71.6479793493429	79561.9051401255
1258.9	104.097026706042	369.265849118014	383.657996520191	74.2567143238562	79563.3471661219
1000	106.385556393617	465.935636136097	477.9266718135	77.1383236722396	79567.5652481112
794.33	112.011062653972	584.623934830948	595.257610899762	79.1538523514633	79568.9872701076
630.96	120.245751723794	733.515961782167	743.306603627896	80.6902702719033	79570.429298104
501.19	132.232744562707	919.902368597804	929.357770982971	81.8199666700419	79571.9213251002
398.11	149.864917208933	1153.56511931729	1163.25920495629	82.5979013181091	79575.0373840923
316.23	175.993361699478	1445.07133532753	1455.74888890481	83.0562178458664	79576.4094110889
251.19	213.869353001565	1806.32839142246	1818.94539714973	83.2476132774399	79577.9114360851
199.53	269.697651234937	2256.54039728894	2272.60013809701	83.1844412541582	79579.3634640814
158.49	349.268480816378	2809.91109904234	2831.53471746562	82.9145467161639	79580.8954930776
125.89	462.585088534981	3488.61863916064	3519.15401391215	82.4467362673764	79582.4225210737
100	619.01203817506	4317.06996750142	4361.22333843479	81.8401441996748	79583.8645470701
79.433	828.65691617334	5317.23807977418	5381.42110243405	81.1420787273715	79585.456579066
63.096	1099.85090633191	6522.07744517478	6614.16406033421	80.427980563842	79587.058606062
50.119	1430.35801099842	7950.59872006706	8078.23891991065	79.8012599129576	79588.9606410572
39.811	1819.27825731936	9690.69878307354	9859.99068365777	79.36736706012	79591.5846940506
31.623	2257.29025960587	11775.8182702934	11990.2149793524	79.1486825534768	79593.2517200464
25.119	2724.28179912565	14321.4819776296	14578.2906184716	79.2296764111843	79594.963754042
19.953	3227.59388838723	17443.6386237463	17739.7263435547	79.5171280229337	79597.0107920369
15.849	3745.90761729652	21313.5619283278	21640.2344245616	80.0319368232371	79599.1228320315
12.589	4318.54160848468	26131.7170638317	26486.1555973751	80.6160834467035	79601.2348680262
10	4883.93702312367	32159.3767396495	32528.1163476853	81.3646650543181	79603.69191302
7.9433	5512.9372478728	39687.5766647284	40068.6438330233	82.0917412977464	79606.1289590138
6.3096	6177.83656128766	49137.9401125234	49524.7697933057	82.8341224729286	79608.5910040076
5.0119	6912.75066568285	60918.543427334	61309.5021597295	83.5260364642789	79611.1130520013
3.9811	7757.23205152935	75762.2850783576	76158.3776704546	84.1539092185219	79613.7350989946
3.1623	8697.80150026994	94262.0984177084	94662.5319175853	84.7281021641516	79616.4321519878
2.5119	9884.85778370422	117595.839313699	118010.558160265	85.1951332184485	79619.149201981
1.9953	11157.3117606943	146858.354936983	147281.573934156	85.6553974736316	79623.2382789706
1.5849	12698.2053277224	183530.403828343	183969.164666092	86.042094749839	79625.9853259637
1.2589	14685.870608626	229501.198818957	229970.596065827	86.3386129426339	79629.0873839559
1	17234.2679376862	286640.117892527	287157.756602168	86.5592272648936	79634.3114829427
0.79433	20563.8046775516	358583.170234936	359172.326381854	86.7178321589227	79637.6485449343
0.63096	24964.4574050712	448880.23588944	449573.898603654	86.8167766075396	79641.325610925
0.50119	30749.9470514639	561933.401303485	562774.11698138	86.867801870678	79645.2376829151
0.39811	38240.3330321909	703276.945284559	704315.827480253	86.887635484291	79649.6097649041
0.31623	48962.1006331034	880258.791704598	881619.434717523	86.8163521622528	79654.6018578915
0.25119	63835.4645045147	1101633.17552376	1103481.13710343	86.6836354128825	79660.2189598773
0.19953	84231.8552551183	1380227.79416466	1382795.63537942	86.5077128779683	79666.676079861
0.15849	112503.013951311	1726375.89033072	1730037.75764095	86.2714688597295	79674.1332198421
0.12589	152828.702821563	2159726.68276835	2165127.23798572	85.952326828836	79682.8203788202
0.1	205171.898462511	2700907.24755162	2708688.88353676	85.6559226505465	79703.9747717668
