Frequency (Hz)	Z' (Ω)	-Z'' (Ω)	Z (Ω)	-Phase (°)	Time (s)
10000	99.2239231853271	51.4235064289346	111.757612473309	27.3957714595874	9018.65598723008
7943.3	99.9686180259878	62.4433387389902	117.868126068493	31.9901117512663	9019.86301022703
6309.6	100.364553942801	77.1320848094582	126.579627883759	37.5429687272885	9021.09003222394
5011.9	101.277485375694	96.7117856696712	140.03677563926	43.6789740334533	9022.31205422085
3981.1	102.096841946394	119.341128939362	157.054354259754	49.4528715881305	9023.51907821781
3162.3	101.991697008504	149.706494514727	181.147290232459	55.7342680411091	9024.74110021472
2511.9	106.256445335487	186.867916115042	214.965230324608	60.3766640100523	9025.95812321165
1995.3	105.352082541071	235.266115167814	257.777435478545	65.8771818209838	9027.20014620851
1584.9	108.793714663006	292.135444307963	311.735769797414	69.5742429405039	9028.28216320578
1258.9	112.091620877817	368.981693600507	385.631976997907	73.101931820844	9029.46918720278
1000	115.618508148017	462.887630578323	477.108580900393	75.975802989857	9033.36226019295
794.33	122.205466578966	580.557757635246	593.280276102491	78.1129692303107	9034.58928018986
630.96	131.861824515734	727.921767226583	739.768639485948	79.7323085232948	9035.79630518681
501.19	145.980036946674	912.075310687536	923.683681545104	80.9067838320849	9037.03832818367
398.11	166.514922822051	1143.23596522337	1155.29896204517	81.7130129624966	9039.78437917674
316.23	196.791087393141	1429.85677698706	1443.33542005079	82.1636173411474	9040.92139817387
251.19	241.055823230151	1785.42902273138	1801.62834822409	82.3108303436233	9042.17842317069
199.53	305.356034885765	2225.94028277484	2246.78713956638	82.1888796268041	9043.31544516782
158.49	397.292780727719	2765.89428916246	2794.28215691255	81.8259507304525	9044.56746716466
125.89	526.213242010543	3424.54587783925	3464.73878459734	81.2642977457643	9045.8594911614
100	703.320451343169	4221.68638942289	4279.87098262506	80.5415593959079	9047.13151415819
79.433	938.135921248493	5175.40788282845	5259.7476898022	79.725669927848	9048.45353915485
63.096	1239.95889392782	6315.97724338898	6436.54150904336	78.8928946495921	9049.8205621514
50.119	1601.61484050809	7665.24980520216	7830.78697663827	78.1981326585658	9051.37759314747
39.811	2020.83450290051	9279.0254691219	9496.53019500944	77.7136774104746	9052.81962014383
31.623	2487.25588813858	11228.481207397	11500.6622451904	77.5099148143099	9054.36664913992
25.119	2989.52498862423	13579.0036136162	13904.1935687119	77.5839521377026	9055.83367413622
19.953	3521.27121975972	16464.1632368333	16836.5086075529	77.9277495219738	9057.65070713163
15.849	4083.51131514092	20035.7407330962	20447.6397509525	78.4802471366451	9059.48774112699
12.589	4647.01081716418	24470.3740752357	24907.7079820045	79.2473668420672	9061.34977912229
10	5255.35824945799	30000.2279382775	30457.0593898812	80.0638993696339	9063.53681611677
7.9433	5866.62377104572	36940.2617936609	37403.2113040472	80.9760024737291	9065.75386011117
6.3096	6537.51621568445	45612.3069215875	46078.4294543492	81.8434663780753	9068.0809021053
5.0119	7301.96236165635	56461.8144059726	56932.0220995666	82.6310849197592	9070.42294409938
3.9811	8092.42276474927	70079.1196840698	70544.8107368473	83.4129153971193	9072.80498909337
3.1623	8956.23994737826	87168.0734532084	87626.9779436616	84.1336282139736	9075.25703408718
2.5119	10132.3365269316	108571.967803821	109043.736345968	84.6683889423746	9077.7840810808
1.9953	11213.8560093023	135486.995502328	135950.272220564	85.2685829251414	9080.37612907426
1.5849	12633.5235398139	169220.168777363	169691.105948633	85.7303717158842	9085.77223006063
1.2589	14324.2860389615	211508.437217768	211992.934280434	86.1255928377567	9088.49428105376
1	16262.735614025	264330.554076015	264830.357753383	86.4793585639519	9093.39837104138
0.79433	18849.2438889445	330775.662373561	331312.288956888	86.7385285172979	9096.43042703372
0.63096	22154.1454787832	414096.108793467	414688.308829398	86.9375948537765	9099.81249002518
0.50119	26527.616601171	518553.491911324	519231.584570861	87.0714754039776	9103.5695590157
0.39811	32253.3973110788	649231.943363693	650032.612967922	87.1559232235028	9107.73663500518
0.31623	39417.596643912	813906.118700882	814860.059754996	87.227323115428	9112.4387239933
0.25119	49355.3581081725	1019369.63093732	1020563.76373614	87.2280446714912	9117.80082397977
0.19953	62752.2680888107	1278752.21810069	1280291.01474928	87.1905752403994	9123.99293696413
0.15849	80620.9218910163	1599684.56178499	1601714.84049433	87.1148476823294	9131.11506994615
0.12589	104923.738151026	2004454.20087538	2007198.45412319	87.0035705281397	9139.53722492489
0.1	142833.206588666	2516787.59494058	2520837.3852653	86.7518233262483	9149.64941389936
