Frequency (Hz)	Z' (Ω)	-Z'' (Ω)	Z (Ω)	-Phase (°)	Time (s)
10000	99.8828728073138	51.6007980462199	112.424332949984	27.3214676340633	6665.46641617132
7943.3	99.5075806205137	63.1243351172016	117.84074119309	32.3896975786699	6666.57843716851
6309.6	101.034039221545	77.8987023296619	127.577760232989	37.632741834452	6667.78045716547
5011.9	101.453491897145	96.6955649278473	140.152928242116	43.6244862106858	6668.98248116244
3981.1	102.357516178066	119.385480018712	157.257603814383	49.3912073677427	6670.1845021594
3162.3	102.994617494868	149.915324642902	181.885941720906	55.510210501381	6671.38152415638
2511.9	104.756425101103	186.779949378325	214.15101701774	60.7139045332122	6672.59854715331
1995.3	104.897721592695	235.156652774013	257.492103450216	65.9595001992947	6673.79556815029
1584.9	107.00268039627	293.276308196099	312.186749496387	69.9553609430627	6674.96259214734
1258.9	113.907688418815	368.456303853559	385.661781008105	72.8210880530235	6676.13461214438
1000	116.032207894861	462.681347418861	477.008912409705	75.9215882860011	6679.99268513464
794.33	122.761705791897	580.47413112468	593.313284289075	78.0587420882622	6681.2347101315
630.96	132.369878038345	727.275684294448	739.223718219217	79.6846348744862	6682.43673112847
501.19	146.70094706311	911.736592414243	923.463470753635	80.8592961539154	6683.68375412532
398.11	167.307686466218	1141.94437349307	1154.13552674856	81.6648263592216	6686.44980611834
316.23	197.915729019164	1428.12166533667	1441.77048339782	82.1099401931621	6687.57682411549
251.19	242.561714704125	1783.77174451231	1800.18827403155	82.256274760439	6688.81884711236
199.53	307.205294203425	2223.02064315164	2244.14702563468	82.1319730386612	6690.02587110931
158.49	399.966372004718	2762.12216402816	2790.93030148555	81.7606111075761	6691.26289510619
125.89	529.836149795012	3419.01730317397	3459.82740393688	81.1910922254272	6692.55991810291
100	708.76658477777	4214.76477399676	4273.94339829408	80.4542935759235	6693.81694109974
79.433	944.502042672307	5167.22920400572	5252.84130307987	79.6414328328519	6695.13396409641
63.096	1247.84261167727	6303.073653141	6425.40649768073	78.8017457719444	6696.51099209294
50.119	1612.27693309049	7649.72723438571	7817.78508718922	78.0983752364871	6698.08301908897
39.811	2032.06601423832	9253.26818445993	9473.76716938731	77.614158145508	6699.5750480852
31.623	2501.51695016696	11191.3380768664	11467.5034337337	77.400212054079	6701.10707708133
25.119	3008.41266597665	13534.1083795156	13864.4378319961	77.4678317280528	6702.56410107765
19.953	3536.65081714433	16401.3259581154	16778.3012306597	77.8315129630848	6704.33113607319
15.849	4090.14238522449	19963.5122733704	20378.2012704856	78.4214225813338	6706.17816806853
12.589	4653.80540259705	24357.858303739	24798.450876421	79.1834427842519	6708.04520506381
10	5272.51212386627	29876.1330711868	30337.8099305731	79.9915490105033	6710.22224305832
7.9433	5933.54177582256	36754.2246702183	37230.0946696932	80.8293862527713	6712.41928405277
6.3096	6566.57981735277	45407.9910757955	45880.3402781321	81.77133824404	6714.73632804692
5.0119	7310.7304097689	56240.1739539542	56713.3489180047	82.5935809812332	6717.05837104106
3.9811	8096.89006407165	69795.0479900732	70263.1365130129	83.3827238498798	6719.39041503517
3.1623	8975.46005792365	86826.4268584997	87289.1017496788	84.0981576893165	6721.75246002921
2.5119	10131.4041060471	108205.585810457	108678.857878357	84.6509302037602	6724.25450302289
1.9953	11156.8527836812	134843.224514023	135303.993146455	85.2701529172281	6726.79655301647
1.5849	12562.3343372555	168572.869613768	169040.304702226	85.7380997624857	6732.12765100301
1.2589	14105.7097857713	210675.84074824	211147.533548318	86.1695029700956	6734.76969999634
1	16173.7781028238	263193.044694335	263689.533113459	86.4834733567432	6739.72379098383
0.79433	18770.5952801846	329589.117841327	330123.191924767	86.7404403581953	6742.76084597617
0.63096	21991.8411949332	412479.357249053	413065.202160307	86.9480950829131	6746.19791096749
0.50119	26191.979148413	516639.9527566	517303.451134876	87.0977734865256	6749.8749799582
0.39811	31761.1065701839	647456.122309943	648234.67834357	87.1915938591696	6753.96205394788
0.31623	39247.5724033315	811574.879719744	812523.327253853	87.2313464055969	6758.66413993601
0.25119	48818.3802221872	1016357.63284062	1017529.39617532	87.2500437415348	6764.03124192246
0.19953	61792.7991660126	1273569.90064238	1275068.09302524	87.2222237078879	6770.20835590687
0.15849	77787.5695613072	1596364.03735693	1598258.12863404	87.2102998825345	6777.4054868887
0.12589	103511.335898986	1999110.2841429	2001788.33167383	87.0359459188606	6785.84764686738
0.1	136703.260767003	2506006.30060527	2509732.1291679	86.8775958087113	6795.96983084183
