Frequency (Hz)	Z' (Ω)	-Z'' (Ω)	Z (Ω)	-Phase (°)	Time (s)
10000	92.9265654487907	50.9344663882323	105.970120469698	28.727818742541	67616.1319602857
7943.3	93.5459981955017	63.4383172579149	113.027757099346	34.1431994574383	67617.4939812822
6309.6	94.4411007990413	77.7523568300849	122.329679607066	39.4642644561978	67618.9360082786
5011.9	94.669248217434	96.3012358867605	135.041455084621	45.4896239854057	67620.358036275
3981.1	95.2001233548374	120.893445680311	153.877511986757	51.780581593006	67621.7850622714
3162.3	95.7846549280217	149.640783656048	177.671225168501	57.3768039753347	67623.2270892678
2511.9	96.0217915653826	188.724377285662	211.747668316057	63.033290530821	67624.6391132642
1995.3	98.1714823525986	236.866279763022	256.404513291168	67.487972953627	67626.0411392607
1584.9	101.292096367335	296.392727658694	313.223143773652	71.1321574936153	67627.4081672572
1258.9	105.292762177731	370.133650035903	384.818768585832	74.1204168191138	67628.8101912537
1000	107.585202490923	465.5956785315	477.863904958536	76.9890217433143	67632.9982702431
794.33	113.347161227839	584.035730442103	594.933032694815	79.0168166502085	67634.4502952394
630.96	121.761487624522	732.822691672824	742.86940797097	80.5662548898905	67635.9123232357
501.19	133.785474641283	919.420063792842	929.102689119899	81.7209553684437	67638.9033792282
398.11	151.810636042382	1151.47462545789	1161.43888443989	82.4894293611159	67641.0974202226
316.23	178.351993232525	1441.54347115156	1452.53468554445	82.9470395157453	67642.4344432193
251.19	217.102674293214	1802.87327218948	1815.8980166189	83.1334840051257	67643.9164732155
199.53	273.33162733235	2252.42640861687	2268.95017678548	83.080995479398	67647.694542206
158.49	354.642831153332	2803.78284151663	2826.12274327771	82.7910958853107	67649.1065662024
125.89	470.095880703009	3481.71839823396	3513.31085183972	82.310519553708	67650.6335951986
100	627.882257165987	4303.73923072227	4349.29965568272	81.6995489303192	67652.1056211948
79.433	840.347164861455	5299.78699556886	5365.99716323924	80.9900511441445	67653.637653191
63.096	1111.66374694145	6496.83486733336	6591.25629752496	80.2902369224372	67655.2496821869
50.119	1445.91373670664	7920.70956372478	8051.60273031887	79.6546529985183	67657.0967161822
39.811	1841.86673482022	9640.67169468137	9815.0406924	79.1838855891096	67658.783747178
31.623	2279.15382181078	11716.8571382141	11936.4686294059	78.9923313875319	67660.5457791735
25.119	2756.82421768598	14236.8535364741	14501.312988355	79.0408783363958	67662.2378131693
19.953	3257.45525356327	17331.9736792646	17635.428158899	79.3557241205461	67664.2298491642
15.849	3786.63514620139	21185.8169480797	21521.5576919513	79.8662773096669	67666.3318881589
12.589	4344.12703492934	25947.3058274744	26308.4419797161	80.495624180351	67668.4889281535
10	4923.86502596128	31919.2394295195	32296.784554393	81.2306702616402	67670.8809731474
7.9433	5550.24614385521	39349.0750515054	39738.5825070093	81.9713096564125	67673.3030171413
6.3096	6168.97005907872	48719.1424044272	49108.1564326403	82.7834345467307	67675.7700621351
5.0119	6966.17113918566	60415.5842257822	60815.8725801332	83.4226018142199	67678.3871111285
3.9811	7758.41993000068	75144.4331569767	75543.88733904	84.1052823693843	67680.944156122
3.1623	8725.95253962691	93492.6026814371	93898.929726983	84.6678555236261	67683.5962051153
2.5119	9966.08212357406	116594.288617686	117019.446807606	85.1144274922116	67686.3232561085
1.9953	11133.1869238116	145632.281583729	146057.212387349	85.6283983350509	67690.472335098
1.5849	12749.3793386963	182142.702711978	182588.364428695	85.9960179619386	67693.249385091
1.2589	14848.2346723094	227426.697887531	227910.888254402	86.2645744677632	67696.1964390835
1	17154.8953362907	284175.790158315	284693.115733595	86.5454068431349	67701.3405360706
0.79433	20338.5118375034	355638.090123576	356219.18282219	86.7268889248118	67704.6475960622
0.63096	24535.8778170755	445122.294026818	445798.010246739	86.8449546128034	67708.294662053
0.50119	30153.2075771134	557176.47111406	557991.788371752	86.9022958373911	67712.2317370431
0.39811	37727.3068164106	697549.788140766	698569.292636634	86.904147295405	67716.5538150321
0.31623	47987.3579365533	873536.576662984	874853.666214994	86.8556413582207	67721.37590502
0.25119	62300.4522374173	1092697.92343997	1094472.52054997	86.736799320707	67726.9430080059
0.19953	81523.2040848501	1367567.27692039	1369994.99623455	86.5885302044105	67733.3501299897
0.15849	108230.013171591	1713498.01008395	1716912.68453372	86.3858166311092	67740.7122629711
0.12589	145023.103133138	2143096.74027663	2147997.9838507	86.1287033371553	67749.4594269491
0.1	200306.961311442	2674734.02174461	2682223.88435938	85.7171964332105	67770.6238198956
