Frequency (Hz)	Z' (Ω)	-Z'' (Ω)	Z (Ω)	-Phase (°)	Time (s)
10000	99.3335892192315	50.434883608667	111.403947110481	26.9183818537204	8544.90521542619
7943.3	100.234547200959	62.8442595666079	118.306235731919	32.0865625525057	8546.03723442333
6309.6	100.27740042007	77.8347553000741	126.940167668195	37.8184137029782	8547.25425842026
5011.9	100.424511867534	95.7063900132362	138.725612895378	43.6219594184696	8548.4662814172
3981.1	102.325122658483	120.876113105189	158.371289842863	49.7511212168014	8549.66830241416
3162.3	103.879917468402	150.051886830761	182.500975325376	55.3054035111383	8550.90532541104
2511.9	104.929452243527	187.222217779384	214.621408015039	60.7313725544645	8552.11734740798
1995.3	107.272765991503	236.430494066984	259.628243548782	65.5953500146588	8553.34937040487
1584.9	106.760151448896	295.886673321097	314.557869693983	70.1598298314536	8554.5663944018
1258.9	107.192021663768	370.119895299253	385.329555581577	73.8482266827675	8555.77341539875
1000	115.682358517665	462.950174540021	477.184735903031	75.9701847943989	8559.54148838924
794.33	122.218453839732	580.240924082048	592.972917120642	78.1054353139756	8560.77350938612
630.96	131.849313997903	727.630767494986	739.480071000606	79.7292433861068	8561.98553038306
501.19	145.952223480179	911.956905427444	923.562368709124	80.9073267259632	8563.20755437998
398.11	166.501126358287	1142.82491804052	1154.89021918661	81.7107510563487	8565.98860637296
316.23	196.779247055048	1429.69451963228	1443.173063613	82.1632047197327	8567.12562537009
251.19	241.015603924737	1785.61492633879	1801.80720014631	82.3128887403374	8568.36764736695
199.53	304.968329316384	2224.80527733669	2245.60998482622	82.1947442043054	8569.60967036382
158.49	396.716279741651	2764.42513411598	2792.74598356962	81.8333725479808	8570.86169636065
125.89	526.012750288607	3423.52967079379	3463.70391636924	81.2650227331477	8572.1487173574
100	702.985688094715	4220.95314301094	4279.09269742546	80.5443674334178	8573.40574335423
79.433	937.415364086336	5176.65944162472	5260.85074293003	79.7358228498093	8574.72776835089
63.096	1235.22030663435	6320.90274053371	6440.46432031173	78.9427018585587	8576.09979334743
50.119	1600.96775359379	7672.13096121166	7837.39058832911	78.2130520426747	8577.64182134354
39.811	2018.8115984385	9280.56353345109	9497.60284326587	77.727575858042	8579.12884933978
31.623	2486.59544533308	11221.987608031	11494.179517632	77.5061285732158	8580.65587633593
25.119	2988.92537525147	13577.9002335069	13902.9870765202	77.5853877404013	8582.13790633218
19.953	3518.38704025184	16466.2567938118	16837.9529683618	77.9388366224759	8583.92493932767
15.849	4080.91661124106	20041.4837744467	20452.7492594349	78.4905823943979	8585.76197132303
12.589	4657.16881306507	24474.9295470667	24914.0803098823	79.2263708845519	8587.6390043183
10	5255.14469938177	30017.483764568	30474.0197113467	80.0698929842322	8589.82604531277
7.9433	5868.40894692612	36942.1272288618	37405.3336806635	80.9737500439982	8592.0330863072
6.3096	6572.47089342208	45610.8511058003	46081.960811584	81.8001884786551	8594.24512730162
5.0119	7283.21536977953	56499.6339267283	56967.1296448829	82.6546629625878	8596.59717329568
3.9811	8094.69239471587	70149.1086599915	70614.5982836153	83.4176003578925	8598.97421728968
3.1623	8961.06891315396	87252.3191932173	87711.2761317573	84.1361150482387	8601.4212622835
2.5119	10056.4028708603	108592.122971436	109056.776085416	84.7090939788233	8603.98330927703
1.9953	11122.2373490251	135483.727412732	135939.488587002	85.3069531563561	8606.53535727059
1.5849	12588.0962552715	169252.411616229	169719.883941869	85.7464753437295	8610.6894362601
1.2589	14167.7938737859	211654.823037678	212128.476396642	86.1704363016247	8613.3414832534
1	16272.8589364273	264307.901130907	264808.369464015	86.4768713626827	8618.30557624087
0.79433	18838.4306961586	330739.440922872	331275.511097739	86.7400392700305	8621.32763123324
0.63096	22119.7336133072	414236.325331107	414826.488834721	86.9433756669772	8624.7496942246
0.50119	26553.211364494	518590.03916965	519269.392280872	87.0688610118286	8628.45176021525
0.39811	32106.9495856883	649774.625210603	650567.382966037	87.171176518916	8632.56883920486
0.31623	39614.5696959642	814016.359461015	814979.722203173	87.2138663757565	8637.25592619303
0.25119	48927.4939939392	1019336.64055539	1020510.20888929	87.2519490990678	8642.51802117974
0.19953	63025.483436014	1276886.10680506	1278440.58966936	87.1742460729705	8648.6351361643
0.15849	80286.5849066543	1600059.4330334	1602072.44684975	87.1274644153366	8655.86227014605
0.12589	104961.559692317	2004784.88163066	2007530.65994716	87.0029859084325	8664.28442712478
0.1	138180.190924703	2514471.79300667	2518265.70539929	86.8545336540273	8674.34161209939
