Frequency (Hz)	Z' (Ω)	-Z'' (Ω)	Z (Ω)	-Phase (°)	Time (s)
10000	97.1502316761684	51.683784857731	110.042633247089	28.0129138077788	33774.0353487288
7943.3	97.2674478395754	62.7428817515207	115.748112812736	32.8242531771282	33775.2573697257
6309.6	97.5825611067847	77.8488218652243	124.831067038469	38.5819522690044	33776.5693947224
5011.9	97.6263981800534	96.0300463814876	136.940437525375	44.5277092415667	33777.8714197191
3981.1	98.563697367086	118.60225180989	154.211856136443	50.2719252350489	33779.1784447158
3162.3	99.1038223064414	150.674632248178	180.345258875498	56.6657223293779	33780.4654657125
2511.9	101.323691291985	185.997540255972	211.805513144265	61.4202970445458	33781.7774907092
1995.3	101.588585776126	236.565372500315	257.455658757398	66.759798212055	33783.0995167059
1584.9	102.139593260542	295.927135135239	313.05808697553	70.9578265066036	33784.3615387027
1258.9	106.420737809491	369.275544154423	384.304307738622	73.9236594845956	33785.6485636994
1000	111.742034557217	464.70463009432	477.950494840297	76.4794466911326	33789.5416366896
794.33	117.821465084887	582.903548247327	594.691890136458	78.5728478717192	33790.8686616863
630.96	126.599684868038	730.918536681882	741.80144747356	80.1735031583618	33792.1806836829
501.19	139.592099151671	916.591249964557	927.15989648882	81.3406876769019	33793.4977106796
398.11	158.315642194902	1148.52163909402	1159.38164468427	82.1516378687582	33796.3687626724
316.23	186.3618984699	1438.10227921392	1450.12720913772	82.6162595313369	33797.5807856693
251.19	227.102162338076	1796.89343373944	1811.1878434758	82.7968071581306	33798.9578106658
199.53	286.502702351863	2242.59469818222	2260.82170433007	82.7196148814389	33800.2598326625
158.49	371.811097005148	2790.42247376011	2815.08455892921	82.4103041030703	33801.6268586591
125.89	492.644711239643	3461.38744197204	3496.26970283389	81.8997351063017	33803.0388846555
100	657.515788772379	4274.66061567967	4324.93357078786	81.2554653663744	33804.3909096521
79.433	879.136345962837	5256.43411025104	5329.44464932356	80.5051855982033	33805.8179366485
63.096	1162.47422880332	6428.48546467992	6532.7461072839	79.7498732173492	33807.2799646448
50.119	1512.26014291955	7826.71005540543	7971.46918900446	79.0641926519983	33809.0169956404
39.811	1914.34320959519	9503.18962682892	9694.08701258617	78.6106370372079	33810.5690266365
31.623	2368.95022418084	11524.0315833727	11765.0001742124	78.383750239361	33812.1860546324
25.119	2856.55256595238	13976.3035819751	14265.2358682771	78.4486709989362	33813.7380856285
19.953	3371.2148893905	16999.5347785962	17330.5877718891	78.7830828894521	33815.6301176237
15.849	3902.98657707649	20726.3659655666	21090.6507808421	79.3355056165817	33817.5421566189
12.589	4491.7936583046	25375.6581801629	25770.1423811599	79.9619443828475	33819.5091896139
10	5073.30824311319	31167.5392578188	31577.7446933329	80.75474188457	33821.7962316082
7.9433	5717.30320276782	38424.6714037251	38847.688842409	81.5369081866782	33824.0982766024
6.3096	6380.72051163456	47427.3137408228	47854.6098397849	82.3376164447253	33826.4353195965
5.0119	7129.07582228525	58853.8943955629	59284.1007994889	83.0933106025381	33828.7973635905
3.9811	7941.11389421725	73098.7840628761	73528.8618254894	83.79996536231	33831.1944055844
3.1623	8874.16428516252	91023.9476255524	91455.5073962162	84.4316810673101	33833.6164525783
2.5119	10062.190107763	113392.656992186	113838.228770094	84.9289935853301	33836.1884985718
1.9953	11201.1890661853	141591.390455716	142033.758267812	85.4767938337295	33838.8555475651
1.5849	12773.1684051049	176852.127154686	177312.799059296	85.8689778568627	33843.0196255546
1.2589	14588.6400413764	221134.889635753	221615.585716514	86.2255706318249	33845.7516765477
1	16900.5944409277	276297.788374129	276814.193915145	86.4996905672089	33850.7457705351
0.79433	19904.6576071908	345858.246596743	346430.544457952	86.7061758539107	33853.9228295271
0.63096	23800.6742881161	432797.622356727	433451.559016928	86.8523255863524	33857.4548915181
0.50119	28818.01019315	541890.297299808	542656.034721043	86.9558480280637	33861.2719635085
0.39811	35508.5275614471	678601.485421404	679529.860672596	87.0046705845537	33865.449041498
0.31623	44327.7632538176	849724.509336653	850879.951792556	87.0137455972782	33870.181131486
0.25119	56729.2940007367	1063308.87243814	1064821.09812094	86.9460703936122	33875.5982304723
0.19953	74479.5543950805	1331817.43975558	1333898.38325863	86.7991680163859	33881.8553464565
0.15849	93924.7122507543	1669181.62720315	1671822.1066142	86.7793675221298	33889.1524814381
0.12589	127649.137322471	2081987.36233532	2085896.85247932	86.4915189771251	33897.6796374166
0.1	177096.853178649	2612693.93171296	2618689.1522698	86.1222381921306	33918.5840283638
