Frequency (Hz)	Z' (Ω)	-Z'' (Ω)	Z (Ω)	-Phase (°)	Time (s)
10000	92.1332027448598	49.9927778081398	104.822730745767	28.4848832322712	76184.2316016533
7943.3	93.0126525090748	62.8505139519636	112.256583908472	34.0476827656087	76185.6086266498
6309.6	92.9920042347054	78.0955567802388	121.434874893512	40.023854990742	76187.0856546461
5011.9	93.6250679943496	95.4044698789229	133.669990012063	45.5393295036343	76188.5476826424
3981.1	94.4533569981004	119.534454593828	152.348030782333	51.6850265009761	76189.9747076388
3162.3	95.1026138217606	149.899683188923	177.523018721152	57.6072535680424	76191.4517326351
2511.9	95.756760737905	187.66320780289	210.681837826347	62.9666624944654	76192.9237606314
1995.3	97.6509825057949	234.629729380505	254.139379659107	67.4033192579396	76194.3457866278
1584.9	99.9242370760607	295.243224755195	311.694425550216	71.3017552793339	76195.7528156242
1258.9	105.803455640544	373.623269751892	388.315231384986	74.188822728724	76197.2048396206
1000	106.583818900162	466.046314460231	478.078735851436	77.1181114944708	76201.3329196101
794.33	112.209848317764	584.484721562935	595.158331706779	79.1325352638276	76202.7749456065
630.96	120.460831882733	733.265658383048	743.094433959645	80.6707829981701	76204.2119696029
501.19	132.598364380387	919.388526808837	928.901280795799	81.7931346266406	76205.718999599
398.11	150.125870834275	1152.61573640414	1162.35141540766	82.5791162622559	76208.7250565915
316.23	176.374829201901	1443.96566306554	1454.69753436524	83.0360384386734	76210.102081588
251.19	214.708092977723	1805.69915746482	1818.41937199846	83.2190379515967	76211.6041065842
199.53	270.554986136911	2254.35479581207	2270.53199623446	83.1564145463163	76213.0861335805
158.49	350.608935795263	2808.7218104986	2830.52024098575	82.8846507682814	76214.5881645767
125.89	465.09941318101	3486.65040686099	3517.53443818327	82.4019225586603	76216.1001925728
100	620.830909676248	4312.00784334377	4356.4713541429	81.8070152513721	76217.5922175691
79.433	832.115928273329	5310.18127004161	5374.98298032533	81.0940631237045	76219.1592465651
63.096	1102.34649160821	6514.75893828052	6607.3634538647	80.3960883806511	76220.801279561
50.119	1436.77014601928	7948.1113868841	8076.92906189035	79.7533682805332	76222.7283155561
39.811	1824.98752081973	9680.68302882544	9851.20314254745	79.3239831267978	76225.2773615497
31.623	2260.9317805837	11763.3049537555	11978.6124384881	79.1203079218081	76226.9443905455
25.119	2733.68589912788	14282.9093287237	14542.1641266915	79.1648771590685	76228.6914235411
19.953	3230.73296094864	17404.0113390526	17701.3345868279	79.4838001538719	76230.7334605359
15.849	3762.50402224766	21271.9331233802	21602.1196951362	79.9694698892845	76232.8405015306
12.589	4293.85921187893	26080.2557187392	26431.3632884546	80.6506832299615	76234.9975395251
10	4885.93787205313	32092.5755411577	32462.3750479609	81.3434709799612	76237.444585519
7.9433	5495.04987586723	39600.0165241513	39979.4557473126	82.0998672795172	76239.8966335128
6.3096	6178.58858790275	49010.2954754612	49398.2187890472	82.8147886882757	76242.5136805062
5.0119	6925.75982448717	60815.8526675727	61208.9379488845	83.5030983216041	76245.0157244998
3.9811	7755.69941922633	75554.2464905932	75951.2675091253	84.1390740924576	76247.5777744934
3.1623	8722.01655625055	94114.8736708639	94518.1623757581	84.7052852719297	76250.1948214868
2.5119	9903.5982241714	117340.770470622	117757.962246402	85.1756516433414	76252.9618724798
1.9953	11158.5747460814	146574.335107731	146998.467688059	85.6465203273411	76257.1459534692
1.5849	12790.7848090243	183287.000774063	183732.764712183	86.0080542056833	76259.9580024621
1.2589	14464.4175008387	228711.546764744	229168.477319984	86.3812591941432	76263.0450624543
1	17281.7967706461	286000.084591367	286521.74243134	86.5420586606416	76268.2441574412
0.79433	20601.2369981104	357877.90047389	358470.365042149	86.7054050677012	76271.491215433
0.63096	24933.7910986573	447969.574842203	448662.940215543	86.8142290212142	76275.1782844237
0.50119	30679.7854457969	560855.43715532	561693.929664266	86.868939933078	76279.1303574137
0.39811	38650.1099940044	702269.977845776	703332.746846083	86.8498491451476	76283.5574384025
0.31623	49090.741579403	878868.011106999	880237.968878863	86.8029640944549	76288.51953239
0.25119	63465.6470080076	1100179.76757281	1102008.80637439	86.6984593940181	76294.1116373759
0.19953	83498.6814246001	1376799.21938108	1379328.86589385	86.5294361989619	76300.5287553597
0.15849	109942.027834958	1722058.5119798	1725564.47812492	86.3470018417412	76307.9758933409
0.12589	150528.525120686	2153242.17011074	2158497.31990063	86.0010813003811	76316.638052319
0.1	202651.308052205	2692059.07894576	2699675.83927952	85.6950399370226	76337.7974462656
