Frequency (Hz)	Z' (Ω)	-Z'' (Ω)	Z (Ω)	-Phase (°)	Time (s)
10000	99.5352783835537	50.9053242282117	111.797243604978	27.0865634973002	12369.7940357693
7943.3	99.3466709642738	62.6701779008108	117.46196077796	32.2446769896872	12370.9310577664
6309.6	99.4749332121726	77.5888686341844	126.155835669615	37.9536653199306	12372.1680797633
5011.9	100.595566480775	95.8315031556063	138.935758509647	43.6106435361348	12373.4051007602
3981.1	101.197018179876	120.335357241565	157.230514503239	49.937563791656	12374.637125757
3162.3	102.451073092187	149.738977685256	181.433138692925	55.6201535037246	12375.8791487539
2511.9	103.644205629874	185.515843497257	212.504704769439	60.8087305775244	12377.1261717508
1995.3	104.20866098332	233.52736805287	255.723437826174	65.9517811445179	12378.3631927476
1584.9	106.265935687547	292.548028804735	311.250378706735	70.0368170999747	12379.5602157446
1258.9	110.564679160458	369.545282336203	385.73081802573	73.3432822081379	12380.7722387416
1000	114.759073433196	463.186689611653	477.191318412907	76.0846201201702	12384.550311732
794.33	121.225077475587	581.196806379423	593.704680084807	78.218256645215	12385.7973317289
630.96	130.641811604324	728.616928283566	740.236388676374	79.8348187004532	12387.0143547258
501.19	144.265442630439	912.750148054432	924.080813950135	81.0183705884902	12388.2863777226
398.11	164.396759694253	1143.92506763597	1155.67766049359	81.8218541969531	12391.0774317155
316.23	194.071503081366	1431.24944449846	1444.3471607219	82.2780255403456	12392.2194517127
251.19	237.355837684522	1788.05314001688	1803.73829177271	82.4384566080879	12393.5014737094
199.53	299.915005212763	2229.05044865087	2249.13648162631	82.3369695921721	12394.7484987063
158.49	390.360455346333	2771.70783087582	2799.06155431361	81.9833311541229	12396.030521703
125.89	517.140907231803	3432.72095841939	3471.45616367315	81.4327907259002	12397.3425456997
100	690.98803307741	4233.76456636732	4289.78168037532	80.7305464991802	12398.6495676964
79.433	922.268423732272	5197.31922764804	5278.51363543693	79.9375638529115	12400.0365946929
63.096	1217.8149682776	6346.00832258443	6461.80276140272	79.1368615581097	12401.4136216894
50.119	1575.54415281392	7713.17362576623	7872.44477647712	78.4552027513262	12403.0556506853
39.811	1990.84834322461	9340.62670533026	9550.43372701204	77.9680955650851	12404.5026766816
31.623	2454.44920178407	11302.1130740706	11565.5557939606	77.747483036807	12406.0597056777
25.119	2954.02446405845	13690.1624297976	14005.2421574387	77.823565630158	12407.5567336739
19.953	3481.01799401332	16606.2682015453	16967.1927511978	78.1610354228055	12409.3637666694
15.849	4038.4605025973	20199.8037147545	20599.5444936447	78.6941592769017	12411.2208006647
12.589	4604.94316532016	24706.8124173779	25132.2916062847	79.442153121043	12413.1178356599
10	5209.88815111771	30298.8066502022	30743.464654679	80.2433858956663	12415.3248776543
7.9433	5850.18343824219	37317.9851979516	37773.7563064043	81.0904948238204	12417.5619176487
6.3096	6553.85053086331	46102.6854342775	46566.1954751818	81.9091765619249	12419.808962643
5.0119	7248.52236488282	57059.6471605384	57518.2093824151	82.7602587612597	12422.176005637
3.9811	8077.33048868557	70883.827030374	71342.55533898	83.4990915092921	12424.5180496311
3.1623	8968.40353387646	88172.894195917	88627.8259511697	84.1921999637713	12426.9950926249
2.5119	10199.3098621607	109789.951501252	110262.683498596	84.6925472515967	12429.5221396185
1.9953	11217.9786029709	136985.453409144	137444.015837888	85.3183950082672	12432.1091896119
1.5849	12703.2865078835	171248.945342244	171719.465317512	85.757556034769	12437.6552925979
1.2589	14389.1593943722	214107.021998579	214589.992257739	86.1551926809632	12440.3773415911
1	16500.4852450775	267344.585687116	267853.305952229	86.468189413721	12445.2864365787
0.79433	19137.3884125315	334760.653213038	335307.224161473	86.7281117761822	12448.3884895708
0.63096	22630.8028437777	419065.24750307	419675.868858531	86.9088555711972	12451.7755525623
0.50119	27158.0485717349	524809.177053407	525511.400372722	87.0376760085747	12455.5176205528
0.39811	33002.7307170339	657407.957590354	658235.826233959	87.1260903055472	12459.7047005423
0.31623	40674.5711127226	823119.598731396	824123.955816683	87.1710221258545	12464.4317895303
0.25119	51319.2841943411	1031078.83417501	1032355.18655834	87.1506020322779	12469.8088885168
0.19953	65088.3880568182	1290602.19490998	1292242.44001127	87.1128725684341	12475.9960005011
0.15849	82261.5609715371	1616618.90080388	1618710.48518561	87.0870199504436	12483.1581354831
0.12589	111749.069984062	2026143.35769644	2029222.69861632	86.8431307387802	12491.6052894617
0.1	144428.410528456	2537187.64647982	2541295.08700143	86.7419763249575	12501.6874754363
