Frequency (Hz)	Z' (Ω)	-Z'' (Ω)	Z (Ω)	-Phase (°)	Time (s)
10000	91.5321380410653	50.9899515658184	104.776464222902	29.1209363359664	84991.6146774168
7943.3	93.0788340987379	63.5183212401278	112.686496486245	34.3101839189009	84992.9917024133
6309.6	92.1864140932144	77.6782212661818	120.549744928986	40.1181969366382	84994.4637274096
5011.9	93.3128826701554	96.6418284995841	134.338888963536	46.0040025978351	84995.9307544059
3981.1	93.4144518577396	119.91124576598	152.003179825394	52.0803413035078	84997.3977834022
3162.3	94.5371451366253	150.059028817036	177.355529770277	57.7890840346806	84998.8748083985
2511.9	93.5274872195089	188.813582294982	210.708233642303	63.6488071381305	85000.4068373946
1995.3	98.4931285122225	236.6680146817	256.344778642949	67.4045928095741	85001.9188663908
1584.9	97.5251981093235	297.319937528426	312.906231191023	71.8397685865719	85003.3958943871
1258.9	103.345302561694	369.567263185298	383.744985087544	74.3769522733118	85004.8379193834
1000	105.742381259398	466.111000671654	477.954931077752	77.2181706025696	85009.0860013727
794.33	111.338584831398	584.757177494023	595.262326292396	79.2198373798196	85010.4880253692
630.96	119.529349983429	733.753278752522	743.425275052939	80.7477149068132	85011.9750533654
501.19	131.456634418607	919.963090413857	929.307771653977	81.8678630093611	85013.4620803616
398.11	148.947867120589	1154.07410606341	1163.64621316182	82.6459076049457	85016.5381403539
316.23	174.765404206109	1444.71628661886	1455.24846515264	83.1025201722925	85017.9951633502
251.19	212.635122393604	1806.85583197777	1819.32451553521	83.2881662055812	85019.4921923464
199.53	268.036292091072	2257.20153594136	2273.06010209453	83.2279999868784	85020.9592193427
158.49	347.119748593118	2811.10686664827	2832.45722572829	82.960663598978	85022.4962463388
125.89	459.991178910154	3492.22997635119	3522.39436923252	82.4962846588341	85024.0782783348
100	615.259565603012	4319.46093241966	4363.05937156094	81.8933793756324	85025.6353053309
79.433	823.815691735838	5320.10025895953	5383.50620500538	81.1976792184466	85027.2523343268
63.096	1090.62497748162	6524.44545972354	6614.97176096874	80.5101893442055	85028.8593663228
50.119	1418.36483800874	7962.87272336057	8088.2075160161	79.9002707906971	85030.7763993179
39.811	1810.87697167702	9705.49241233681	9872.98629455534	79.4311256400128	85033.3704513114
31.623	2247.3819201676	11793.2195983527	12005.446846747	79.2107590064549	85035.0524803071
25.119	2713.44839712902	14347.4283227492	14601.7636496523	79.2904623403356	85036.8095133027
19.953	3214.29299923285	17482.4242607672	17775.4560424867	79.5820313167024	85038.9065512974
15.849	3741.30352126584	21363.9510466579	21689.0699745801	80.0669574633322	85041.0235892921
12.589	4304.22740693032	26196.7198260455	26547.966084333	80.6694368933983	85043.1506292867
10	4864.06076615507	32223.0272939057	32588.074124143	81.4160176274088	85045.5876732805
7.9433	5504.90917912814	39742.0991795495	40121.5462347552	82.1138094989282	85048.0597212743
6.3096	6127.35985187062	49270.8699686545	49650.4095272373	82.9110521810944	85050.6417692678
5.0119	6914.69413398365	61149.024593897	61538.7374240939	83.5484339213221	85053.2588162612
3.9811	7754.55125992429	75921.3753259153	76316.369781465	84.1680771133209	85055.8758642546
3.1623	8707.0285907713	94600.2501057598	95000.1035102216	84.741299515909	85058.482914248
2.5119	9954.78312546589	117995.288448157	118414.4661899	85.1776075189273	85061.254963241
1.9953	11169.3146444903	147328.671435108	147751.450133193	85.6645726273268	85065.4490452304
1.5849	12803.7002470372	184335.357945836	184779.487305912	86.0266893656727	85068.2910942232
1.2589	14669.3514362879	229924.758587092	230392.240500617	86.3494392967076	85071.2781502157
1	17432.9542418277	287521.835328085	288049.845832328	86.5303037987977	85076.5322502024
0.79433	20747.0273178808	359542.251205736	360140.347010186	86.6974664292767	85079.859308194
0.63096	25206.8825243505	450229.490409729	450934.563946035	86.7955412963689	85083.5263761847
0.50119	31123.0405492622	563466.268866115	564325.154324112	86.8384820798014	85087.5484521746
0.39811	39381.446148393	705568.110159026	706666.297748886	86.8053376395552	85091.9355321635
0.31623	50289.4680647513	883120.986764453	884551.698806835	86.7408024086803	85096.897624151
0.25119	66842.521885644	1105267.46087614	1107286.81144662	86.5391765002284	85102.6597311364
0.19953	85921.0291354687	1383587.33388969	1386252.62262968	86.4464847796502	85109.0168481204
0.15849	112921.342988155	1730070.28179021	1733751.54207167	86.2656128752939	85116.4789861015
0.12589	155593.373633885	2163879.08512744	2169465.83125219	85.8872346323358	85125.1611500796
0.1	212438.764759559	2690708.69285518	2699081.9732974	85.4857069299891	85146.3705430261
