Frequency (Hz)	Z' (Ω)	-Z'' (Ω)	Z (Ω)	-Phase (°)	Time (s)
10000	95.1191773925353	51.011265362122	107.934272136692	28.2041215588535	45301.9137946237
7943.3	95.9747834374728	63.1068341771864	114.863534577936	33.3263427273628	45303.2158186204
6309.6	96.2049101594694	77.3384830716101	123.43672752714	38.7955683853826	45304.552845617
5011.9	96.4207453379248	96.8967032718286	136.696493138887	45.141064999218	45305.8848706136
3981.1	97.9788842536811	120.607797121082	155.390162127453	50.9104196200763	45307.2018936103
3162.3	97.6816397247652	151.0694652327	179.899099678161	57.1132582171401	45308.5389156069
2511.9	99.8676302185158	187.13632623462	212.116826682968	61.9128340477594	45309.9009446035
1995.3	101.253652951765	236.184702762294	256.973765304923	66.794925832773	45311.2579666001
1584.9	104.027744943624	292.845023116367	310.773195887421	70.4433646068678	45312.5749925967
1258.9	106.424344519608	372.305718722092	387.21788349662	74.0473079698095	45313.8770155935
1000	110.068716614906	465.177121177761	478.02183678623	76.6876933459174	45317.9400935832
794.33	115.900550862858	583.209591558687	594.614467849853	78.7601168764286	45319.3271195797
630.96	124.560265344457	731.609157337048	742.136927259456	80.3377439558874	45320.6591405763
501.19	137.030132695213	917.790258775717	927.963477928989	81.5082157661348	45323.4851965692
398.11	155.637569802847	1149.14838822854	1159.64006109757	82.2869459513641	45325.5642335639
316.23	182.857804918141	1438.34726120616	1449.92407409449	82.7548247175934	45326.8262565608
251.19	222.488608863696	1798.7048697408	1812.41286397536	82.948684815139	45328.2682845571
199.53	280.100657435327	2242.3338749444	2259.76051497031	82.8797909573152	45329.6203065537
158.49	364.588937229456	2794.37171549764	2818.05577970404	82.566461627547	45333.4183805441
125.89	483.250225285335	3468.94017983963	3502.43868633615	82.0692942722796	45334.7704045407
100	645.900946243281	4287.0673402879	4335.4508891834	81.4321061551788	45336.1674285372
79.433	863.036396733611	5272.25294109384	5342.4229425383	80.7034728609209	45337.6144555335
63.096	1142.86912334963	6451.6016579944	6552.04653421678	79.9545493180276	45339.1164825297
50.119	1486.86685519132	7865.73956627918	8005.03791181505	79.2956399879551	45340.8035155255
39.811	1882.61222691022	9559.75631004301	9743.36540956558	78.8592453482033	45342.4005445214
31.623	2331.88969051175	11604.4975020981	11836.4721013026	78.6379013564713	45344.0725775172
25.119	2809.78492807722	14088.3258168697	14365.786287716	78.7208863290442	45345.6546085132
19.953	3318.1439288338	17133.0481991498	17451.4016550777	79.0392647677069	45347.5716395084
15.849	3854.53003163012	20926.3710701268	21278.4023819783	79.5633926941721	45349.5236755035
12.589	4408.64359621491	25626.3937891474	26002.8497860311	80.238655941079	45351.5307124984
10	4989.35588458726	31479.9949779015	31872.9313987868	80.9939375594837	45353.8627584925
7.9433	5638.66948761313	38818.5942181425	39225.9843810623	81.7351959133788	45356.2148014866
6.3096	6283.07367652766	48016.4773708309	48425.8104106497	82.5450630700646	45358.6418454804
5.0119	7020.27535802774	59547.5668430907	59959.9614996114	83.276232248736	45361.0638914743
3.9811	7848.85988921908	74033.1666023275	74448.0648420668	83.9482132070079	45363.4959364682
3.1623	8767.2355006625	92103.068684695	92519.4016380441	84.562433147446	45366.0629844617
2.5119	9988.11940045508	114795.930660272	115229.632583445	85.0273541915128	45368.7400314549
1.9953	11171.6644406706	143410.516638676	143844.994243619	85.5456603856644	45371.3670814483
1.5849	12735.7756913667	179181.600259604	179633.643435892	85.9343979555938	45376.8531824345
1.2589	14585.2916979717	223869.391916617	224344.011221675	86.2723967234532	45379.7002354273
1	16903.5906163296	279737.837293163	280248.084719915	86.5420187783711	45384.7343314146
0.79433	19986.7290788602	350001.857170715	350572.060156284	86.7316947948094	45387.9263874065
0.63096	23958.8176147754	438268.850085921	438923.239185548	86.8709295386966	45391.4734523975
0.50119	29267.9983196797	548504.893821139	549285.203033342	86.9456171422893	45395.3005253879
0.39811	36606.7321358795	686993.447328471	687968.058495396	86.9498551239295	45399.5426023772
0.31623	45867.9115640668	859488.313880745	860711.349413271	86.9452206766037	45404.4896943647
0.25119	58946.4059722221	1077983.67326895	1079594.12679555	86.8700638800161	45409.9567963509
0.19953	75320.4737926069	1348670.40528621	1350772.01476312	86.8034688821639	45416.1839093352
0.15849	100868.784932758	1689011.53445255	1692020.82590244	86.5823208298485	45423.5360473166
0.12589	132423.52832968	2112811.89371179	2116957.74380721	86.4135957921086	45432.073205295
0.1	174737.643161748	2639173.71815142	2644952.01440762	86.2120195344665	45453.0575932421
