Frequency (Hz)	Z' (Ω)	-Z'' (Ω)	Z (Ω)	-Phase (°)	Time (s)
10000	91.0930765454918	50.8036043586266	104.302228213738	29.1488856559293	86371.9142329319
7943.3	93.0590787379037	62.6921819341972	112.206514121141	33.9674208618111	86373.3462609283
6309.6	92.6856480854533	77.1628695231	120.601566300191	39.7781361689488	86374.8382849245
5011.9	92.7589267824987	95.8935811791664	133.415881398004	45.9519403844206	86376.3403169207
3981.1	92.3130501459601	119.520957349293	151.019728754034	52.3189846630023	86377.8273429169
3162.3	93.9829574568583	150.918690552112	177.78989692978	58.0878671429263	86379.2843679133
2511.9	95.3877675597947	187.180521080294	210.084206145849	62.9964695627898	86380.7963959094
1995.3	96.7071429163604	236.708317050159	255.701190556016	67.7775384091877	86382.2834259057
1584.9	98.2037455195575	295.093333148255	311.004904949451	71.5931371498556	86383.7054489021
1258.9	99.2548890544269	371.302739001205	384.340027828228	75.033893810159	86385.1574778984
1000	105.492384204292	466.016362718501	477.807381113443	77.2448951573138	86389.3855588878
794.33	111.102568532954	584.754016977501	595.215121704702	79.2420986078659	86390.9125838839
630.96	119.238753882157	733.602083872041	743.229370980972	80.7679515772412	86392.3996138802
501.19	131.174459224859	920.060198529673	929.36403398851	81.8859311967384	86393.8916388764
398.11	148.619586955486	1153.9002224833	1163.43177929513	82.6608453934517	86396.9726988686
316.23	174.315766108029	1444.72987676652	1455.20802744337	83.1201598670154	86398.394723865
251.19	212.288087730917	1807.92238641843	1820.34326090036	83.3029378839061	86399.9017488612
199.53	267.299295234665	2256.80987693644	2272.58437332276	83.2452869404125	86401.4287778574
158.49	346.562025869077	2812.29656907734	2833.56969743444	82.9748040492623	86402.9358058536
125.89	458.609743070031	3492.3493771834	3522.33261756354	82.518816892935	86404.4778358497
100	613.38215481256	4321.03798362377	4364.35641575729	81.9206995042067	86406.0298628457
79.433	822.134162239879	5322.23922353541	5385.36302706332	81.2188409663348	86407.6268928417
63.096	1093.00722458643	6530.58341300499	6621.41861742739	80.4986143726439	86409.2939238375
50.119	1417.99422088256	7971.05957870143	8096.20271594432	79.9130129651574	86411.1159568329
39.811	1807.53002764041	9711.49167078063	9878.27086450171	79.456591528297	86413.7050068264
31.623	2243.24561734426	11800.2302392058	12011.5604564104	79.2364006794977	86415.432036822
25.119	2712.64379434571	14357.0797082063	14611.0976351126	79.300595625293	86417.1640708176
19.953	3207.55251586529	17487.4066225203	17779.1389983711	79.6062988139819	86419.2461098124
15.849	3736.2559790282	21392.5669127452	21716.3884625668	80.0930984888521	86421.363146807
12.589	4283.14164094761	26230.6796244853	26578.0709585705	80.7261606021633	86423.5151888016
10	4861.87348871551	32266.82726114	32631.0581397619	81.4312942128338	86425.9622337954
7.9433	5501.3031259876	39835.6344688062	40213.7054947233	82.1371838156631	86428.4442797892
6.3096	6103.92250359768	49339.2807079806	49715.4150210056	82.9475865220895	86430.9363277829
5.0119	6883.53074383104	61162.9590218605	61549.0905847605	83.5787175926787	86433.5933747762
3.9811	7759.76104716751	76059.0297442861	76453.8416114673	84.1746752199125	86436.1654247697
3.1623	8670.87525804492	94685.750117293	95081.940204305	84.7677157081744	86438.8824727628
2.5119	9967.01503267308	118186.905225819	118606.433027548	85.1795012184178	86441.6045247559
1.9953	11168.4664264799	147465.877585041	147888.199983115	85.6689187487258	86445.7986017453
1.5849	12911.5536913535	183994.736447266	184447.204530249	85.9859351270562	86448.6656547381
1.2589	14680.7594833561	230688.239206092	231154.901325962	86.3586666170429	86451.8027107302
1	17410.5296797513	287797.935323177	288324.085223578	86.5380724015895	86457.0618097169
0.79433	20744.8422998821	359973.143627052	360570.398971947	86.7017575004364	86460.3638717086
0.63096	25232.9974919281	450403.974018592	451110.234836418	86.7934684021559	86464.0359366993
0.50119	31209.2992389799	564190.307430658	565052.850057133	86.8337978499653	86468.0030106893
0.39811	39432.0133157504	706445.23859833	707544.881129378	86.8052074637071	86472.3750906782
0.31623	50214.363663582	883791.92817726	885217.292323991	86.7481246296733	86477.3921846656
0.25119	65598.3096305321	1107253.70181401	1109195.15794436	86.609522978568	86483.1292936511
0.19953	87214.5653755286	1384825.48831337	1387569.10224176	86.396343349312	86489.5614126349
0.15849	114373.203433131	1730755.65768919	1734530.59249086	86.2192307527421	86497.043548616
0.12589	150463.567294598	2157633.31579387	2162873.2765714	86.0109100453465	86505.730709594
0.1	211476.968610474	2707179.56982836	2715426.98880834	85.5332918512177	86526.9151055405
