Frequency (Hz)	Z' (Ω)	-Z'' (Ω)	Z (Ω)	-Phase (°)	Time (s)
10000	97.9612739968993	51.4389914005251	110.645293796884	27.7037470883355	25018.5892368341
7943.3	98.3809681374924	63.1339500755071	116.896152818675	32.6894785702739	25019.7962598311
6309.6	98.3008862110705	76.8949823567525	124.803455647378	38.0339745242319	25021.1332848277
5011.9	98.7686333414703	96.547163683603	138.118057282494	44.3483612198761	25022.4253078244
3981.1	100.135710768656	119.819171653403	156.153112254772	50.1136992554898	25023.7023328212
3162.3	100.702475846506	150.080107994344	180.734688029747	56.1387248004797	25024.984354818
2511.9	101.052493223611	188.458785166338	213.841810909559	61.7995798663668	25026.2713798147
1995.3	103.524174010841	234.164670364767	256.028020833007	66.1497838212925	25027.5434018115
1584.9	102.939198609546	295.551094161637	312.964739021054	70.7969885275116	25028.6904248086
1258.9	107.972890512309	369.240814281802	384.703683394208	73.7000971710635	25029.9524448054
1000	113.04102832886	463.797901401151	477.374870965951	76.3024152775118	25033.9005207955
794.33	119.402456982915	581.675500529257	593.804121448747	78.3998464686537	25035.1025407924
630.96	128.539211313233	729.670538487257	740.905812894805	80.0092448507918	25036.3895667892
501.19	141.992633222229	914.258768456027	925.219435370936	81.1719776853542	25037.6915907859
398.11	161.767114394415	1146.85875773058	1158.21138376499	81.9712624417381	25040.5376427787
316.23	190.817279536031	1434.08207161459	1446.72133539805	82.420810465617	25041.7396657757
251.19	233.390895244861	1792.6251312918	1807.75445548397	82.582099065753	25043.0716887723
199.53	295.135169297356	2234.82773750172	2254.23152858424	82.4769546139287	25044.378713769
158.49	383.936164063383	2780.31569779805	2806.699548847	82.1377009693387	25045.7007387657
125.89	508.387685238849	3443.42865110647	3480.75550904734	81.6015245034472	25047.0677617622
100	680.379145442448	4250.53074830966	4304.64022002755	80.9058560505133	25048.4097867588
79.433	908.507834717129	5217.02490083185	5295.53918894403	80.1214104971431	25049.7868127554
63.096	1197.89297774845	6374.01560943448	6485.60117301808	79.3563358054712	25051.2388387517
50.119	1556.63110883451	7746.44987610071	7901.30280978599	78.6378675328972	25052.9358727474
39.811	1967.69405655646	9399.93151984756	9603.67286396363	78.1769552645462	25054.4528987436
31.623	2427.33117559053	11386.0890025524	11641.9482652191	77.965612784149	25056.0699307395
25.119	2923.22619226727	13783.8533852012	14090.417506798	78.0263397328443	25057.6019597356
19.953	3441.36183345542	16735.8235626169	17085.9814347262	78.3803214757208	25059.4689917309
15.849	3978.06406239667	20383.061083194	20767.6231862423	78.9566731025699	25061.3660277261
12.589	4562.34695359836	24941.6249798821	25355.4662028149	79.6340006403242	25063.3030627212
10	5146.67171987225	30605.1780199084	31034.9021493933	80.4542576513015	25065.5801047155
7.9433	5755.0535073138	37710.9302386674	38147.5412095941	81.3230565122459	25067.8621507097
6.3096	6452.14057848961	46589.4018697487	47034.0566464933	82.1152916337597	25070.144188704
5.0119	7181.57725412303	57722.1592913146	58167.1962974737	82.9079152713335	25072.5462356979
3.9811	8015.43252725453	71704.5322101457	72151.1406567823	83.6217172083016	25074.9382796919
3.1623	8889.5062833586	89187.0428664382	89628.9681811732	84.3079792060844	25077.3653236857
2.5119	10037.938097203	111129.791918637	111582.215666847	84.8386930561654	25079.9223716793
1.9953	11122.6044389253	138698.215419285	139143.477353411	85.4150999904758	25082.6044216725
1.5849	12700.1543650531	173356.743490417	173821.32905515	85.8099835177942	25088.1855246584
1.2589	14432.37423537	216667.332682491	217147.476333056	86.1891146049123	25090.8925756516
1	16459.8720100879	270571.131168653	271071.327160348	86.5187697596263	25095.9166686389
0.79433	19275.8541476299	338788.882977738	339336.802870576	86.7435895707381	25099.0687266309
0.63096	22852.9638344005	424110.529019822	424725.792460841	86.9156311486027	25102.5807906221
0.50119	27568.6807197098	530948.678850541	531663.9274295	87.0276754085729	25106.3228596126
0.39811	34050.4249236649	665075.310013729	665946.393809096	87.0691383873886	25110.4949366021
0.31623	42070.7706319751	832972.518724399	834034.271892731	87.1086308164857	25115.27702759
0.25119	53626.5067364225	1043865.49366021	1045242.06338974	87.0591290092464	25120.6491265765
0.19953	68891.6468309816	1306890.88131139	1308705.40407609	86.9824943990856	25126.8862405607
0.15849	89692.3427708843	1637322.86625855	1639777.69369048	86.8644782198336	25134.0683755426
0.12589	118068.800778058	2050324.51250669	2053721.21971386	86.7042381883704	25142.5805325211
0.1	159952.063811358	2568687.29305575	2573662.57932612	86.4367946526465	25152.7827194953
