Frequency (Hz)	Z' (Ω)	-Z'' (Ω)	Z (Ω)	-Phase (°)	Time (s)
10000	91.1563277024193	51.2135514719307	104.557658421366	29.3281977769575	83619.0522648822
7943.3	92.8716913957707	62.5432214238298	111.967877575586	33.9577781406841	83620.5542878784
6309.6	93.3261601169895	76.9139006334355	120.936017268769	39.4933287116969	83622.0263178747
5011.9	94.4184678987815	96.6648927502275	135.125676948411	45.6735528062455	83623.5033448709
3981.1	94.2899080125402	119.901355511408	152.534985516394	51.8186424731896	83625.0053708672
3162.3	95.4906103897283	150.461912515247	178.205622218685	57.5987574648518	83626.4673988635
2511.9	96.9175577645297	188.353209231515	211.825268631605	62.7718150172273	83627.9694258597
1995.3	97.6956967157149	234.155602125919	253.71892945486	67.3528564019496	83629.416451856
1584.9	99.1610091158458	297.338541181252	313.437575604247	71.5566990355981	83630.8834828523
1258.9	100.452464401463	372.383055224035	385.693968610237	74.9034701469342	83632.3205078487
1000	106.007248745485	466.1285029881	478.030666468705	77.1876749304309	83636.4685848382
794.33	111.573260964186	584.710896830769	595.260804551101	79.196814473447	83637.9656108344
630.96	119.757380407548	733.589087973404	743.299926110402	80.7283314140674	83639.4426398307
501.19	131.608096153509	920.451400787595	929.812600573361	81.862880104866	83642.508697823
398.11	149.434464683408	1153.04372832523	1162.68675861788	82.6156265746654	83644.7227378174
316.23	175.137269145678	1443.62020614043	1454.20506209432	83.0827884048765	83646.1297618138
251.19	212.849886792929	1804.807979595	1817.31585518797	83.2738956032556	83647.6167908101
199.53	268.743383923185	2253.6884077034	2269.65513799325	83.1998167274038	83649.0688168064
158.49	347.97446107938	2810.25284215217	2831.71454465096	82.9413823695337	83653.0318907964
125.89	460.570429299603	3490.6445869976	3520.8982878068	82.4835700849422	83654.4839177927
100	617.162354576059	4318.08615242331	4361.96714701702	81.8660889269203	83656.0109457889
79.433	825.925295031933	5321.38464331621	5385.09861702598	81.1775892198609	83657.6129767848
63.096	1094.84100857408	6523.08008480451	6614.32163013174	80.4722182513622	83659.2550077807
50.119	1429.25872139647	7963.17169348376	8090.41926679877	79.8246878566364	83661.1470417759
39.811	1814.14515861212	9699.37339868015	9867.57148357892	79.4059541418087	83663.7410897694
31.623	2251.2784487866	11791.9334378576	12004.9135297526	79.1913417173085	83665.478120765
25.119	2720.82769507425	14334.0174194964	14589.9608885257	79.2522012403816	83667.2101537606
19.953	3219.16471521964	17459.7130096486	17754.0023612426	79.5533149296365	83669.2871937554
15.849	3755.65972870687	21361.9562862819	21689.586357855	80.0286932445825	83671.3742287501
12.589	4286.35222273581	26170.4427396207	26519.1419273912	80.6983414650137	83673.5062707447
10	4871.45948620106	32208.1759408121	32574.4948534894	81.3992507003157	83675.9433137385
7.9433	5516.41182794059	39751.9221848698	40132.855827207	82.0994671716186	83678.4803607322
6.3096	6171.29081984924	49192.7354920649	49578.322436075	82.8495273524924	83681.0574107256
5.0119	6921.12061191215	61069.9136356667	61460.8514584075	83.534194125291	83683.7094567189
3.9811	7739.03713241961	75912.0436406787	76305.5113700267	84.1789539894511	83686.2965057124
3.1623	8669.31974215365	94540.6246645059	94937.2783302043	84.7606633727625	83688.9785547056
2.5119	10051.694079478	117717.440538921	118145.809747539	85.1194485001115	83691.7356086987
1.9953	11156.2525824234	147157.651316986	147579.931944741	85.6646100414141	83695.9296866881
1.5849	12766.4173061739	183933.58546173	184376.097343562	86.0295961040876	83698.8017376808
1.2589	14619.8095370021	230003.342718914	230467.517218311	86.3629746716381	83701.8787966731
1	17412.2616784574	287199.470014627	287726.819107016	86.5305317827476	83707.1228946598
0.79433	20724.336778881	359245.750960958	359843.032054849	86.6983536304558	83710.4799566514
0.63096	25175.6504841749	449814.622275029	450518.598716777	86.7965577500091	83714.1520216421
0.50119	31146.1592017757	563300.310794391	564160.724770947	86.8352081928688	83718.1240946321
0.39811	38979.9832981037	705434.559330572	706510.691069738	86.8372408413168	83722.6011776207
0.31623	50534.4948810736	882068.579036714	883514.976271898	86.7210580339706	83727.5982726081
0.25119	64730.9824123999	1103707.55274037	1105604.1163365	86.6435234749706	83733.2453765939
0.19953	85741.8268608043	1381733.52515851	1384391.2725167	86.449131775482	83739.6624935777
0.15849	110337.930542044	1729111.81328731	1732628.67394201	86.34879725126	83747.1046315589
0.12589	156488.833341722	2174904.56388981	2180527.14199787	85.8845436942883	83755.781792537
0.1	216766.156305081	2695625.97889809	2704327.45514103	85.4025080337046	83776.9911884834
