Frequency (Hz)	Z' (Ω)	-Z'' (Ω)	Z (Ω)	-Phase (°)	Time (s)
10000	92.2536104482516	51.3280063522908	105.571269182664	29.0906605699984	82931.8395396172
7943.3	92.1936632727644	62.8261039795465	111.565186724626	34.2727845087558	82933.2465616137
6309.6	92.490197341157	78.3156088952479	121.193115319475	40.2560897790189	82934.71859261
5011.9	92.9673444428501	96.5513396001496	134.033907319525	46.0833935623029	82936.2256176062
3981.1	94.078342400024	121.420715082809	153.60248878178	52.2310119328101	82937.7176446024
3162.3	94.4495038241037	149.893229266024	177.168532624775	57.7844837781791	82939.1796725987
2511.9	95.4546057540299	187.773043543791	210.642582687727	63.0534493146673	82940.641698595
1995.3	95.3099169355051	235.133270765448	253.715658340416	67.9351103435017	82942.1387265912
1584.9	97.9662356611394	297.529253486619	313.242781257476	71.7750488766766	82943.5507525877
1258.9	100.024408392025	367.838890078955	381.195922497463	74.7877008924675	82945.002779584
1000	106.11109853962	466.095752061789	478.021772854888	77.1746668761117	82949.1808585735
794.33	111.653139496551	584.527856646267	595.09599121059	79.1859568800254	82950.6528835697
630.96	119.822775939789	733.395249255922	743.119162224386	80.7209472527362	82952.0999135661
501.19	131.698356570302	920.52170050553	929.89497160965	81.8579877690142	82955.310974558
398.11	149.097335407631	1152.31961661441	1161.92534797207	82.6275236913727	82957.5250165524
316.23	175.322484821639	1443.67586504651	1454.28263312254	83.0758084936984	82958.8920375489
251.19	212.739056004296	1804.6403240295	1817.13637492152	83.276746985489	82960.4240665451
199.53	269.055877611103	2253.68711549711	2269.69087759429	83.1919798100652	82961.8910955414
158.49	347.791781682031	2809.83243642581	2831.27487966043	82.9440057276112	82965.8091685315
125.89	460.380640372715	3490.86445895601	3521.09145079082	82.4870998380555	82967.3211955276
100	616.283448817067	4319.02457371269	4362.77188924885	81.8792590907452	82968.8782245237
79.433	825.376930229784	5319.77551097027	5383.42442726509	81.1807297599484	82970.4852515197
63.096	1096.78891015437	6523.76084062971	6615.31567040994	80.4565559997777	82972.1172815155
50.119	1421.55776105783	7968.28409961462	8094.09525272559	79.8847365869069	82973.919316511
39.811	1812.59501935011	9701.69536263175	9869.56906928986	79.4172779978532	82976.5633665043
31.623	2250.69071241645	11786.3699633573	11999.3385482737	79.1891165718087	82978.2903965
25.119	2723.88248451033	14349.4695819847	14605.7116592697	79.2517321302176	82980.0424314955
19.953	3216.67848250614	17470.1747116912	17763.840376361	79.567319500667	82982.0594664904
15.849	3752.26909672773	21350.2890678448	21677.5083128756	80.0321799619105	82984.1515044852
12.589	4275.82975899835	26161.0852956555	26508.2082377232	80.7175169382951	82986.2635464798
10	4875.07833562027	32219.6180141544	32586.3495003116	81.3959679805396	82988.7405924736
7.9433	5476.96485289012	39746.7631871365	40122.3420036032	82.1542511832051	82991.2226384673
6.3096	6143.97622422709	49230.0114158978	49611.9186068559	82.8861856543846	82993.719683461
5.0119	6897.24718879058	61049.0891884833	61437.4747977704	83.5541295904963	82996.2667314546
3.9811	7737.87836160427	75851.2830124439	76244.9466927012	84.1751893865636	82998.8237764481
3.1623	8677.49358472916	94524.9028620477	94922.3691022963	84.7548836281526	83001.5558274412
2.5119	9969.03201113507	117808.728736655	118229.768526314	85.1631262814485	83004.2878784343
1.9953	11187.9825033834	147193.838798927	147618.417322705	85.6533915805063	83010.9310044176
1.5849	12887.2893819161	183926.094052827	184377.033008839	85.9919636568385	83013.7030534105
1.2589	14675.6123049433	229919.518401389	230387.409678679	86.3478024444343	83016.8101124027
1	17391.5013744201	287188.501888047	287714.61543821	86.5345262527458	83022.0292093895
0.79433	20724.7222723449	359280.72623476	359877.971480671	86.6986130561729	83025.3062673813
0.63096	25154.5581556904	449789.875842449	450492.71271173	86.799060300005	83028.9933383719
0.50119	31000.3558693155	562699.4727137	563552.764749052	86.8466367841981	83032.945408362
0.39811	39108.9615072095	704858.942419049	705943.085225907	86.8242110879267	83037.4624913506
0.31623	50363.0358902819	881989.112460759	883425.848548368	86.7318652453606	83042.4045833381
0.25119	65336.7429455451	1104006.47085319	1105938.14368818	86.6131011152345	83048.0166873239
0.19953	85570.9453783917	1381631.81301905	1384279.1818991	86.4559303001777	83054.4438083077
0.15849	113505.761339546	1728234.96677982	1731958.33040455	86.2423660495432	83061.845945289
0.12589	153292.130620242	2161000.78593184	2166430.9068392	85.9424795903807	83070.5181052671
0.1	209451.471811276	2699876.7519793	2707988.99460877	85.5639837844842	83091.6075012139
