Frequency (Hz)	Z' (Ω)	-Z'' (Ω)	Z (Ω)	-Phase (°)	Time (s)
10000	99.683321982934	51.3600897487794	112.136628719415	27.2589963653047	3897.93017615867
7943.3	101.128779902346	61.9613545060582	118.601178648286	31.4956990617132	3899.03719415588
6309.6	101.480056796808	77.4230756739182	127.642213136144	37.3414162820164	3900.22921515287
5011.9	102.173835761445	95.7048808331284	139.996131837598	43.1275810445229	3901.41123714988
3981.1	103.109004820006	118.175042342028	156.833693789033	48.8949497231471	3902.61325814685
3162.3	103.48373944906	148.501647922514	181.00172310247	55.1291927229845	3903.80028214385
2511.9	105.276875173243	186.833276944066	214.452544447252	60.5995963853591	3904.98730414085
1995.3	106.880636477486	235.452571380197	258.575682969956	65.5849436979127	3906.17432613786
1584.9	109.939874489402	293.338257268165	313.26364165008	69.4545677425527	3907.33134713494
1258.9	112.326684091854	365.213427607877	382.097018653856	72.9039609525605	3908.50336813198
1000	116.705451711388	462.540825912107	477.036872887844	75.8390498114723	3912.35644312225
794.33	123.386460783195	579.565034296352	592.553666500795	77.9814519308963	3913.56846311919
630.96	133.265094093142	726.784333275882	738.901246716314	79.6095176449245	3914.75548611619
501.19	147.72562737136	910.659947810685	922.564036546418	80.7858444208084	3915.96250511315
398.11	168.734736689344	1140.87464124396	1153.28502912296	81.5869745763403	3918.69855810624
316.23	199.916863689018	1426.66928040487	1440.6082007396	82.0231751597663	3919.8205791034
251.19	245.140517219617	1781.65034388185	1798.43593742925	82.1657601537496	3921.06260010027
199.53	310.756470028907	2219.91000347361	2241.5552652538	82.0311725747565	3922.27462209721
158.49	404.281111439111	2756.45153661147	2785.94118580313	81.6560768203536	3923.51164509409
125.89	535.751161371127	3413.09231251188	3454.88472175819	81.0791072325816	3924.78367109087
100	715.902567996932	4204.75312319104	4265.26263128654	80.3374595996367	3925.94569108794
79.433	954.84898041043	5150.52386482616	5238.28527836492	79.4972488705518	3927.24771608465
63.096	1255.10736383691	6279.4691263311	6403.672930694	78.6969676079488	3928.59974108124
50.119	1622.74171168916	7619.88727231657	7790.762010591	77.9778100563453	3930.21176907717
39.811	2050.71078489377	9214.75634774767	9440.18798921058	77.4534939573683	3931.6237980736
31.623	2524.09255933619	11132.8562600778	11415.4076473707	77.2255994793488	3933.14582606976
25.119	3034.80787786151	13463.5027121275	13801.3029868558	77.2972602311145	3934.59285106611
19.953	3562.25021111646	16302.8038912174	16687.4516113784	77.6742895495602	3936.35988606165
15.849	4111.65654264936	19822.6417094715	20244.5756652687	78.2817510687187	3938.17691905706
12.589	4709.31892751577	24213.0967159796	24666.814495156	78.9936847682339	3940.0239520524
10	5302.38976626487	29666.9883449152	30137.1122486997	79.8665071449791	3942.2009940469
7.9433	5957.90948962711	36456.831621468	36940.4555651749	80.7185600329782	3944.38803204138
6.3096	6609.14149468286	45050.8866109375	45533.0993424375	81.6540191284955	3947.51209203349
5.0119	7342.16380761582	55764.5461498021	56245.8174149089	82.4993717790529	3949.7641320278
3.9811	8122.81912180471	69259.7474179794	69734.444881191	83.3108785527224	3952.09617602192
3.1623	8996.64404804694	86113.1156061237	86581.8011104001	84.0356765379089	3954.53322401576
2.5119	10101.8447030084	107159.371083049	107634.465099792	84.6146788383467	3956.92526700972
1.9953	11211.6980947262	133734.337781189	134203.484589412	85.207780357173	3959.48731500326
1.5849	12519.4221254445	167131.974951108	167600.217724837	85.7161224748978	3964.90841398957
1.2589	14057.2886728139	208974.928496016	209447.196459503	86.151635176324	3967.61546398273
1	16032.7183642592	261078.29925831	261570.11756269	86.4859010784701	3972.52955597033
0.79433	18567.8590771945	326825.946062485	327352.966093708	86.7483684087367	3975.56161096267
0.63096	21731.434746017	409126.463477665	409703.207668504	86.9594963959275	3978.98867495402
0.50119	25902.3521396448	512719.783322537	513373.653450073	87.1079040532351	3982.66074294475
0.39811	31301.9093526088	641783.856877233	642546.751977889	87.2077091319644	3986.74281693444
0.31623	38552.523651518	804348.086932242	805271.471015495	87.2559048012079	3991.42490492262
0.25119	47469.440062758	1007398.10456184	1008515.88426493	87.3021705645061	3996.68200290935
0.19953	59751.4518353893	1262243.28627455	1263656.7373071	87.2897837494943	4002.8391138938
0.15849	77623.0553944368	1581083.33806696	1582987.63755177	87.1893288207163	4010.03124987564
0.12589	99683.8611320365	1982278.4689529	1984783.31327237	87.1211626113815	4018.48840485429
0.1	130797.038776418	2487184.13222217	2490620.96131275	86.9896795293865	4028.57059282884
