Frequency (Hz)	Z' (Ω)	-Z'' (Ω)	Z (Ω)	-Phase (°)	Time (s)
10000	92.7028401540788	51.8689750443862	106.227148812287	29.227830134365	80223.9914024539
7943.3	93.0443170249978	62.6548265711635	112.173402477195	33.9558092350304	80225.5584304499
6309.6	93.3982520262735	78.0661338067399	121.727378716109	39.8902769900434	80227.0104544463
5011.9	93.1235524566021	96.1624304143406	133.862649926447	45.9197718819328	80228.4824844426
3981.1	93.9952007921809	120.84115538931	153.093705317318	52.1227606921692	80229.9445094389
3162.3	94.4673854046316	150.055828886119	177.315647047539	57.8076049471542	80231.4065374352
2511.9	95.9568904231019	187.909445567685	210.992143344784	62.9486457721848	80232.8735634315
1995.3	95.7554392911686	235.934659022439	254.625740022251	67.9099429799823	80234.3355924278
1584.9	97.3703906876515	294.5518052868	310.228559259748	71.7075934972004	80235.7476164242
1258.9	100.437134897865	370.043868184883	383.431978905937	74.814644922843	80237.1796444206
1000	106.369500831132	465.907594950827	477.895760328472	77.139451952257	80241.3277214101
794.33	111.995979058083	584.615061596316	595.246058004958	79.1551175781614	80242.7397454066
630.96	120.196791079923	733.391464077556	743.175825876845	80.6924424923771	80244.2017724029
501.19	132.076613201215	919.594749355647	929.031073106373	81.8267983658818	80245.6838013991
398.11	149.80473387807	1153.66532057062	1163.35081990756	82.6014764673095	80248.7398613914
316.23	175.798243672753	1444.84805271107	1455.50366468154	83.0627797034371	80250.1118843879
251.19	213.973923149183	1807.15457969433	1819.7781498573	83.2474022456346	80251.6039103842
199.53	269.365596058513	2255.74995198496	2271.77588468143	83.1903909096196	80253.0809403804
158.49	348.658419134923	2809.48854812807	2831.04019669386	82.925744256538	80254.6029683766
125.89	462.366565462166	3489.34166958557	3519.84206008786	82.4518095762074	80256.1799953726
100	618.052347766415	4315.98136458475	4360.00961512958	81.8505975435674	80257.617023369
79.433	827.128322505532	5314.52152102089	5378.5016741919	81.1537120923586	80259.1540513651
63.096	1099.05977928333	6522.65998552305	6614.60699400818	80.4355769845983	80260.771079361
50.119	1427.08473544616	7953.26900082557	8080.28827713693	79.8274559452592	80262.6631163563
39.811	1815.59034681375	9689.31857916179	9857.9542926478	79.3869535410056	80265.2471663497
31.623	2247.8571103674	11779.3646009327	11991.9261167811	79.1961368251451	80267.0041953453
25.119	2718.99645387383	14325.4628969079	14581.214933155	79.2530021182497	80268.7312263409
19.953	3219.08870503549	17447.4163047257	17741.8958344732	79.5463559009394	80270.7882673357
15.849	3745.19552822753	21328.4443001938	21654.7691239395	80.0406085851405	80272.8953043304
12.589	4311.73088737371	26160.9247418904	26513.8644221468	80.6408954583036	80275.042344325
10	4884.08630415414	32179.1521193566	32547.6900892693	81.3696320750501	80277.4793893188
7.9433	5485.19752684927	39713.0511089805	40090.0713430775	82.1360184224905	80279.9514363126
6.3096	6151.14136031588	49126.09415538	49509.6926570732	82.8630644828506	80282.5034823062
5.0119	6914.79254221938	60995.2556505384	61385.9557861281	83.5322159097315	80285.1205302996
3.9811	7731.31128473748	75809.929123743	76203.1398823464	84.1769459967304	80287.702580293
3.1623	8695.81321071745	94383.2190520834	94782.9584156838	84.7360263069885	80290.3596282863
2.5119	10055.9445482693	117672.795709757	118101.688687791	85.1155511899721	80293.1216812794
1.9953	11185.1836951163	146979.494350783	147404.477862463	85.6481618932756	80297.3557612687
1.5849	12800.4841662743	183802.309087231	184247.499903496	86.0162010464697	80300.1278112617
1.2589	14573.7396352057	229249.536874195	229712.30712347	86.3625155081443	80303.1248662541
1	17333.9920517744	286725.699514098	287249.18458074	86.540396293442	80308.3489632409
0.79433	20672.9999603091	358945.118387784	359539.943457997	86.703761840724	80311.6460212326
0.63096	25094.3246627889	449138.502987139	449838.993414099	86.8020876494795	80315.3830932232
0.50119	30891.6366234921	562278.961541822	563126.916250527	86.855328194485	80319.3201652132
0.39811	38799.2129686573	704060.753340644	705129.011828036	86.8457482061824	80323.6622482023
0.31623	49692.5477963564	881047.725482975	882447.983671115	86.771843525064	80328.6443371897
0.25119	63984.764673144	1102118.12729922	1103973.92026796	86.6773557672568	80334.2364411756
0.19953	84438.6177256838	1380376.45084533	1382956.62484829	86.4995377933252	80340.6335591594
0.15849	114276.246500321	1726360.39132737	1730138.50926976	86.2128368727051	80348.1006991405
0.12589	150609.053172181	2156637.89687525	2161890.40081497	86.0052283788054	80356.8328581185
0.1	207786.760896677	2697636.18570428	2705626.79030665	85.595461120099	80377.9972520651
