Frequency (Hz)	Z' (Ω)	-Z'' (Ω)	Z (Ω)	-Phase (°)	Time (s)
10000	93.8922848040045	50.7791388339913	106.744002578309	28.4055572294171	63113.1565836546
7943.3	93.7051659587616	63.1568223462251	113.001957223013	33.9797768996677	63114.5036056512
6309.6	94.031018018163	77.3860159587926	121.780243945833	39.4538311748628	63115.9356316476
5011.9	94.7152262121813	96.8521508441285	135.467018862742	45.639105083655	63117.342659644
3981.1	95.2875633076782	119.772811757395	153.053082809158	51.4953221302451	63118.7696856404
3162.3	96.3624812799374	150.036456538441	178.316196934092	57.2889712883879	63120.1717106369
2511.9	97.8418872876886	187.557746670143	211.544187450278	62.4506290575882	63121.6087366333
1995.3	98.2927610275672	236.816221181953	256.404737642116	67.4586544486252	63123.0357636297
1584.9	100.616124449825	296.534954489079	313.139878861097	71.2576111637962	63124.4077886262
1258.9	106.065525526231	368.649557759322	383.604473567891	73.9487484072094	63125.7898136227
1000	107.907330635574	465.359600422548	477.706551881308	76.9450030370867	63129.9178946123
794.33	113.705537600055	584.016634847534	594.982671226276	78.9825874267107	63131.3399186087
630.96	122.085419844767	732.446475526921	742.551472458632	80.5368400205138	63132.7669446051
501.19	134.433472902151	918.802663024194	928.58531768324	81.6759036488767	63134.2289706014
398.11	152.4427085222	1152.29352571418	1162.33349292894	82.4638157319053	63137.2500305938
316.23	178.921118601441	1442.37730276325	1453.43216223124	82.9288098406836	63138.5670515904
251.19	217.744887714303	1803.78007410092	1816.87517233552	83.1167957267183	63140.0340795867
199.53	274.416138286617	2250.98416863915	2267.64943155159	83.0494032899963	63141.3711045834
158.49	355.609080969816	2802.98289047993	2825.45056633299	82.7696210873882	63142.8131295797
125.89	471.496112050888	3480.51661083565	3512.30756938824	82.2852599969473	63144.3301595759
100	630.131267186152	4300.8712504118	4346.78719590738	81.6647574182183	63145.7121835724
79.433	843.917409141109	5296.29831472959	5363.11219648246	80.9465429423938	63147.2042105686
63.096	1114.76270388464	6487.79504018703	6582.8702227408	80.2503806497861	63148.7662415647
50.119	1453.15147215465	7922.16816602638	8054.34029898334	79.6058665943859	63150.5882735601
39.811	1846.37907653165	9627.75606721538	9803.20368981775	79.1438156504486	63152.220305556
31.623	2288.89823267904	11700.3610585611	11922.1434322966	78.9312257570045	63153.9673355516
25.119	2758.76067129477	14220.9408699668	14486.059494168	79.021393764098	63155.6143665474
19.953	3264.36823344026	17308.8513198307	17613.9840460783	79.319731319686	63157.5914065424
15.849	3805.6338057313	21138.8485494571	21478.6816788231	79.7943432387307	63159.6034405373
12.589	4341.00794236866	25909.9578485209	26271.0918248146	80.4888834692305	63161.6654795321
10	4931.49582259623	31861.4456369318	32240.8338776069	81.2016096625167	63164.0525225261
7.9433	5579.97508623028	39274.6725264523	39669.0814618012	81.9137825006743	63166.45956752
6.3096	6229.35260502439	48618.1826883348	49015.6354829153	82.6985857417107	63168.8816135139
5.0119	6970.56206789399	60341.307333673	60742.5889000391	83.4104620264438	63171.4236625075
3.9811	7791.14595459571	74985.0814529509	75388.755101749	84.0681040718209	63173.9307065012
3.1623	8748.42641034173	93370.9556976976	93779.9036710882	84.6472776678487	63176.5877574944
2.5119	9967.16663189041	116314.225114743	116740.495864593	85.1021907353027	63179.3048054876
1.9953	11122.7598603832	145324.481460947	145749.513545689	85.6232622235562	63183.4238834772
1.5849	12649.1990829113	181348.475253678	181789.085795251	86.0100364666756	63186.2309354701
1.2589	14388.2569388514	227341.586973548	227796.442257972	86.378628530173	63189.1829884626
1	17135.319947425	283506.615599596	284023.978351191	86.5412143226269	63194.3770854495
0.79433	20294.3091082826	354657.412164592	355237.581043261	86.7249757716535	63197.6191464413
0.63096	24500.6211760876	443985.812547163	444661.311765683	86.8414309332184	63201.2512124322
0.50119	30047.1358031519	556027.050513862	556838.316994366	86.906802988048	63205.2082844222
0.39811	37295.0232401441	695860.336502638	696859.043620765	86.9321359248833	63209.4953664114
0.31623	47858.3436841477	871520.054115371	872833.103053184	86.8568367250536	63214.4424573989
0.25119	61326.9840792857	1090886.05764575	1092608.52538416	86.7823562605045	63220.0395613847
0.19953	79867.0612481178	1365791.67030756	1368124.86058617	86.6533400878102	63226.4716803685
0.15849	105487.511332522	1708791.55815481	1712044.45160407	86.4674865965149	63233.8788153498
0.12589	141794.424593647	2137288.73865104	2141987.117424	86.2043808246393	63242.500978328
0.1	191471.329758377	2674811.18094437	2681655.48194104	85.905573284794	63263.6153702747
