Frequency (Hz)	Z' (Ω)	-Z'' (Ω)	Z (Ω)	-Phase (°)	Time (s)
10000	92.6998870591075	51.2185779238889	105.908506671168	28.9215454597259	70224.160249701
7943.3	93.3292453569584	62.4697651140166	112.306810088702	33.7963036101199	70225.5022696977
6309.6	93.7734975437896	78.2505752504383	122.133620959258	39.8437703477583	70226.964298694
5011.9	94.4521525531012	96.6472684267546	135.136610939699	45.6581147302373	70228.3913246904
3981.1	95.4770965317143	120.016750698951	153.361978372935	51.4966486038256	70229.8033496868
3162.3	95.267167987477	150.346092013269	177.988147582968	57.6395091379668	70231.2303766832
2511.9	96.2827022564954	187.589371336403	210.855711310365	62.8302437789506	70232.6974026795
1995.3	97.0442802386424	235.214479114842	254.447329544451	67.5800415613478	70234.1244316759
1584.9	100.779093864855	297.0997264931	313.727068074299	71.2625679735099	70235.5064566724
1258.9	100.423343766436	370.109903648192	383.492097378428	74.8192177862342	70236.9184806688
1000	107.190509811707	465.554595503756	477.73516386002	77.0340335074911	70241.0515596584
794.33	112.912929907228	584.286418836262	595.096587939083	79.0624570286354	70242.4485856549
630.96	121.221848355523	732.937657321971	742.894572627468	80.6087650441705	70243.8856126512
501.19	133.201102640239	919.287030722948	928.887064502456	81.7554434800093	70246.9666706435
398.11	151.326202687349	1152.29776568414	1162.19179158194	82.5184111748017	70249.1757116379
316.23	177.573962161602	1441.68651479847	1452.58132956112	82.978188833033	70250.5127336345
251.19	215.997084758552	1802.43082611378	1815.32686410723	83.1664590405284	70251.9697616308
199.53	272.133690917787	2250.12243171709	2266.51885133324	83.1040415445045	70253.4217866272
158.49	353.018829505263	2804.58457172778	2826.71486251422	82.8257924437737	70257.3448636173
125.89	468.057210592154	3483.69667359276	3514.99929814909	82.3477665406034	70258.7518856137
100	625.714944257105	4308.61364719767	4353.81106070126	81.7370323132659	70260.22391461
79.433	837.492401055135	5303.97487018443	5369.68741598364	81.0271342960999	70261.7809426061
63.096	1110.03952451234	6496.99187572595	6591.13732061688	80.3043839793611	70263.3579736021
50.119	1438.50579989627	7934.74330139482	8064.0839650493	79.7243372748094	70265.2350065973
39.811	1834.52822425955	9647.33403725884	9820.21119080735	79.2332357890311	70266.8720375932
31.623	2269.46291513512	11731.8626163839	11949.3540567212	79.05168134217	70268.6340715887
25.119	2741.36812264388	14265.1948290332	14526.2136392841	79.1219816877975	70270.3361025844
19.953	3245.22286605149	17360.5975457373	17661.3085187764	79.4118771096315	70272.3531385794
15.849	3770.65653876442	21208.0825025003	21540.673484508	79.9185358081411	70274.3901745742
12.589	4334.18261451567	25996.2257709071	26355.0544159549	80.5345076598031	70276.4922165689
10	4905.3628347782	31985.212160631	32359.177701255	81.2808565124398	70278.9342615628
7.9433	5505.21517619123	39447.459685384	39829.7560846933	82.055219623712	70281.3913045565
6.3096	6172.39214924617	48801.2918971351	49190.0855424491	82.7915002540438	70283.8533505503
5.0119	6921.72782167839	60570.5363239191	60964.745440333	83.4807764078738	70286.4454005438
3.9811	7755.05242261572	75332.8644283444	75730.9797972853	84.1224578294822	70289.0174485373
3.1623	8712.18936865431	93781.9452876962	94185.7500131508	84.6925487478888	70291.6544945306
2.5119	9884.08696840009	116865.934859538	117283.169746528	85.165640706152	70294.3615445238
1.9953	11134.0615871324	145997.116002779	146421.054526168	85.6389391349088	70298.4256245135
1.5849	12539.8116250476	182312.669251704	182743.416421147	86.0652846447352	70301.2026715065
1.2589	14532.8822655961	228123.300732401	228585.749783295	86.3548261561115	70304.184729499
1	17210.6859740234	284996.639074761	285515.834929704	86.5441572512887	70309.3988254858
0.79433	20372.7387717594	356529.018062471	357110.612003692	86.7295678158723	70312.7308854774
0.63096	24753.6283730394	446318.333556959	447004.247168516	86.8255238688736	70316.3879534682
0.50119	30416.8305029172	558843.401080246	559670.555334815	86.8845688544185	70320.2800244584
0.39811	38091.6158091008	699462.407878013	700498.844559686	86.8828416258747	70324.6621054473
0.31623	47974.0813260711	876018.929743082	877331.566596857	86.8653994016469	70329.6441984347
0.25119	62367.8537447742	1096894.87893275	1098666.52111076	86.7457488470112	70335.2163044207
0.19953	82055.9340772928	1371691.15049261	1374143.29262164	86.5765889954537	70341.6084204045
0.15849	109683.967601007	1719324.37402768	1722819.45539119	86.3497732785252	70348.950557386
0.12589	146917.959871424	2146506.40649887	2151528.44277585	86.0844883561866	70357.5777173642
0.1	207941.23919034	2691009.18261957	2699031.30398646	85.5813875644902	70378.632107311
