Frequency (Hz)	Z' (Ω)	-Z'' (Ω)	Z (Ω)	-Phase (°)	Time (s)
10000	98.3934622947973	51.4508624236653	111.033619532539	27.6054891682768	14325.720250831
7943.3	98.9357501033253	62.7048820783866	117.133192925712	32.3662765409981	14326.8822698281
6309.6	100.041920589968	77.343608884174	126.453231317186	37.7080397272623	14328.124293825
5011.9	100.697782605075	95.9111455236512	139.064701693988	43.6053535880402	14329.3613158218
3981.1	100.897842631223	119.599824133235	156.475213948841	49.848060814327	14330.6083418187
3162.3	100.789016173437	149.118213313586	179.985186398896	55.9452351562258	14331.8303638156
2511.9	103.65923694679	188.379329768295	215.016300052676	61.177390522022	14333.0573868125
1995.3	104.842272328098	235.364230261284	257.659121618866	65.9895653240563	14334.3044098094
1584.9	107.55598870403	295.644921899191	314.601669656854	70.0085505493076	14335.5064328063
1258.9	107.03551489174	371.674679673282	386.779871449351	73.934566423801	14336.7384528032
1000	114.595462712273	463.452574996273	477.410106035593	76.1113533617291	14340.6415267934
794.33	121.031763018708	581.109558628929	593.579823435168	78.2348037963794	14341.8935497902
630.96	130.430525346455	728.479349201344	740.063702768191	79.8490399024277	14343.1205737871
501.19	144.300204032131	913.219515556815	924.54985397086	81.0207838494414	14344.3925977839
398.11	164.413802795038	1144.0886960356	1155.8420493069	81.8221717752474	14347.1736497769
316.23	194.287406252322	1431.99039750901	1445.11040920279	82.2734903517	14348.3356697739
251.19	237.73286261911	1788.77719003167	1804.50568010929	82.4296148334919	14349.6126947707
199.53	300.482767243142	2229.28021988631	2249.4399730125	82.3234176169198	14350.8047167677
158.49	391.230670590714	2771.28668904857	2798.76604068805	81.964488007213	14352.0867407645
125.89	518.489735828729	3432.89735156447	3471.83176904326	81.4112129852607	14353.4137617611
100	692.940249805479	4232.9054027872	4289.24869164118	80.702960677716	14354.7207897578
79.433	925.429828387131	5195.72128757784	5277.49372955176	79.9007385003056	14356.0628127544
63.096	1220.47488902539	6343.63538506635	6459.97436940794	79.1097260628389	14357.4748387509
50.119	1578.67517539403	7708.39101499007	7868.38657854233	78.4258947875626	14359.1268697467
39.811	1997.54247135319	9330.96599771453	9542.38452250612	77.9166929215228	14360.598896743
31.623	2464.56172015172	11294.3360214203	11560.1077260201	77.6903234662244	14362.175924739
25.119	2959.20983055378	13663.7495647385	13980.5212702938	77.7799610465577	14363.7029527351
19.953	3486.12014457212	16583.6157518348	16946.0716706526	78.1284384562079	14365.5049877306
15.849	4038.87836606926	20190.6547331491	20590.6550893637	78.6880281364369	14367.3820207258
12.589	4619.65180990865	24671.236428515	25100.021708287	79.3942663126341	14369.294057721
10	5211.62097126933	30283.8571183133	30729.0252873499	80.2354780551199	14371.5160997154
7.9433	5845.93764670354	37310.6190291066	37765.8215759207	81.0951277425864	14373.7531417098
6.3096	6513.09108591749	46093.1471932336	46551.0319291695	81.9571923161811	14376.1101847038
5.0119	7260.56380429017	57035.6676029646	57495.9404277557	82.7453434915003	14378.4372266979
3.9811	8071.71714072247	70822.4809388093	71280.9681747368	83.4979916778064	14380.8342726919
3.1623	8929.09467986374	88038.2579834443	88489.9067722499	84.2086997979916	14383.3113176856
2.5119	10096.4692435188	109709.333292987	110172.939067527	84.7419224076622	14385.7883606794
1.9953	11272.0297949212	136806.484138601	137270.07233211	85.2898126355239	14388.3904116728
1.5849	12651.9360382297	171084.818360756	171551.993748392	85.7706042077241	14392.4944876624
1.2589	14277.866949199	214033.40472758	214509.104291401	86.1835336889558	14395.2715386554
1	16421.5270196922	267086.782248813	267591.135506547	86.481663120673	14400.2906346428
0.79433	19113.9892146764	334324.846809062	334870.792661291	86.727853034345	14403.4176896349
0.63096	22544.6360255466	418215.728986674	418822.941808803	86.9143593314486	14406.8247506263
0.50119	27053.4671246305	523954.634510748	524652.598496143	87.0442589633191	14410.5568196168
0.39811	33063.9131413405	656623.899493978	657455.829496474	87.1173392184279	14414.7088986064
0.31623	40646.0913674593	821922.788778811	822927.19936662	87.1688899897535	14419.4859855943
0.25119	51237.8971111635	1029573.70626465	1030847.87370975	87.1509613775301	14424.8880865807
0.19953	64935.9492626271	1290182.36871306	1291815.47523038	87.1186872026787	14431.105202565
0.15849	82934.4502143272	1615434.99321991	1617562.46876334	87.0610851793423	14438.2573335469
0.12589	112543.180694376	2021605.25311316	2024735.48073212	86.8136211529977	14446.7044895256
0.1	150266.952310158	2531242.79725639	2535699.16504678	86.6026295540022	14456.8716774999
