Frequency (Hz)	Z' (Ω)	-Z'' (Ω)	Z (Ω)	-Phase (°)	Time (s)
10000	96.9008153403855	51.1219613980921	109.559221203966	27.8147836064374	25544.1759705072
7943.3	98.3520212621996	63.3233055787451	116.974189955645	32.7751949926843	25545.3679915041
6309.6	98.2908557901485	77.45017366067	125.138410298468	38.237023619867	25546.6800125008
5011.9	99.3264827202921	95.8967068620735	138.064943257059	43.9935034478872	25547.9570394976
3981.1	99.3284865918242	119.875787252887	155.680289754746	50.3550218179259	25549.2890604942
3162.3	100.757671166072	150.504208963173	181.117710935294	56.1989787294603	25550.5410834911
2511.9	101.428800961331	188.13601951993	213.735732869487	61.6697903904694	25551.8231084878
1995.3	103.629988719086	233.707780224593	255.653087404445	66.0866906537449	25553.1101344846
1584.9	105.52136042302	294.464693041613	312.800596152911	70.2848699700011	25554.3671584814
1258.9	108.098063752624	369.809842388656	385.284973642353	73.7059807866035	25555.6241794783
1000	112.989265478328	464.148127439615	477.702897540964	76.3183940958115	25559.4672544685
794.33	119.242852131237	582.028347117464	594.117711091564	78.4217664866822	25560.7942744652
630.96	128.423872647054	729.670562181987	740.885834916989	80.0180295277014	25562.1062984619
501.19	141.649847189942	915.388711224275	926.283526705389	81.2036561760088	25564.9323534548
398.11	161.378794316723	1145.50432069793	1156.81600265243	81.9809374052939	25566.9413914497
316.23	190.157275387722	1433.30636561518	1445.86545954175	82.4426817863011	25568.1234114467
251.19	232.615875582947	1790.19569541927	1805.24534993748	82.5965362776454	25569.4504354433
199.53	294.144424428169	2233.41353994075	2252.69993181801	82.4972273318324	25570.76245844
158.49	382.144856040363	2779.53771633138	2805.6843385361	82.171764692777	25574.4505284307
125.89	506.557521076862	3443.97950597521	3481.03366254002	81.6326491598478	25575.7225524275
100	677.609812155238	4252.64908464197	4306.29530973379	80.9466940051622	25576.9645734244
79.433	905.15493164004	5221.61476056351	5299.48734860336	80.1656366572055	25578.3715984208
63.096	1197.52237506994	6380.77551298516	6492.17652146829	79.3705691936227	25579.8036274172
50.119	1545.9919518966	7758.05446352623	7910.59417328233	78.729974734473	25581.5056574129
39.811	1964.07863961928	9408.11570593012	9610.94407635263	78.2080479717342	25583.0176854091
31.623	2422.73852599637	11397.9685682046	11652.6112716046	77.9998772743467	25584.639719405
25.119	2912.00358258658	13813.5099414142	14117.110956798	78.0958679126761	25586.1817454011
19.953	3429.29005611472	16758.8644938677	17106.1266630639	78.4354703707658	25588.0387803964
15.849	3982.92113097828	20431.4760727111	20816.0725221008	78.9690780336852	25589.9408153916
12.589	4551.4890551378	24979.3703169683	25390.6477674611	79.6734283504388	25591.9128523866
10	5140.27402152731	30671.1697577568	31098.9239576794	80.4860438164598	25594.1698933809
7.9433	5760.59297472039	37784.9535073869	38221.5533825587	81.3315880316624	25597.4189543727
6.3096	6463.28780471623	46670.8611020517	47116.2749509508	82.1154530656498	25599.6359943671
5.0119	7176.73955073859	57877.7740871747	58321.0281447881	82.9315067033359	25602.0280383611
3.9811	7979.84680593197	71890.5298088743	72332.0553506313	83.6660984687404	25604.425081355
3.1623	8906.81475040482	89425.5711431157	89868.0372728284	84.3120814801401	25606.8621273489
2.5119	10008.981621797	111402.263015111	111850.989794428	84.8660219404263	25609.4141743424
1.9953	11254.3542741362	139202.033711044	139656.244684648	85.3777435380499	25612.0712253357
1.5849	12723.4052668713	173929.08148912	174393.837130886	85.8161038648465	25617.4223273222
1.2589	14491.9982939607	217515.064400682	217997.296441459	86.1882869513566	25620.1393743154
1	16602.3177074142	271678.115733417	272184.928902608	86.5029893867136	25625.1434693027
0.79433	19459.3119954739	340141.434163982	340697.607943566	86.7257077396049	25628.2305222949
0.63096	23126.6343001569	425848.057330521	426475.566880721	86.891477693821	25631.757589286
0.50119	27864.7568150059	533598.811704165	534325.871097831	87.0107053022779	25635.5146592765
0.39811	34342.5260728801	667980.057414933	668862.29240489	87.0568719294436	25639.6617362661
0.31623	42581.5983585941	836793.662181266	837876.378462544	87.0869243136191	25644.9138332528
0.25119	53893.8837275498	1049091.65141325	1050475.05623324	87.059189277746	25650.3409332391
0.19953	69431.9106605511	1312140.33655036	1313976.04735416	86.9710185587262	25656.4880452236
0.15849	89914.0827082677	1644034.01613352	1646490.93179203	86.8695476142137	25663.7801802052
0.12589	120104.405094287	2058441.91525248	2061942.8184582	86.6607353479608	25672.2823401837
0.1	159448.545349765	2582402.21075167	2587320.04528031	86.4667991700561	25682.479527158
