Frequency (Hz)	Z' (Ω)	-Z'' (Ω)	Z (Ω)	-Phase (°)	Time (s)
10000	99.0379557002156	51.4112837782769	111.586902318365	27.4341364849193	10925.1302874167
7943.3	100.467335658414	62.8353954048119	118.49882889708	32.0231413674232	10926.2673064138
6309.6	100.319462119333	77.4890607776951	126.761780596999	37.6833234792641	10927.4893284107
5011.9	99.9967583927016	95.259801257768	138.107861560151	43.6102673084865	10928.7163514076
3981.1	100.975950077263	119.817039218968	156.691625115083	49.8774464939665	10929.9433764045
3162.3	100.588469422904	149.545563476746	180.227400071188	56.0741353767591	10931.1553984015
2511.9	101.529770441016	185.735155206867	211.673905254106	61.3373367667728	10932.3874193984
1995.3	106.03773930779	234.023040933957	256.925642639039	65.6243339540363	10933.6194423953
1584.9	107.251771124125	294.291054828842	313.225425790331	69.9761782420401	10934.8114643923
1258.9	110.565087690869	368.564997838087	384.791886930427	73.3013849614461	10936.0034863892
1000	115.243046307834	462.835828184624	476.967465948838	76.0180530765844	10939.9115603794
794.33	121.829886898559	580.595005538046	593.239480983387	78.1492063083687	10941.1585833762
630.96	131.442600565944	728.101678083262	739.87107719602	79.7667368223196	10942.3856043731
501.19	145.39626793195	913.130162077688	924.633315225319	80.9528333628692	10945.0816573663
398.11	166.010277765196	1142.23434921809	1154.23512373231	81.730635592428	10947.0256943614
316.23	196.235605031118	1428.18234371258	1441.60092243807	82.1764148844073	10948.1777153585
251.19	239.945981279149	1784.25079132291	1800.31246184334	82.3408168317147	10949.4447373553
199.53	303.365875502392	2223.16212046621	2243.76484246793	82.2295863570557	10950.7217603521
158.49	395.537506325789	2766.50313514289	2794.63584670094	81.8633466505632	10953.6028173448
125.89	524.792536717087	3424.73811524595	3464.71331636722	81.2880021483338	10954.8248363417
100	701.435443988195	4222.05626711119	4279.92649524917	80.5672648078069	10956.1068583385
79.433	936.525146975131	5180.93585973512	5264.90035362551	79.7536482459825	10957.4488853351
63.096	1236.53600394581	6320.35102519819	6440.17533695924	78.9302725150457	10958.8209093316
50.119	1598.92897528428	7673.88329164246	7838.68985492811	78.2302563856655	10960.4629413275
39.811	2016.44671488253	9289.51345042747	9505.84649043069	77.752970827936	10961.9099673238
31.623	2484.905924219	11239.6452814138	11511.0548389027	77.5333527143624	10963.4819983199
25.119	2982.5057526724	13601.2442242067	13924.4096826846	77.6318357494017	10964.9490233162
19.953	3512.48246071955	16496.1405963004	16865.9475752112	77.9796654439891	10966.7510573116
15.849	4065.11609682343	20064.9448138042	20472.595811515	78.5470144008332	10968.6130903069
12.589	4626.12446209108	24510.5109581275	24943.2591087701	79.311702330985	10970.4901263022
10	5239.57804919972	30073.8984424721	30526.9151022795	80.1169316469307	10972.6971682966
7.9433	5866.57135552845	37020.2096234985	37482.1634919501	80.9952499236126	10974.9442072909
6.3096	6513.53699992359	45675.2366563795	46137.3320410451	81.8840314959437	10977.1862482853
5.0119	7270.60333343329	56624.6908712812	57089.5549912617	82.6832628999934	10979.5432922793
3.9811	8059.9194652002	70232.7727699467	70693.7385681397	83.4533702695514	10981.8603352735
3.1623	8955.91335920523	87378.9247033554	87836.6943048988	84.1478977164976	10984.3223822673
2.5119	10195.6911296917	108837.187684797	109313.702438202	84.6482429107063	10986.8544282609
1.9953	11194.0322003995	135882.999789361	136343.301957445	85.2906117506268	10989.3864772545
1.5849	12563.5823868042	169816.149269018	170280.263550852	85.7687700162867	10994.8375772407
1.2589	14209.8937110559	212193.924880364	212669.186379723	86.1688198521457	10997.5896262338
1	16211.1150167675	265120.286718715	265615.448872803	86.5009336524253	11002.4937192214
0.79433	18841.2497712259	331800.81890045	332335.336845107	86.7499597446065	11005.6107772135
0.63096	22198.2650130544	415747.376956151	416339.578247744	86.9436720842322	11009.0328402049
0.50119	26529.9499616427	520710.817337834	521386.223003257	87.0833313233502	11012.7449081955
0.39811	32324.5656316099	652588.405275479	653388.478811239	87.1642941912078	11016.8619861851
0.31623	40055.7031648532	817779.409103634	818759.806848089	87.1958330264805	11021.5590731732
0.25119	50567.2028379906	1024718.87146927	1025965.79258186	87.1748944765685	11026.9261721597
0.19953	64193.2057812642	1284278.22232989	1285881.53420885	87.1385162026163	11033.1132871441
0.15849	82492.9183363691	1609842.41975538	1611954.62033504	87.0665665680163	11040.3254201259
0.12589	109594.81121646	2017029.24134432	2020004.45125342	86.8899054489635	11048.7525741046
0.1	143328.20491055	2527259.96576799	2531320.98100903	86.7540680598427	11058.8247600792
