Frequency (Hz)	Z' (Ω)	-Z'' (Ω)	Z (Ω)	-Phase (°)	Time (s)
10000	95.5487834386388	51.6699537327562	108.624832038301	28.403210420267	52510.0432584249
7943.3	95.7109875483931	63.5955011960528	114.912927514122	33.6021898988874	52511.3402824216
6309.6	95.7962208775798	76.8469150094862	122.810277586614	38.7362900039587	52512.7023064182
5011.9	95.5829208909489	95.7142296994818	135.267544270644	45.0393285489983	52514.0943324147
3981.1	97.0568148695881	120.430651523562	154.672451131477	51.1341535447414	52515.4513594112
3162.3	97.3722555718921	149.236798241593	178.193653379013	56.8768323888242	52516.8083824078
2511.9	98.8895944360763	187.992700137795	212.415647241042	62.2543325661511	52518.1804094043
1995.3	100.338308722886	235.588076905093	256.065456821511	66.9305678613751	52519.5524334009
1584.9	101.622463631381	294.648886852449	311.681073595909	70.9710226484856	52520.8594583976
1258.9	105.280342270718	374.556780843518	389.07162906655	74.3003998736755	52522.2364843941
1000	109.566700158933	465.437506401525	478.159946198954	76.7534156350941	52526.3145613838
794.33	115.383757763113	583.754383771605	595.048394778192	78.8191479426034	52527.6315853805
630.96	123.907922423328	732.117599933883	742.529025272557	80.3939515089303	52528.993608377
501.19	136.289684040598	918.57386473236	928.629540207089	81.5605395046338	52531.8546643698
398.11	154.750832461638	1149.87505490084	1160.24155331155	82.3351553584597	52533.9887023644
316.23	181.638631198201	1439.91001264902	1451.32127279609	82.8103520775753	52535.2707253612
251.19	221.291617005099	1799.07003143347	1812.62874239562	82.9876515619282	52536.6727493577
199.53	277.947149240811	2245.83821816033	2262.97236393214	82.9448924682551	52538.0597783542
158.49	361.500615575669	2798.74736899012	2821.99743630123	82.6401314779062	52541.9328483444
125.89	478.835195236782	3471.3555543684	3504.22495411493	82.1462407493046	52543.279873341
100	640.283742597719	4293.40413759335	4340.88497425797	81.5178815991097	52544.6119003376
79.433	856.731599766534	5282.22607359833	5351.25231386454	80.7873416316997	52546.1139273338
63.096	1131.62759991078	6464.73326969137	6563.02958039458	80.0711808858488	52547.64095533
50.119	1472.56046385024	7894.90358210503	8031.06075748588	79.4345758507684	52549.4329853254
39.811	1869.95318664705	9583.10865212308	9763.84639159423	78.9586086881391	52551.0300193214
31.623	2309.14782402552	11646.7324884885	11873.4384797166	78.785644331436	52552.7170473171
25.119	2791.01597935492	14136.7291098425	14409.6106859999	78.8317178832564	52554.374078313
19.953	3301.99455850824	17202.6143649029	17516.6523357628	79.1343894626801	52556.321117308
15.849	3821.20675459074	21011.798223179	21356.4342911666	79.6928312331997	52558.323151303
12.589	4380.4420447282	25744.4146421539	26114.4243240086	80.3435372671612	52560.4401902976
10	4975.06761249844	31627.3085006495	32016.213716556	81.0604608490761	52562.8122342917
7.9433	5604.12826714903	38997.8917662276	39398.5001725327	81.8223880379687	52565.1892782857
6.3096	6247.2530625379	48233.4791844419	48636.3720384588	82.6200727137277	52567.5613222797
5.0119	6999.25487252354	59806.7994452883	60214.9717982121	83.3249763354129	52570.0833702733
3.9811	7848.62512755689	74403.1573441317	74815.9791700178	83.9782645416792	52572.5454162671
3.1623	8787.22269177678	92585.4701558334	93001.5299154353	84.5783374671076	52575.1624642605
2.5119	10025.4983398132	115459.925280167	115894.369848856	85.0373984402572	52577.7495112539
1.9953	11153.6235595538	143989.767245892	144421.107841044	85.5706437485545	52580.4765622471
1.5849	12654.0366170697	179858.637126432	180303.227901454	85.9755606816439	52584.7806452362
1.2589	14619.2267772027	225165.464402404	225639.553605111	86.2851941836758	52587.622695229
1	16984.0839158378	280926.879539328	281439.817286333	86.5402623128481	52592.7567912161
0.79433	20101.6126049438	351673.110000195	352247.144951564	86.7285366927348	52595.9938502079
0.63096	24160.0015819154	440095.170307703	440757.829884626	86.8577750081281	52599.6059171988
0.50119	29798.92633397	551197.149489421	552002.059430868	86.905477008126	52603.472989189
0.39811	36922.1732710738	690505.872266289	691492.304015951	86.9392411278548	52607.7400681782
0.31623	46841.9905234422	863617.423418834	864886.828497685	86.8953600829747	52612.602157166
0.25119	59493.5980767098	1081593.69673427	1083228.69839541	86.8515899358587	52618.129259152
0.19953	77932.0840591802	1354065.20373726	1356306.00739576	86.706023466034	52624.471375136
0.15849	103917.923342073	1695477.91689916	1698659.56020753	86.4926588409146	52631.8635131173
0.12589	139791.604346006	2122888.1287429	2127485.76958887	86.2325277492642	52640.4406710957
0.1	187195.447008671	2656003.18687893	2662591.79449119	85.9684527550724	52661.4950650425
