Frequency (Hz)	Z' (Ω)	-Z'' (Ω)	Z (Ω)	-Phase (°)	Time (s)
10000	96.6096991973164	51.3224131764781	109.395722371824	27.9787854398239	31536.8609273771
7943.3	97.0913000598901	62.0060790689638	115.201885352742	32.5637997985721	31538.0579483741
6309.6	97.5283104659971	77.7537079160943	124.729348739794	38.563339116315	31539.3549723708
5011.9	98.3561880674275	95.9239355482884	137.387558178415	44.28273401576	31540.6519943675
3981.1	98.6539262571195	119.566329611575	155.011949032095	50.4740316342618	31541.9590213642
3162.3	99.9656669568996	149.798805979773	180.091134826519	56.283514813944	31543.2810433609
2511.9	100.70616204044	188.367591573171	213.597941535007	61.8698932865857	31544.5880703576
1995.3	101.580793809002	235.763524171199	256.715985089535	66.6907799414264	31545.8800923543
1584.9	103.950521323766	296.380276809638	314.08116684265	70.6725172192061	31547.1371173511
1258.9	108.273003579546	368.588878258432	384.1624714622	73.629846153357	31548.389137348
1000	111.772361819566	464.59097498075	477.847083176499	76.4727250310634	31552.3722143379
794.33	117.818040241343	582.684225501543	594.476237754415	78.5689834396205	31553.6792383346
630.96	126.782659743396	730.876272482054	741.791054468084	80.1590204292381	31554.9712603314
501.19	139.657691450925	915.644847311227	926.234180533737	81.327862241674	31556.2782863281
398.11	158.785132716448	1148.86186141093	1159.78286544351	82.1309564043911	31559.1143403209
316.23	186.942231799846	1437.74767377845	1449.85025829761	82.591714927988	31560.3313593178
251.19	227.860742353915	1796.10839944268	1810.50432213089	82.7698752817321	31561.6733843144
199.53	287.764863686448	2241.11294327151	2259.51230164201	82.6831060122327	31562.9904103111
158.49	373.463704474538	2787.83053157925	2812.73429448381	82.3699616904014	31564.3224353077
125.89	495.208528085592	3457.72292595465	3493.00433995738	81.8496306467103	31565.7344593042
100	661.830913364307	4270.86620225571	4321.84200028816	81.1912759983101	31567.0814873008
79.433	883.94839119068	5248.70989663718	5322.6234450077	80.4403796536646	31568.4935122972
63.096	1165.34343123383	6418.5288486019	6523.46057649271	79.7095138697649	31569.9605382935
50.119	1516.44139280562	7814.67454546978	7960.44802441593	79.0182105823252	31571.6625712892
39.811	1922.90875165582	9484.35773410333	9677.32502790106	78.5389045273207	31573.2046002853
31.623	2378.59879625306	11500.507300986	11743.9090772012	78.3145317556496	31574.8166302812
25.119	2867.3178692991	13955.0933689333	14246.6186409003	78.3891717308129	31576.3736562773
19.953	3378.09083327434	16957.7524438258	17290.9475050945	78.7338017229514	31578.2356912726
15.849	3911.51037261287	20677.2481435764	21043.9659804442	79.2879509109607	31580.1627262678
12.589	4486.54395962388	25326.5752841908	25720.896024972	79.9544019155278	31582.1147662628
10	5078.58565442954	31074.5279449439	31486.7959508502	80.7180715169782	31584.4518072569
7.9433	5721.36254383657	38323.3924497685	38748.1147698438	81.5089308202675	31586.7688492511
6.3096	6412.19319882667	47356.2476955185	47788.3920781855	82.2888584806226	31589.190894245
5.0119	7121.14226527057	58660.4464604843	59091.1046275627	83.0783914253943	31591.6129402388
3.9811	7958.29000541637	72914.124576189	73347.1467919667	83.771047745301	31594.0799862326
3.1623	8869.63455597344	90758.0865769549	91190.4638450017	84.4183051056726	31596.6070332262
2.5119	10127.0282171195	112990.096150573	113443.018862449	84.8784031237585	31599.1840782197
1.9953	11120.1852664596	141074.555978139	141512.150943972	85.4929860787301	31601.861131213
1.5849	12746.6252767844	176316.498567212	176776.650389548	85.8650524576501	31606.0152092025
1.2589	14699.4132260283	220391.705452292	220881.363137227	86.1842084372957	31608.7522561956
1	16868.0315846325	275241.557365448	275757.947103066	86.4930448753139	31613.7913521828
0.79433	19812.4437286431	344395.07135568	344964.488173181	86.7075033821053	31616.888406175
0.63096	23718.0341176414	431210.165954215	431861.959849055	86.8517085065715	31620.4204721661
0.50119	28790.9243106112	540107.514788073	540874.333697956	86.9486840883785	31624.2625461564
0.39811	35584.7126774226	675937.424182865	676873.454337885	86.9864467513878	31628.4396221459
0.31623	44446.9667666916	846238.730750488	847405.1700792	86.9934184927553	31633.2417121337
0.25119	56860.9739598961	1060348.8630315	1061872.34717355	86.9304664727877	31638.67881212
0.19953	73900.4565461933	1327615.47254095	1329670.68118683	86.813972662986	31644.8509241044
0.15849	95893.50670765	1662319.45458947	1665083.04109295	86.6984620106108	31652.0680580862
0.12589	126406.674702992	2081124.55697255	2084959.9682113	86.5241475169651	31660.6552200645
0.1	173315.484704774	2609109.49646821	2614859.57974784	86.199592833789	31681.6246070116
