Frequency (Hz)	Z' (Ω)	-Z'' (Ω)	Z (Ω)	-Phase (°)	Time (s)
10000	98.1726957545363	50.936093289294	110.600017139639	27.4221691241727	11888.4911269844
7943.3	98.2322782303744	62.1400629055788	116.236689148646	32.3167469875284	11889.6331449816
6309.6	99.0630243680932	78.2108823051251	126.215787078715	38.291314565986	11890.8701689784
5011.9	100.767585443666	96.0158812902236	139.187484121544	43.6167552472997	11892.0971889753
3981.1	101.414676772189	120.506107717847	157.501297334698	49.916942998042	11893.3142139723
3162.3	101.448985991003	150.822320789546	181.767074045184	56.0736817399922	11894.5262359692
2511.9	103.51848238344	187.283720326826	213.988943860255	61.0689846428149	11895.7632579661
1995.3	106.202156459478	233.994258167058	256.96733428939	65.5882932232442	11896.995280963
1584.9	107.680361664802	293.445659519088	312.578654707667	69.8493059008634	11898.0823019602
1258.9	112.430743075813	367.431617158667	384.248181877824	72.9863643536528	11899.2743239572
1000	114.913448441738	463.057714766634	477.103288437283	76.062900306975	11903.1573979474
794.33	121.412399785078	580.859438810893	593.412721870097	78.1939000875097	11904.4044179443
630.96	130.875316442737	728.139438616658	739.807671305839	79.8104918629145	11905.6464399411
501.19	144.777454593958	912.876408005439	924.28558771173	80.9882424133503	11906.903462938
398.11	164.97746545716	1143.93742620427	1155.77264164693	81.7934464420578	11909.659517931
316.23	194.881961851224	1431.24699760407	1444.45385776273	82.2461563225926	11910.8115359281
251.19	238.499216621533	1787.58963509522	1803.42967143965	82.4005090435506	11912.0735609249
199.53	301.664572884828	2229.4349518099	2249.75147936064	82.2941159941577	11913.3005839218
158.49	392.204503785193	2770.42165636843	2798.04584073681	81.9422664562092	11914.5826089186
125.89	519.571705142469	3431.02106150688	3470.13836630306	81.388922276663	11915.8896299153
100	694.046287729965	4229.25824245204	4285.82845327018	80.6804917292459	11917.171653912
79.433	926.011260299508	5192.51980990238	5274.44393566091	79.8884219773459	11918.5036809087
63.096	1220.23076255658	6339.69969399834	6456.06345414697	79.1052546641706	11919.8857059052
50.119	1577.64624654723	7698.86925671885	7858.85204793265	78.4193157968591	11921.522737901
39.811	1996.7573336151	9323.31905848425	9534.74268743742	77.9116871753764	11922.9797618974
31.623	2461.12915513633	11284.9367793221	11550.1928482411	77.6970191415862	11924.5467908934
25.119	2965.78381916602	13667.5998151137	13985.6769006052	77.7569780284821	11926.0388208896
19.953	3487.81556239897	16567.2578079532	16930.4131276381	78.1114353032894	11927.8558518851
15.849	4034.20709003101	20176.0497801671	20575.4176525542	78.6928059469519	11929.7078868804
12.589	4605.55813518373	24634.1818288353	25061.0071647705	79.4103455764972	11931.5999218756
10	5219.98851805062	30235.0877410227	30682.386002981	80.2046334002735	11933.80696087
7.9433	5838.97961663355	37218.1157279673	37673.3569157811	81.0838052224851	11936.0440028644
6.3096	6531.08041527538	46009.3278335416	46470.5633609611	81.9207712883152	11938.3760468585
5.0119	7277.64219254792	56951.4912100404	57414.6011649481	82.7178291196621	11940.7380898525
3.9811	8095.67114422441	70692.3059808803	71154.3534590107	83.4669574735075	11943.0501338467
3.1623	8964.09417585084	87927.6023729093	88383.3595392366	84.1788883304736	11945.5071808405
2.5119	10094.4638337598	109605.764904712	110069.622968547	84.738021344533	11948.0342248341
1.9953	11190.8745004444	136591.721221267	137049.385180208	85.3162536001271	11950.6512728275
1.5849	12703.073895988	170755.396331936	171227.25677556	85.7454096457065	11954.805352817
1.2589	14427.1276043953	213511.858510469	213998.728350212	86.1343650146618	11957.4874018102
1	16395.5116908226	266738.803794947	267242.21645085	86.482651822969	11962.3864917979
0.79433	19092.7168182072	333823.717260667	334369.265993796	86.726590816534	11965.50355079
0.63096	22490.9267923484	417897.454268503	418502.239028747	86.9193563037952	11968.9806147812
0.50119	26940.580490331	523143.611104888	523836.837877042	87.0520155983266	11972.7026817718
0.39811	32659.12224317	655427.08828824	656240.265701286	87.1473814436607	11976.8397597614
0.31623	40367.4627762834	820685.932088121	821678.118960425	87.1840352208123	11981.5718487494
0.25119	50389.0365963354	1027821.16597869	1029055.58850963	87.1933157611496	11986.9239467359
0.19953	64086.5884341821	1288317.69125106	1289910.68078669	87.1522033346831	11993.1060607203
0.15849	82956.6185961172	1613612.12012124	1615743.13390807	87.0569858866397	12000.3181957021
0.12589	108254.817687075	2019563.2638217	2022462.5786725	86.931706014671	12008.7653486808
0.1	141166.464250577	2536891.12775165	2540815.72820503	86.8150348245864	12018.9125376552
