Frequency (Hz)	Z' (Ω)	-Z'' (Ω)	Z (Ω)	-Phase (°)	Time (s)
10000	93.5943486807997	51.3330658780922	106.747298595457	28.7431521131658	63747.8643360521
7943.3	94.0647612420211	62.6719932197171	113.030783601861	33.6741045478544	63749.2263580487
6309.6	94.0794484085411	77.0454801773055	121.60159796897	39.3154392238896	63750.663387045
5011.9	94.6669388170293	96.6349861138662	135.278046431098	45.5894181474801	63752.0754130415
3981.1	95.8875664086025	119.23336301121	153.006601971049	51.1937310028187	63753.4774370379
3162.3	95.8273927981488	150.539573078702	178.451820593707	57.5208215769083	63754.8944620344
2511.9	97.2840985809297	188.604071849502	212.216143954498	62.7148080411869	63756.3514900307
1995.3	97.7657301536218	235.393376955568	254.88856370386	67.4454639163978	63757.813518027
1584.9	99.6225217419053	295.780789528491	312.107228837004	71.3858567144988	63759.1805440235
1258.9	101.565757811717	370.071726253468	383.756023707889	74.6531115002873	63760.56757102
1000	107.904535396352	465.664168842117	478.00262227578	76.9535758775442	63764.6856450096
794.33	113.635911364568	584.027943217266	594.980469267896	78.9893768698317	63766.1726710059
630.96	121.956885933089	732.511457184109	742.594449839537	80.5474465791536	63767.5546980024
501.19	134.253079845723	918.57658658902	928.335518483268	81.6848999702434	63769.0067259987
398.11	152.193847187622	1151.94964206065	1161.95995841743	82.4737570696169	63771.9827819912
316.23	178.849781527182	1442.61751808395	1453.6617721585	82.9327657295977	63773.3098029879
251.19	217.604042127681	1803.65060759275	1816.7297634541	83.1207163383773	63774.7568299842
199.53	274.175310744478	2250.23288760003	2266.87453324144	83.0531476270134	63776.1588569807
158.49	355.608986033943	2803.06744337769	2825.53443494714	82.7698387893317	63777.625883977
125.89	471.082274580467	3481.41773666432	3513.14502498613	82.2939210364739	63779.1029129732
100	630.16403594429	4302.30727204985	4348.21280244317	81.667073251113	63780.5749399695
79.433	842.17094050683	5297.07367160641	5363.60339468346	80.9662701936511	63782.1319679656
63.096	1117.2873416789	6494.84969938848	6590.25064937006	80.2391347760518	63783.7139979616
50.119	1450.88900352504	7917.10798549108	8048.95507221133	79.6152087383808	63785.5060299571
39.811	1843.74165200224	9630.72604331336	9805.62427388905	79.1622192575864	63787.138061953
31.623	2286.30511380278	11700.5011901183	11921.7833889632	78.9435856823129	63788.9050929485
25.119	2764.3458558353	14226.1086094092	14492.1970100251	79.0036074475101	63790.5621249443
19.953	3260.44177893773	17319.7580512374	17623.9751346637	79.3388464997411	63792.5641619393
15.849	3786.56394402191	21133.997788864	21470.5363007512	79.8421339189391	63794.6212009341
12.589	4323.23711404699	25910.5513652199	26268.7466620311	80.5273252012098	63796.6782369289
10	4922.01779006972	31885.0078040415	32262.6716468049	81.2246442201468	63799.0552799229
7.9433	5559.94235170611	39327.5635666784	39718.6381318069	81.9531254775536	63801.4673269168
6.3096	6222.42309870822	48648.5207710685	49044.8480722738	82.7111196561286	63803.8893709107
5.0119	6952.889332704	60350.6796348135	60749.8740941635	83.4280341929947	63806.4464189042
3.9811	7777.27970996388	75087.3605295982	75489.0574254897	84.0865948154475	63809.0384658977
3.1623	8697.96612887996	93432.2459449241	93836.2360556513	84.6814451345115	63811.695515891
2.5119	10003.7252104298	116524.367903455	116952.994118943	85.0931356656476	63814.3275628843
1.9953	11141.0242060247	145476.306960794	145902.290274383	85.6206607298895	63819.6536648709
1.5849	12528.7636153008	182018.340710975	182449.023765283	86.0624034196994	63822.3957168639
1.2589	14606.2423016899	227329.890586856	227798.642376129	86.3237246334966	63825.4027708564
1	17130.7506542064	283836.448881553	284352.936210736	86.5461428955991	63830.5318648434
0.79433	20286.8708873995	355170.015658988	355748.924318272	86.7308882490621	63833.7589238353
0.63096	24399.3433022523	444674.871483409	445343.765289655	86.859325688457	63837.3859918261
0.50119	30104.0330578089	556673.996026572	557487.390582547	86.9045516993775	63841.2930648162
0.39811	37670.5188862494	696799.264470497	697816.797562071	86.9054751222904	63845.5901438054
0.31623	47790.8323691466	872386.592317872	873694.643519419	86.8643732249159	63850.497232793
0.25119	61365.640980948	1092678.35664772	1094400.17040357	86.7856023886817	63856.1143387788
0.19953	80648.4063349092	1367313.57325099	1369689.9550777	86.6244276796987	63862.5164547626
0.15849	106701.166097383	1710857.86782374	1714181.95730236	86.4312532577338	63869.9435957439
0.12589	143740.128134342	2142717.94587663	2147533.79950534	86.1621724335743	63878.5907537221
0.1	201033.90773407	2676823.70789105	2684362.0834728	85.7050545270888	63899.610147669
