Frequency (Hz)	Z' (Ω)	-Z'' (Ω)	Z (Ω)	-Phase (°)	Time (s)
10000	92.1593262556356	51.214210678029	105.433565771372	29.0615325982119	82253.3319773303
7943.3	93.4930110264291	63.1125434587419	112.801313168862	34.0213543850361	82254.7790033267
6309.6	93.0522145911645	77.3095451249374	120.977189617485	39.7204454691481	82256.2660293229
5011.9	93.4048883681117	95.8786850692397	133.855128484739	45.7487709509731	82257.7030553193
3981.1	94.8106143090785	121.273078781668	153.935740563553	51.9819029684546	82259.1650813156
3162.3	94.5050906289375	150.170581639039	177.432848550067	57.8170429734211	82260.6271103119
2511.9	95.5562900687333	188.615647670053	211.439984671049	63.1323555094911	82262.0641373082
1995.3	95.1250456930135	234.566243376951	253.120715963891	67.9256765782653	82263.5061643046
1584.9	96.9198316540571	296.812547845731	312.235715968762	71.9163019118402	82264.933190301
1258.9	103.581410620429	369.735227187696	383.97037235919	74.3497718382176	82266.4002162973
1000	106.121870815069	466.152198159439	478.079201925965	77.1749097271781	82270.5832952867
794.33	111.692603173928	584.538976108673	595.114318592608	79.1824257698629	82272.070321283
630.96	119.854426241793	733.461633721584	743.189781705376	80.7193643411798	82273.5423472793
501.19	131.862415592512	919.961613861196	929.363797241956	81.8430850588964	82275.0443772755
398.11	149.42844002303	1153.86182509887	1163.49730128962	82.6210986512491	82278.1104362677
316.23	175.169539128514	1444.17905701326	1454.76373207274	83.0841775171656	82279.5474582641
251.19	213.152285809219	1806.66174837505	1819.19228505051	83.2712752566196	82281.0744892603
199.53	268.268459777766	2256.1210692821	2272.01457868785	83.2189730559876	82282.5115132566
158.49	347.7757844617	2809.54781263833	2830.99044642662	82.9436194318088	82284.0485422527
125.89	460.297623922747	3489.70198765545	3519.92810512307	82.485965478102	82285.5955722488
100	616.647452133549	4320.50651177883	4364.29038888868	81.8772765141151	82287.1375992449
79.433	825.742248045538	5321.17193392473	5384.86035200502	81.1791667036789	82288.709630241
63.096	1097.65934138467	6526.26519995584	6617.92969816722	80.4527191559308	82290.306660237
50.119	1429.01268519437	7963.46436624944	8090.66387677618	79.8267689622107	82292.2036952322
39.811	1812.44200247533	9700.20764779153	9868.07855778469	79.4165649300978	82294.8177432256
31.623	2249.87664274542	11788.8082900484	12001.5809711506	79.1951173856065	82296.5147732213
25.119	2715.89651759357	14340.3924681682	14595.3057534048	79.2758866583527	82298.2468052169
19.953	3215.73769768125	17464.5143396204	17758.1032224474	79.5669976653188	82300.3338462116
15.849	3746.21292220774	21349.6194549813	21675.8013030899	80.0476402652092	82302.4508822063
12.589	4293.13190094895	26183.4706950519	26533.0947904233	80.6884410259986	82304.7079252006
10	4867.26048043857	32228.6497884963	32594.1113051726	81.4119312008939	82307.2049711943
7.9433	5470.08044301439	39757.7719872836	40132.3088476838	82.1661333273632	82309.6620161881
6.3096	6181.86612628787	49183.2071746574	49570.1859668553	82.8360280437975	82312.1540621818
5.0119	6900.37864831148	61042.533514071	61431.3122381946	83.5505409786476	82314.7661131752
3.9811	7725.2736290834	75919.8606450885	76311.8935226605	84.1898297412091	82317.3231581687
3.1623	8665.59669676045	94559.8162341186	94956.0498985777	84.7639578923306	82319.9402091621
2.5119	10019.9548449494	117809.040999029	118234.38432286	85.1385499739534	82322.7022581552
1.9953	11171.2554580777	147205.162550971	147628.441806338	85.6601978930269	82326.8763381446
1.5849	12897.7132462771	184067.439058597	184518.760912199	85.9918025418612	82329.6533871376
1.2589	14557.2957929236	230173.080325641	230632.958978973	86.3811485066346	82332.7254431298
1	17386.6233953294	287333.203649868	287858.758061636	86.5372363700753	82337.9495441167
0.79433	20738.0259455395	359467.815130772	360065.51603147	86.6982140504463	82341.2416031084
0.63096	25142.7586538022	449808.596002482	450510.744988893	86.800691554855	82344.9136710991
0.50119	31085.2401450609	563077.056455268	563934.449791113	86.8401358706854	82348.8707450891
0.39811	39107.3234640948	704764.390215752	705848.587492181	86.8239186522866	82353.2878260779
0.31623	49792.4597444918	882318.814691903	883722.682636771	86.7700167698235	82358.1699170656
0.25119	64173.7871902551	1104183.85807069	1106047.13615027	86.6737825517631	82363.7970200514
0.19953	85812.3336586963	1382147.08071786	1384808.40167327	86.4472799344471	82370.1991370352
0.15849	112686.89435082	1728687.66820442	1732356.60023001	86.2703721932768	82377.6612750164
0.12589	166909.499759714	2205909.532688	2212215.09973914	85.6729766440782	82386.3734399944
0.1	196075.327386045	2667129.68433529	2674327.25878341	85.7954367580245	82407.522830941
