Frequency (Hz)	Z' (Ω)	-Z'' (Ω)	Z (Ω)	-Phase (°)	Time (s)
10000	97.8169358400806	51.3450348927726	110.473822896116	27.695405939805	22928.3715361114
7943.3	98.0151979782337	62.4992718287254	116.246023647406	32.5235715484371	22929.6735571081
6309.6	98.4074534672448	77.9692309202299	125.551694007688	38.3901450128189	22930.9505831049
5011.9	99.6979451464691	96.5820496820312	138.808402437355	44.0905203295822	22932.2126061017
3981.1	99.1309166391039	119.051235286482	154.919770387598	50.2167170302724	22933.4646270986
3162.3	99.9397451411145	150.133069860149	180.354903799435	56.3493090152415	22934.7366520954
2511.9	102.423988508302	187.606482463856	213.744861188309	61.3676126875575	22936.0286770921
1995.3	102.238056818283	234.977111902356	256.255465073334	66.4862413907996	22937.2956990889
1584.9	107.104792371197	292.689796492076	311.670905795601	69.9007704829176	22938.5277220858
1258.9	104.606832766814	369.951124884393	384.45601083184	74.2112975678549	22939.7797440826
1000	113.203051947035	463.880338132298	477.493349771343	76.2858688974753	22943.7028200727
794.33	119.4980637925	581.876397238146	594.020141841168	78.3947095463663	22944.9998410694
630.96	128.635659667783	729.523799787407	740.778041922425	79.9999291085304	22946.2718640662
501.19	142.001599920673	914.786911872016	925.742701031108	81.1764458471256	22947.553889063
398.11	161.623730885705	1146.29256026835	1157.63071145853	81.9743754867153	22950.304941056
316.23	190.551962161823	1434.64464225285	1447.24403603142	82.4341600890736	22951.506964053
251.19	232.595244914271	1791.99530572704	1807.02731681191	82.6045375407864	22952.8439880496
199.53	294.198215362396	2235.9596620546	2255.23129639905	82.5043187644089	22954.1360100464
158.49	382.057347114961	2779.67474772179	2805.80817583931	82.1739161393775	22955.4430340431
125.89	506.042653231127	3445.80995245043	3482.76978786936	81.6454112285737	22956.8250600396
100	677.380330983816	4251.12453595175	4304.75364370305	80.9465173776634	22958.1370840363
79.433	903.637576605646	5221.28514549613	5298.90360739203	80.1811936264102	22959.5091110328
63.096	1193.86637504259	6385.33559354474	6495.98549595415	79.4096814239251	22960.9361390292
50.119	1544.93593910434	7762.26993424355	7914.5221958118	78.743436198894	22962.6331700249
39.811	1959.65566758664	9410.5547343841	9612.42897213516	78.2368261131761	22964.1351960211
31.623	2419.78470998508	11401.1925329926	11655.1511880818	78.0173758494965	22965.752225017
25.119	2908.55358944198	13811.2864121388	14114.2239014685	78.1077098541061	22967.3892550129
19.953	3429.88434652484	16776.1124234488	17123.1438315144	78.4450920574407	22969.2462920082
15.849	3970.50046715942	20441.025699809	20823.0738753904	79.0076503828052	22971.1533260034
12.589	4558.09332745831	25017.1367576392	25428.986341029	79.6740426959888	22973.1053629985
10	5149.17878168841	30700.6340550394	31129.4550788676	80.4788431802019	22975.4174059926
7.9433	5786.71093078285	37817.7944460424	38257.9612650695	81.3003328125293	22977.7594499867
6.3096	6436.54923561113	46740.9236155618	47182.0210090479	82.1592874292362	22980.0914909808
5.0119	7198.72780044057	57907.4699811314	58353.2069518074	82.9136690256457	22982.5035369748
3.9811	8004.74663356544	71931.4244233433	72375.450176415	83.6500785155094	22984.9505829686
3.1623	8904.06269799071	89491.2232201333	89933.0938307222	84.3179715839334	22987.4626289622
2.5119	10122.2590927772	111473.833621363	111932.460490175	84.8115486140047	22990.0346759557
1.9953	11224.7387590432	139257.010351008	139708.660046934	85.3916665539099	22992.691723949
1.5849	12661.183440821	173841.37140458	174301.830104986	85.8343991602489	22998.2728289349
1.2589	14507.8173932558	217348.136356278	217831.790937556	86.1812164718437	23000.9948799281
1	16631.2182850629	271493.461762123	272002.384550626	86.4945404390572	23005.9339729156
0.79433	19487.591792471	339723.753614693	340282.228457389	86.7169369851889	23009.0010269079
0.63096	23120.0759619025	425353.289276946	425981.171662787	86.8887498011384	23012.4230908992
0.50119	27866.8616552644	532778.116292722	533506.404065532	87.0058832008931	23016.1701608898
0.39811	34188.1837956698	666961.770396008	667837.431626159	87.0656103817984	23020.3372378792
0.31623	42888.9601986343	835337.005564197	836437.311322181	87.0608263584892	23025.1093248672
0.25119	53971.7989684367	1046361.74672171	1047752.76668038	87.0472752610159	23030.5364248535
0.19953	68882.4115156469	1310716.60125748	1312525.35039449	86.9916882836304	23036.668540838
0.15849	90438.5036120503	1642299.40095195	1644787.6596396	86.8480070236047	23043.9106758197
0.12589	118588.286333087	2056769.09399286	2060185.0129684	86.7001186519428	23052.3828307983
0.1	158344.68629976	2572334.9254587	2577203.9128509	86.477500320953	23062.5300187727
