Frequency (Hz)	Z' (Ω)	-Z'' (Ω)	Z (Ω)	-Phase (°)	Time (s)
10000	97.2857698861329	51.0086567648809	109.847185158724	27.66882073181	26076.4608261633
7943.3	98.2764590859811	62.8129767066811	116.635039560299	32.5845052044646	26077.7278471601
6309.6	98.4084418225042	77.3764129956428	125.1851856651	38.1771983976144	26079.0248691568
5011.9	98.8053785647779	96.6143044182539	138.191268362195	44.3576182344176	26080.3118931535
3981.1	99.7163049593126	119.423725265118	155.580743123746	50.1388268741921	26081.5939171503
3162.3	100.394890471006	149.407394052883	180.004731688805	56.1007164415441	26082.8709401471
2511.9	101.751145118393	187.3387426094	213.187945286255	61.4918498350639	26084.1379671439
1995.3	102.454809326096	235.281810826907	256.621352307315	66.4690074677455	26085.4449901406
1584.9	104.609352347397	296.815448727177	314.710227354717	70.5855525461298	26086.6920101374
1258.9	108.726222482653	369.747765734624	385.402129886556	73.6137571871642	26087.9390361343
1000	112.761901914954	464.08545955968	477.588274875124	76.3431184500674	26091.9271121242
794.33	118.907627486846	581.884391717512	593.909478960397	78.4506609539339	26093.2291331209
630.96	128.011067639183	730.051164443429	741.189271470742	80.0545572042943	26094.5211561177
501.19	141.178523400514	914.635851726477	925.467512521627	81.2253649989798	26095.8381841143
398.11	160.631130673511	1147.21610324181	1158.40715971491	82.0293670232078	26098.7042361071
316.23	189.236588057881	1435.78941627843	1448.20638520791	82.4917108035542	26099.926258104
251.19	231.128260551282	1794.24228201298	1809.06761603557	82.6597727092953	26101.2882831006
199.53	291.918754025171	2238.36797952512	2257.32314273234	82.5696563439624	26102.6053090973
158.49	378.805615580493	2783.07873453573	2808.74009780548	82.2490859194391	26103.9373340939
125.89	501.516383782843	3450.86587240394	3487.11828771621	81.7310621021422	26105.3193560904
100	670.398372784724	4258.94531852318	4311.38599575622	81.0545022232128	26106.686383087
79.433	896.7694426228	5237.07617570927	5313.30050942008	80.2832097705775	26108.0684070835
63.096	1182.86550719339	6399.11084118495	6507.51798813331	79.5271797572514	26109.5054340798
50.119	1532.01328198471	7783.60307526333	7932.94028273416	78.865051519007	26111.2274660755
39.811	1941.85454816201	9441.35369800026	9638.98120845563	78.3777397860158	26112.7544940716
31.623	2405.50078285658	11451.8568448815	11701.7716270649	78.1372938212636	26114.3515240676
25.119	2894.9852214707	13876.593338225	14175.3582708517	78.2157713064692	26115.9135540637
19.953	3414.44291069812	16865.3162231811	17207.4783654757	78.5549610660911	26117.775587059
15.849	3956.8436010935	20548.6983387329	20926.1944629156	79.1005699580847	26119.6926250541
12.589	4522.16807842909	25145.3830458238	25548.7826060414	79.8048567284705	26121.6346610492
10	5128.15081456288	30868.2035454343	31291.2754757499	80.5675688923896	26123.9067020435
7.9433	5761.16996884059	38040.0263814736	38473.8181951451	81.387989245121	26126.1737430378
6.3096	6443.38938401145	47031.7837650909	47471.1064846846	82.1989998381072	26128.5057870319
5.0119	7196.66749906449	58281.8273384079	58724.470376463	82.9607227876059	26130.9228300258
3.9811	8018.11396520302	72341.5622600858	72784.5573029668	83.6753286809515	26133.2948760198
3.1623	8967.16190981065	90099.6210971797	90544.7497902121	84.3163559761598	26135.7919230135
2.5119	10152.1614727981	112169.323448311	112627.809644961	84.8283945877499	26138.3989680069
1.9953	11307.5037242999	139961.96244925	140417.985219559	85.3811151976499	26141.0610180002
1.5849	12869.6182937811	174897.34104369	175370.199803674	85.7915411634248	26145.2850979895
1.2589	14726.4902245093	218610.47201322	219105.928692438	86.1461457909986	26148.0021469826
1	16873.5296411981	273059.060938421	273579.90928269	86.4639361417679	26152.9662399701
0.79433	19775.5686008291	341776.027369261	342347.668310739	86.6884901177474	26156.1232989621
0.63096	23479.3344933316	427779.861663057	428423.726225234	86.858388051438	26159.6453619532
0.50119	28379.2417965463	535610.878906518	536362.186370329	86.9670300081798	26163.4224319437
0.39811	34899.2417528928	670548.919647485	671456.484602939	87.0206845935956	26167.644509933
0.31623	43370.2901034797	839922.19931444	841041.189814664	87.0440957588745	26172.3315979212
0.25119	55339.9399967778	1051929.16256201	1053383.81989057	86.9885569905491	26177.7586999075
0.19953	70705.9865460281	1317120.18413822	1319016.64735428	86.9271826061977	26183.920813892
0.15849	91863.0233543901	1649145.33360869	1651701.89393338	86.8117244173329	26191.2129488735
0.12589	121978.586195373	2066223.11307706	2069820.45803593	86.6214896346086	26199.8101058518
0.1	160693.311470761	2589020.25216792	2594002.35282991	86.4483657894596	26210.0122968261
