Frequency (Hz)	Z' (Ω)	-Z'' (Ω)	Z (Ω)	-Phase (°)	Time (s)
10000	96.0495484234718	50.7996639846469	108.655978267677	27.873924179292	37741.6818147114
7943.3	96.8422075922696	63.0966986904959	115.583764244739	33.0859050303406	37742.9538347082
6309.6	97.2144979897426	77.6152344877418	124.397681827214	38.6035708848877	37744.2608607049
5011.9	97.6929848148965	96.4276554456532	137.266937085335	44.6265363347195	37745.5828857016
3981.1	97.7785265021128	119.542990456085	154.438229762284	50.719027639474	37746.8949106983
3162.3	100.035262396461	150.689841182597	180.871451474148	56.4218543295559	37748.2969356947
2511.9	100.133911265889	187.372334513956	212.450445814111	61.8794448792861	37749.6739596912
1995.3	101.950991733212	235.17085046045	256.318812461506	66.5623598896389	37751.0059836879
1584.9	104.163389543747	296.155639009719	313.939762117667	70.6222881598025	37752.2980066846
1258.9	109.272319818419	370.07684922957	385.872147497309	73.5497490998667	37753.5650316814
1000	111.17781232198	464.909056716397	478.017716167122	76.5509294387847	37757.4831076715
794.33	117.089459397338	582.95717453413	594.599872891659	78.6430096956617	37758.870128668
630.96	125.732544159314	731.015944858541	741.749947285606	80.2407860848704	37760.2521546645
501.19	138.527363856873	916.614438484333	927.023116958301	81.4059605841747	37761.5891816612
398.11	157.341537808335	1149.70752091626	1160.42394975772	82.2072791162784	37764.5352376537
316.23	184.845281815467	1438.65605714286	1450.48234355448	82.6784821620509	37766.00226365
251.19	225.305456950535	1798.07801652799	1812.13881986258	82.8578629192715	37767.4092896465
199.53	284.09707997	2244.11676419919	2262.02811702404	82.7849422105936	37768.761312643
158.49	368.432838690988	2792.58363466149	2816.78293682795	82.4842249247655	37770.1233396396
125.89	487.268838432981	3464.80353264625	3498.89903265953	81.9947710199374	37771.5303666361
100	652.333797617575	4280.98924879213	4330.4051001942	81.3359616372057	37772.8923916326
79.433	871.635127945778	5262.08445412769	5333.7867035195	80.5946725314734	37774.329417629
63.096	1155.96862080587	6443.80031063441	6546.66525000476	79.8297517905699	37775.8114446252
50.119	1498.24625833652	7851.19752242705	7992.87460096704	79.1961256091301	37777.5184756209
39.811	1900.11504160165	9531.01951553545	9718.57860887272	78.7252672561364	37779.080502617
31.623	2349.94289988395	11566.1223602255	11802.4327189111	78.5152764801431	37780.7175346129
25.119	2834.69891556855	14036.1452512921	14319.528325238	78.5822885542135	37782.2895626089
19.953	3348.01990559378	17055.6139073226	17381.1162772679	78.8940431956133	37784.2916026038
15.849	3903.19206723136	20819.1513856791	21181.8784042757	79.3814050256607	37786.223635599
12.589	4451.53721976028	25477.8524236968	25863.8192798857	80.089219114374	37788.195675594
10	5039.37162221445	31321.8159293643	31724.6185077104	80.8600012881414	37790.4927165882
7.9433	5661.1458825883	38590.0736200394	39003.1069878287	81.6542648257905	37792.8297605823
6.3096	6335.41881290885	47727.588985406	48146.2385020347	82.4386917222569	37795.2518045762
5.0119	7100.56581230051	59195.8084080298	59620.145655097	83.1600234422774	37797.70884957
3.9811	7911.31865406315	73568.8118241175	73992.9661255619	83.8622099485345	37800.3558985633
3.1623	8822.56058879238	91536.5156382053	91960.7050349567	84.4946685642068	37802.832945557
2.5119	10085.8586611265	114035.727742075	114480.879393009	84.9456423034263	37805.4799925503
1.9953	11229.0939979182	142370.839274416	142812.984100591	85.4902946478898	37808.1720445435
1.5849	12841.9773209086	177695.500267107	178158.938020768	85.8664450487311	37813.6931455296
1.2589	14689.5383184517	222140.099940062	222625.260330875	86.2166895446294	37816.4451965227
1	16934.2227991191	277627.80929851	278143.790866703	86.5095035523855	37821.6292935096
0.79433	19990.3336065734	347398.735999119	347973.411644464	86.7066659573972	37824.8263505015
0.63096	23822.7833115842	434871.007174536	435523.039443043	86.8643989209837	37828.3784184925
0.50119	29146.7077494172	544647.924371004	545427.256464391	86.9367515844354	37832.160486483
0.39811	35803.6841858838	681599.839398345	682539.555534426	86.9930798171118	37836.3525634724
0.31623	45408.0690623783	853943.850415547	855150.274746201	86.9561901021976	37841.2196554601
0.25119	57683.2881833267	1069118.97451583	1070673.96690375	86.9116556462677	37846.6667554463
0.19953	74785.7091686386	1337365.94582861	1339455.32786947	86.7993446466209	37852.9838734304
0.15849	97429.8393986154	1676024.38288965	1678853.86667389	86.6730536190787	37860.271007412
0.12589	130843.6732777	2095363.92725544	2099445.17777439	86.4268407908718	37868.7981653905
0.1	177100.211980514	2624229.47752252	2630198.63048053	86.1391593298669	37889.8475583373
