Frequency (Hz)	Z' (Ω)	-Z'' (Ω)	Z (Ω)	-Phase (°)	Time (s)
10000	92.3857064610871	50.9451777229165	105.50132649182	28.8741012860507	78190.880755587
7943.3	93.0581094315231	63.9514092706162	112.91410221344	34.497634167972	78192.2577795835
6309.6	92.3996050446958	77.4349886584271	120.556478386466	39.9645082281728	78193.7248095798
5011.9	93.4021761261163	96.4055806049913	134.231153153355	45.9065385099656	78195.1668345762
3981.1	94.1120433419128	120.376734399094	152.799328815869	51.9812571845906	78196.6138625725
3162.3	95.1426177768475	150.005805401014	177.634060279661	57.6146956275002	78198.0608865689
2511.9	95.4029284105657	186.656606023105	209.624443520731	62.9277583751117	78199.5079155652
1995.3	98.8266366631723	237.948574023457	257.655250274376	67.4455340088285	78200.9499415616
1584.9	98.0941356683788	294.796148371031	310.688314146061	71.5950112088588	78202.361966558
1258.9	102.103632615974	369.799880207557	383.636681242685	74.5648996034226	78203.8189955543
1000	106.191182332089	465.949969864296	477.897417466997	77.1614252947974	78207.9820725438
794.33	111.824747440802	584.536738179842	595.136935857731	79.1698894449037	78209.4641005401
630.96	120.033758909028	733.240923054421	743.000911519986	80.7029714968916	78210.9311255364
501.19	131.914583150645	920.192673314427	929.599921078611	81.8419228709663	78213.8971825289
398.11	149.704458921686	1152.16691405922	1161.85197976066	82.5968651103154	78216.0862235234
316.23	175.626386987593	1442.96153428319	1453.6102012669	83.0605227948231	78217.4632475199
251.19	213.58596298077	1804.55987445463	1817.15582823106	83.2499302708578	78218.9152735162
199.53	269.77698273006	2252.70078494799	2268.79713657176	83.1709448200741	78220.3772995125
158.49	348.974100707612	2807.90417325116	2829.5068066937	82.9154494066442	78224.3303765025
125.89	463.294384084806	3488.52428041213	3519.15378199781	82.4350864015959	78225.7673994989
100	618.592209270045	4313.2706865935	4357.40293491391	81.8385180022886	78227.2844304951
79.433	829.340932363148	5311.48263266484	5375.83985431051	81.1254297433865	78228.8764604911
63.096	1096.69622478643	6510.91112456031	6602.62874023551	80.4388619394778	78230.493489487
50.119	1434.33758236944	7955.00581405001	8083.2816233116	79.7790288297319	78232.3705244822
39.811	1819.46883112618	9682.9456522306	9852.40596664039	79.3579586523196	78234.9245734758
31.623	2256.83700672984	11774.2971065093	11988.6356866533	79.1494413544883	78236.6316014715
25.119	2719.41973942691	14309.8488223208	14565.9540379908	79.2399134266335	78238.3786344671
19.953	3224.0560008053	17425.2990496086	17721.0491806952	79.5175874831843	78240.400673462
15.849	3751.5563729655	21298.1334894522	21626.0182501093	80.0101213791648	78242.4677104568
12.589	4299.32633872824	26127.6735862626	26479.0395218023	80.6556787913095	78244.6297514513
10	4878.03508047588	32120.7608794413	32489.0520902134	81.3647304044166	78247.0367934452
7.9433	5514.65358409644	39676.1471491488	40057.5592960118	82.087060422714	78249.5238404389
6.3096	6167.43470991846	49091.1393558128	49477.037241057	82.8393134102615	78252.0808894325
5.0119	6910.2340440782	60902.4889288412	61293.2662881622	83.5266818385475	78254.6779384259
3.9811	7747.13463137781	75724.3006318131	76119.5625392967	84.1585578948939	78257.2199854195
3.1623	8665.53317111448	94322.2854615922	94719.5069657658	84.7508838572738	78259.8320304129
2.5119	10003.3342381781	117586.39779213	118011.13354938	85.1374296915865	78262.569081406
1.9953	11142.0205331656	146765.521371275	147187.848971794	85.6585952014773	78266.6631593957
1.5849	12804.8902544947	183696.656520897	184142.409106067	86.0125495258676	78269.4552113886
1.2589	14501.4493150755	229248.315286931	229706.51295541	86.3804912527231	78272.5322663808
1	17271.3089915529	286524.98404595	287045.056736418	86.5504677282637	78277.7263653677
0.79433	20586.7946539906	358497.815301036	359088.428788427	86.7133901779284	78281.0584243593
0.63096	24936.839235282	448629.389513117	449321.905860329	86.8185167267685	78284.8604943497
0.50119	30711.2399944512	561644.626194974	562483.658781025	86.8701315162244	78288.8625703396
0.39811	38709.261583072	703279.180389832	704343.674992613	86.8495559978549	78293.2346493286
0.31623	49266.7671085781	880368.736346236	881746.180188607	86.7969822821334	78298.1967453161
0.25119	63928.8849798633	1101761.35470988	1103614.50926803	86.6791784367227	78303.7888463019
0.19953	83477.6510045617	1378993.13442367	1381517.49283347	86.5358148451943	78310.2559662856
0.15849	112047.118844081	1725074.25264037	1728709.26820099	86.2837414874085	78317.6781042669
0.12589	153180.082538175	2160052.38108976	2165476.95132919	85.9436612397819	78326.330265245
0.1	206233.15550658	2693857.67052868	2701740.4137882	85.6221572132654	78347.4996591916
