Frequency (Hz)	Z' (Ω)	-Z'' (Ω)	Z (Ω)	-Phase (°)	Time (s)
10000	94.1097724636251	51.2593141462373	107.164203724462	28.5760599651525	60582.1257190448
7943.3	94.5069541818815	63.8144947108018	114.034442708908	34.0286370685189	60583.5077440413
6309.6	94.0067821162981	76.7945022402698	121.386451707725	39.2455185710184	60584.9297680378
5011.9	95.1982100279398	97.1152436202177	135.992903255787	45.5711212298688	60586.3567960342
3981.1	95.9705497327884	121.008474487553	154.445450932743	51.582435479269	60587.7338240307
3162.3	96.848431609224	150.13595989101	178.662881308797	57.1750902125529	60589.1658500271
2511.9	97.4248193864717	187.959640125613	211.708341235381	62.6010101165703	60590.6428750233
1995.3	99.7857329395451	232.904312380195	253.380368662558	66.8077280838609	60592.0499030198
1584.9	100.29509105628	292.499900834175	309.217233151695	71.0737060911074	60593.4069270164
1258.9	105.175809694329	373.432052698283	387.960628063352	74.2703148318277	60594.7739530129
1000	108.152539281086	465.498033669064	477.896841486436	76.9201134673103	60598.9370290024
794.33	113.875157563799	583.651753961335	594.656977939654	78.9598269047363	60600.3690569988
630.96	122.282069281806	732.376134482072	742.514448900991	80.5209797499898	60601.7660819953
501.19	134.572265114116	918.024426822283	927.835407160303	81.6604658033569	60603.2181099916
398.11	152.578702034723	1151.52320817171	1161.58768901563	82.4521824468912	60606.1941649841
316.23	179.264715587873	1442.10413970972	1453.20342279487	82.9140399827338	60607.5311869807
251.19	218.24354202864	1803.610644975	1816.76679909787	83.1005425253276	60608.983213977
199.53	274.938023125561	2250.09412429607	2266.82916973289	83.0335868251634	60610.3902419735
158.49	356.716328151713	2802.51768591379	2825.12865523495	82.7461563845241	60611.8372679698
125.89	471.987419711675	3479.9886103223	3511.85034594856	82.2761604770462	60613.3142969661
100	631.146242808171	4300.71530057667	4346.7801504591	81.6512221512975	60614.7913229624
79.433	844.584112697026	5294.67136064737	5361.61049878483	80.9367712977554	60616.2983489586
63.096	1117.76157841127	6487.46697299366	6583.05542068848	80.2241733099413	60617.8403779547
50.119	1458.10868657691	7910.36125872841	8043.62456765993	79.555961586443	60619.68241295
39.811	1849.14709899533	9622.73659730866	9798.79607987156	79.1223921572783	60621.3294439459
31.623	2282.94423396485	11689.2870786462	11910.1329456223	78.9491078897083	60623.0964749414
25.119	2763.95483544373	14209.2373935984	14475.5612547496	78.9923890083379	60624.7785079371
19.953	3269.91054416507	17301.1633275204	17607.4577225782	79.297372321233	60626.7655449321
15.849	3793.50907596224	21122.3409040951	21460.2888232712	79.8183933602341	60628.797583927
12.589	4347.15295981739	25881.6484656708	26244.1891884014	80.4654397032054	60630.8546199218
10	4934.38601098271	31822.4314646167	32202.7220840973	81.1859103244878	60633.2416629158
7.9433	5570.07871688673	39260.6495214364	39653.8065985774	81.9250895008269	60635.5887099099
6.3096	6227.23824589781	48559.1072873588	48956.7706933004	82.6922535030405	60638.0057519038
5.0119	6944.74968752643	60282.2496820471	60680.9622118096	83.4282742837289	60640.5277998974
3.9811	7798.11452016927	74906.3864581955	75311.2031658917	84.0566435123459	60643.0348448911
3.1623	8704.19250037156	93258.7455613791	93664.0624293307	84.6678149803772	60645.6018918846
2.5119	9979.109341285	116255.981445425	116683.485742775	85.093906037851	60648.3089428777
1.9953	11160.3778607677	145224.911019149	145653.111242139	85.6055184397917	60654.7720658614
1.5849	12711.8682028947	181499.942876029	181944.554348872	85.9936682313146	60657.4941138545
1.2589	14573.8220054551	226635.051442531	227103.154602056	86.3206469840967	60660.5411708469
1	17082.8696378412	283421.776710255	283936.133573487	86.5507462054945	60665.7052668338
0.79433	20238.2048642687	354543.814319706	355120.967007714	86.7329658752955	60669.0273268254
0.63096	24489.957469896	443875.48633548	444550.565612548	86.8420197542183	60672.6943948162
0.50119	29878.216454913	555603.162491241	556405.950712962	86.9218167255995	60676.5814678064
0.39811	37525.9520248789	695813.601247403	696824.773351417	86.912969569184	60680.8585477956
0.31623	47454.2541995792	870888.967866045	872180.887541354	86.8810692906721	60685.6806347834
0.25119	61142.1366536152	1090897.57147395	1092609.66146302	86.7920681542467	60691.3227407691
0.19953	78534.8257024439	1364687.54673618	1366945.43382862	86.7063841100465	60697.6298557532
0.15849	106140.920545339	1710192.67999473	1713483.26450006	86.4485660075424	60705.0269937345
0.12589	142675.644424188	2137219.78321025	2141976.83023349	86.1807386607829	60713.7091547126
0.1	194923.331025074	2675990.14060825	2683080.00954323	85.8338432968215	60734.7585476595
