Frequency (Hz)	Z' (Ω)	-Z'' (Ω)	Z (Ω)	-Phase (°)	Time (s)
10000	100.461379911055	51.6751527880569	112.972608491184	27.2203061231157	7132.69906999167
7943.3	99.638095382379	63.1352146848535	117.956794567887	32.3602005627584	7133.83108598881
6309.6	101.692690221153	77.4302475005889	127.815673813574	37.2861564894872	7135.04311098575
5011.9	101.19055639585	96.8072132863755	140.039870208365	43.7317733770215	7136.2501319827
3981.1	102.010511136936	119.503187605123	157.121469666638	49.5152102015126	7137.45215497967
3162.3	103.060652109988	150.239009084397	182.190169504278	55.550735406624	7138.65417897663
2511.9	104.808157257756	188.44905173581	215.633473579341	60.9188612840495	7139.87619997355
1995.3	103.562831234981	234.956876737155	256.76836631385	66.2133726226027	7141.07322097052
1584.9	107.188924162268	295.235844085942	314.091816347072	70.0459627136975	7142.22524296761
1258.9	109.144365990579	370.127239611194	385.884265200964	73.5700886467644	7143.40226596464
1000	115.923703131223	462.898053557303	477.192741913365	75.9405542172999	7147.25533795492
794.33	122.513144500366	580.374211610896	593.16413923832	78.0802349331173	7148.47235895184
630.96	132.132548844057	727.521120685849	739.422742081971	79.7061331169646	7149.67437994881
501.19	146.134885960469	912.197080993764	923.828403692062	80.8984943568597	7152.43043794185
398.11	166.963390751168	1141.63454471198	1153.77909823799	81.6795128281098	7154.36947093695
316.23	197.365139926925	1427.5359103938	1441.11476778299	82.1284263977891	7155.50148993409
251.19	241.571689252666	1783.41997599123	1799.70655714006	82.2859969841979	7156.76351193091
199.53	305.953089929015	2224.03450010674	2244.98034532647	82.1671727297481	7160.26157892208
158.49	398.26954095811	2763.58282252185	2792.1333500019	81.799366863615	7161.43359991912
125.89	527.53115953268	3420.5751027292	3461.01475837488	81.2327496515329	7162.72062291587
100	705.372546174102	4217.00887209425	4275.59519321202	80.504133194037	7163.98264491268
79.433	939.823560231821	5171.10440403894	5255.81478762691	79.6991996495076	7165.29967090936
63.096	1242.04017234397	6308.38860716598	6429.49691723526	78.8616673757422	7166.65669390593
50.119	1605.91322427995	7658.27106105814	7824.83692664312	78.1568724833054	7168.28872490181
39.811	2025.88194183945	9273.78456790898	9492.48533600437	77.6771777627539	7169.76075389809
31.623	2494.57701108281	11220.6553520163	11494.6083444785	77.4658493393474	7171.29777989421
25.119	2989.43632807365	13557.3323604178	13883.0108510524	77.5650794813089	7172.77480789048
19.953	3529.1817196149	16447.8655825482	16822.2295142956	77.8897931026073	7174.56684288596
15.849	4085.02530819794	19990.3062829499	20403.4256205855	78.4506015021605	7176.4138758813
12.589	4644.215003196	24425.1595079905	24862.766338175	79.2342568312787	7178.27091187661
10	5261.15877913984	29957.628681152	30416.1027729902	80.0392902630863	7180.48295087102
7.9433	5901.21422458143	36874.5186395194	37343.7338012773	80.9077668324945	7182.69499386544
6.3096	6592.28279400622	45495.0414675478	45970.1750113053	81.7551611851489	7184.99703485963
5.0119	7314.16938761672	56374.8266748312	56847.3232126897	82.6076383608274	7187.31907685376
3.9811	8100.91331139664	69962.8252023784	70430.2612999364	83.3952011884799	7189.68612284779
3.1623	9013.115885728	86999.1461625054	87464.7797171784	84.0852550822302	7192.03316584186
2.5119	10186.0968337509	108347.365858622	108825.126957007	84.6292189867481	7194.45020883576
1.9953	11169.779532251	135229.382239909	135689.903072361	85.2781584304546	7197.03225782924
1.5849	12616.6541132685	168947.514142659	169417.95210661	85.7291959709911	7202.4733598155
1.2589	14169.0470018196	211044.496518814	211519.600519242	86.1590558761136	7205.11540880883
1	16237.2957199267	263746.567115336	264245.910919017	86.4770884534186	7210.0794997963
0.79433	18831.234593281	330075.651803242	330612.38831847	86.7347426748345	7213.15655778853
0.63096	22133.4367333164	413536.477204494	414128.370194956	86.9363194678826	7216.52861778002
0.50119	26442.3851517898	517951.101975466	518625.62968881	87.0774791163531	7220.22568877068
0.39811	32037.7482789715	648764.915435869	649555.488634572	87.1728776527854	7224.30776276038
0.31623	39380.5647712855	812751.136254808	813704.638284179	87.2259935700028	7228.91984974873
0.25119	49188.3090934165	1018716.49994435	1019903.32728663	87.2356436865898	7234.17194673547
0.19953	62519.4544151973	1275847.97090731	1277378.85024322	87.1946204095513	7240.26405772009
0.15849	79353.9559310532	1599354.408514	1601321.82098261	87.1595280543576	7247.48119370187
0.12589	103212.244797824	2004312.02080133	2006967.72375764	87.052152001528	7255.90834768059
0.1	139624.648204802	2509453.69653125	2513335.01495934	86.8153773320909	7265.97053265519
