Frequency (Hz)	Z' (Ω)	-Z'' (Ω)	Z (Ω)	-Phase (°)	Time (s)
10000	98.9033087748832	50.7726598805427	111.17431123225	27.1739932453012	13345.2890993064
7943.3	99.552370938908	62.4514944091481	117.519631183449	32.1009952844775	13346.4711183034
6309.6	99.3762076924294	77.6008013291774	126.085348166467	37.9855327455896	13347.7031403003
5011.9	100.350981092396	96.1594847366033	138.985488131012	43.7780872627854	13348.9351642972
3981.1	101.214026384193	118.764968620623	156.042932901038	49.5616596043327	13350.1721882941
3162.3	102.133916498424	149.618439925513	181.154670006189	55.6814134527561	13351.4192092909
2511.9	103.983664247975	187.551165062491	214.448226727883	60.9947759119327	13352.6612352878
1995.3	105.228738024194	236.397918960165	258.760629530192	66.0045304103982	13353.8982572846
1584.9	108.822941232097	294.170272666898	313.653601699903	69.6989629350393	13355.0952802816
1258.9	105.230652766067	369.99634527569	384.669710009691	74.1237190555017	13356.3122992786
1000	114.507220867815	463.595775268574	477.52795360873	76.1257556802663	13360.1903762688
794.33	120.878913785304	581.582920678807	594.012125653346	78.2585470382395	13361.4723972655
630.96	130.036919828222	728.714293384746	740.225723615196	79.8822343432211	13362.7094202624
501.19	143.659453140607	913.889490553794	925.111906431503	81.0664579703227	13363.9964452592
398.11	163.460861884196	1145.80239328697	1157.40337731928	81.8809335601789	13366.7824962521
316.23	192.645509094036	1432.78172533531	1445.67484747745	82.3421886503846	13367.9495162492
251.19	235.356614251992	1790.84807221461	1806.24736778409	82.5129888785303	13369.221540246
199.53	297.269286174045	2232.43826239808	2252.14334000333	82.4151699485329	13370.4835642428
158.49	385.872174015248	2775.85184121434	2802.54362661	82.0860091345705	13371.7505862396
125.89	510.888888327033	3440.05062992226	3477.78029677618	81.5526311511954	13373.0926122362
100	683.147913370247	4244.82636856882	4299.44670519815	80.8574071298171	13374.4046352329
79.433	910.994563059854	5211.84001469909	5290.8588558705	80.085247641924	13375.7716632294
63.096	1200.16902258543	6364.27619481502	6476.45096998833	79.3206323067983	13377.1836872259
50.119	1556.34385318157	7741.73715991835	7896.62588974536	78.6331743559986	13378.8457202217
39.811	1974.0082654321	9380.99938543632	9586.44136797127	78.1168335935948	13380.312744218
31.623	2434.27685279126	11366.1807663824	11623.9308760039	77.9116690946568	13381.869773214
25.119	2935.87437243509	13765.1806269677	14074.7844041665	77.9602017391881	13383.3718032102
19.953	3460.40931989158	16704.838310418	17059.4857964243	78.2966993150405	13385.1838362057
15.849	4009.62692281058	20355.8700467339	20747.0131204384	78.8567379319094	13387.045872201
12.589	4598.67434906959	24870.8793465905	25292.4582680579	79.5242133156254	13388.9529041961
10	5197.97504229495	30513.0908117077	30952.6679855524	80.332337780836	13391.1649451906
7.9433	5848.2873539196	37551.2372709389	38003.9193446198	81.147781619615	13393.4319871848
6.3096	6538.35880172359	46372.2971269295	46830.9734753433	81.9743666308377	13395.6840291791
5.0119	7286.70502622762	57476.9947492063	57937.0433793402	82.7748123305671	13398.0310721732
3.9811	8116.19467649581	71292.9520359124	71753.4502725944	83.5052451534042	13400.4331181672
3.1623	9007.82511115098	88693.5983358623	89149.8474423617	84.20085812069	13402.8251631611
2.5119	10206.650490217	110464.17878735	110934.712824224	84.7209831691884	13405.4222091546
1.9953	11449.2522424814	137774.382973039	138249.28925862	85.249552357417	13408.029258148
1.5849	12766.1496703557	172130.99772143	172603.75127436	85.7584060427115	13412.2133391374
1.2589	14450.5497238687	215172.004776195	215656.694834009	86.1578918364042	13414.9603891305
1	16698.3862045819	268378.170595457	268897.152372429	86.4396683237642	13419.8744811181
0.79433	19402.2042087206	335854.023367147	336413.986837731	86.6937117361705	13422.9165361104
0.63096	22913.6086597558	420355.868072322	420979.915535941	86.8798935131567	13426.3035961018
0.50119	27510.3787886224	526175.720195329	526894.400676422	87.0070935623261	13430.1056690922
0.39811	33580.0582709625	659069.701731907	659924.610887082	87.0832624868824	13434.2327430818
0.31623	41252.2105477273	825363.151578978	826393.415304996	87.1386990392212	13438.9498340699
0.25119	51599.9252482924	1034154.39736059	1035440.90602307	87.1435521114483	13444.3119290564
0.19953	65698.5923448554	1295050.39853231	1296715.78989954	87.0958444294975	13450.5340460407
0.15849	85804.4664612557	1622570.71969531	1624837.88326013	86.9729154600166	13457.7811810224
0.12589	110022.987740698	2031474.10969491	2034451.30592799	86.8999358064538	13466.243338001
0.1	147406.705678956	2545796.33193067	2550060.33272759	86.6861596972027	13476.4155269753
