Frequency (Hz)	Z' (Ω)	-Z'' (Ω)	Z (Ω)	-Phase (°)	Time (s)
10000	95.9500680181593	52.3766589986232	109.314820406693	28.628983951612	41781.5956135116
7943.3	95.7603355159442	62.8711037633768	114.554866970162	33.286756802113	41782.8376365085
6309.6	96.5633499347425	77.3437042844839	123.719558450009	38.693448483898	41784.1896605051
5011.9	97.8238493208246	96.5649490204984	137.45651994458	44.62894638849	41785.5166855017
3981.1	97.3992849484271	120.218041095372	154.722325839787	50.9860035115776	41786.8637104983
3162.3	98.3161819255831	149.68569116822	179.086229981347	56.7023903500513	41788.190735495
2511.9	98.886055123422	189.792131480803	214.00818925896	62.4794523157103	41789.5327634916
1995.3	98.527930176614	236.94840668183	256.617030716876	67.4214727899992	41790.8597864882
1584.9	102.732494265088	295.359117913751	312.715483967001	70.8211844008126	41792.0418094852
1258.9	104.182030716057	369.881807440312	384.273921831073	74.269434354118	41793.328831482
1000	110.371047140043	465.070012325995	477.987326622464	76.6494708323165	41797.3219074719
794.33	116.230591502309	583.529784411091	594.992907265146	78.7349546487239	41798.6789304685
630.96	124.783199569063	731.47089947906	742.038087755203	80.318982717949	41800.0109554651
501.19	137.416661104329	917.515367894335	927.748774761432	81.4820993916941	41801.4079794616
398.11	155.863858249427	1150.49293255119	1161.00281229575	82.2847850420146	41804.2840344543
316.23	182.943093359742	1439.52397872948	1451.10215379386	82.7573436109912	41805.5410564512
251.19	222.810112200591	1800.39172872433	1814.12643521829	82.9451476365349	41806.8980834477
199.53	280.683876331078	2247.62746537613	2265.08557488351	82.8817494905146	41808.2351084444
158.49	363.849653137479	2797.21442013674	2820.77916227223	82.5888221123574	41809.5921314409
125.89	482.058961805566	3470.72235850862	3504.0397447102	82.092607480818	41811.0141574373
100	643.976462954496	4289.35365056292	4337.42555261031	81.4617435888512	41812.4111864338
79.433	860.604260820626	5276.2566445572	5345.98203073828	80.7361288374435	41813.8982104301
63.096	1140.854946814	6458.09827982592	6558.09296987779	79.981777096851	41815.3752394263
50.119	1476.38664877264	7878.32627887904	8015.46895029544	79.3859619861106	41817.107270422
39.811	1877.99095892138	9574.10957187336	9756.5580065937	78.9021590481015	41818.689301418
31.623	2325.32921147385	11616.3779196059	11846.8304585168	78.6803282768763	41820.3463294138
25.119	2801.60471950386	14102.5389526968	14378.1290130766	78.7639320788565	41821.9183614098
19.953	3314.51212785169	17165.6463190639	17482.7173001473	79.0712629384116	41823.820394405
15.849	3842.02529931348	20954.9580588983	21304.2583924142	79.6103935903651	41825.7874324
12.589	4408.72179296459	25653.3216948738	26029.401488095	80.2485358211105	41827.7544683951
10	4989.03254253811	31526.3001192972	31918.6159618882	81.0075224089675	41830.0465113893
7.9433	5602.75824657529	38903.1017397978	39304.4809779575	81.8047099327122	41832.3635523834
6.3096	6318.42048995914	48077.777412139	48491.1859865184	82.5130489031428	41834.7906003773
5.0119	7036.36333920788	59602.4695697291	60016.3709986852	83.2671159502688	41837.2676453711
3.9811	7874.6074146483	74104.5101718353	74521.7275010616	83.9343105579571	41839.6846883649
3.1623	8788.2587706498	92228.682989696	92646.443311299	84.5568515740997	41842.2467373585
2.5119	10089.7861181916	114893.622415987	115335.806477339	84.9812455869353	41844.8837853518
1.9953	11188.8898540788	143475.233337256	143910.853785762	85.5408241791445	41847.6108353449
1.5849	12773.7275900688	179360.333516614	179814.619416043	85.9263732302044	41853.1719393309
1.2589	14658.4600609381	224134.551486611	224613.373647836	86.2581693568192	41856.0139903237
1	16962.6129753486	279981.758296433	280495.125122905	86.5329896992411	41861.1230863108
0.79433	20030.6935081717	350360.044263221	350932.171934327	86.7278625751319	41864.2551453029
0.63096	24029.1677294911	438476.352065403	439134.275845504	86.8632421642513	41867.777208294
0.50119	29293.4106007349	549192.117691115	549972.80481736	86.9467882960223	41871.5942812844
0.39811	36326.1953672098	687446.504072877	688405.613306484	86.9751774608081	41875.8163592737
0.31623	45756.4375277673	860499.550020559	861715.223934692	86.9562052291521	41880.6134482616
0.25119	58965.9162939989	1077687.56441355	1079299.52551458	86.8681714188175	41886.0905482478
0.19953	76756.3150658959	1349203.65501667	1351385.2280578	86.743947736173	41892.2926642321
0.15849	100549.282506748	1688592.75422784	1691583.76908842	86.5922778744128	41899.6147972136
0.12589	133408.350084375	2113761.91465621	2117967.70979242	86.3886139701548	41908.171957192
0.1	181242.036210075	2644668.42122967	2650871.5046073	86.0795869551782	41929.181350139
