Frequency (Hz)	Z' (Ω)	-Z'' (Ω)	Z (Ω)	-Phase (°)	Time (s)
10000	97.9419021491616	50.7497880023402	110.309370313126	27.3914818284334	22410.7109494184
7943.3	98.0327712141394	63.2286873043171	116.654580407933	32.8210047895431	22411.8979714154
6309.6	98.614867836662	77.8179689280885	125.620573341055	38.2773207481872	22413.1899944121
5011.9	98.7823184626029	96.9245809042929	138.391910256055	44.4561391292053	22414.4670194089
3981.1	98.8008662915783	120.302466464473	155.673679912187	50.6047477797667	22415.7490414057
3162.3	100.823591535029	148.609777950513	179.583581411339	55.8452575944917	22417.0210664025
2511.9	100.930038873022	188.262424428042	213.610892040725	61.803637394735	22418.3030883992
1995.3	101.483471169553	234.123026794636	255.171484684522	66.5650935256831	22419.575114396
1584.9	105.977609665194	293.026346160279	311.601818503025	70.1166752197883	22420.8271353929
1258.9	109.049536141015	371.162168185652	386.850302345552	73.6269147561821	22422.0791593897
1000	113.447139764016	463.883466370765	477.554315123204	76.2575077233639	22425.9672353799
794.33	119.710108159703	581.764010503445	593.95275393979	78.3724918578867	22427.2792563766
630.96	128.910333027454	729.420572983963	740.724136405384	79.9776190837312	22428.5562803733
501.19	142.330807180097	914.568623922464	925.577563760038	81.1542354641477	22429.88330537
398.11	162.116964440077	1146.41231941232	1157.81825700738	81.9510338167522	22432.7143603628
316.23	191.156945059968	1434.27239319263	1446.95482843078	82.4084720730551	22433.9213783598
251.19	233.636027984765	1791.55644137468	1806.72639771594	82.5700148702854	22435.2284043565
199.53	295.19694356863	2233.84831503292	2253.26863246877	82.4721367129635	22436.5104253533
158.49	383.806454149935	2779.28312333871	2805.65893756217	82.1374404296199	22437.8224523499
125.89	508.547786967533	3444.57558245224	3481.9135248963	81.6016747758406	22439.2044753465
100	680.400131356569	4248.35643945094	4302.49657470803	80.9010035545892	22440.561503343
79.433	908.462736826537	5217.31593569837	5295.81817258622	80.1224313780058	22441.9485263395
63.096	1201.92793603433	6376.08436206042	6488.38058035525	79.3246921894721	22443.3805563359
50.119	1554.97417891959	7755.07472856186	7909.43289640196	78.6619438738276	22445.0725863316
39.811	1967.41392489913	9396.9339296837	9600.68147741231	78.1749262618682	22446.5596133279
31.623	2421.64055462658	11380.5170242415	11635.3130905388	77.987298448662	22448.1516443239
25.119	2924.64868577207	13789.6841136277	14096.4164910386	78.0256004300253	22449.69367232
19.953	3440.35730356911	16739.5817912398	17089.460404642	78.3861582002207	22451.5707053152
15.849	3976.32974943116	20371.0265636175	20755.4793134685	78.9550084324238	22453.4877403104
12.589	4555.69572156185	24924.3662207896	25337.292574691	79.6417732815968	22455.4247763055
10	5150.292184373	30610.7676780072	31041.0149225399	80.4493784898922	22457.6668192998
7.9433	5798.2866609915	37715.8342570899	38158.934496541	81.259995596626	22459.9538602941
6.3096	6470.24966504443	46531.8802696653	46979.570157234	82.0837912159369	22462.2459022883
5.0119	7192.24094521884	57686.8969305322	58133.5222336298	82.8931947562442	22464.5629472824
3.9811	7998.82037452613	71683.8728630888	72128.7651082106	83.6330083415307	22467.0199932762
3.1623	8915.93676728958	89198.2672251514	89642.7621417805	84.2918808147803	22469.5270372699
2.5119	10071.0315122129	111105.567094787	111561.071683514	84.8206465484479	22472.1190882634
1.9953	11100.8999175492	138590.386569254	139034.259189578	85.4204637113853	22474.7611332567
1.5849	12566.171879209	173110.080754974	173565.574739611	85.8481449652791	22478.8902142463
1.2589	14339.9733256859	216585.791850728	217059.991860749	86.2120205414532	22481.6222632394
1	16480.8409130851	270615.149442923	271116.53808873	86.5149113848328	22486.5813562268
0.79433	19320.6687061459	338581.103756352	339131.909528022	86.7340363874071	22489.7334122189
0.63096	22870.3868253462	423750.121629512	424366.846224546	86.9106639597808	22493.24547721
0.50119	27659.4867415803	530716.883158488	531437.162114457	87.0166026685142	22497.0225482005
0.39811	33797.0623841552	664660.892126874	665519.603729815	87.0890980463734	22501.1946231899
0.31623	41788.9289094689	832093.971079459	833142.659624499	87.1249409360934	22505.9817131779
0.25119	53103.5194866795	1042864.88797813	1044216.04965616	87.084970538231	22511.3888131642
0.19953	68482.134606953	1305540.83007618	1307335.7111914	86.9973022911844	22517.6259291485
0.15849	87900.4401154035	1635044.84363366	1637405.91426363	86.9227261780929	22524.9030621301
0.12589	116848.028986788	2049480.50037425	2052808.75468038	86.7369003940047	22533.4052221086
0.1	157311.102124556	2564752.82486551	2569572.6951202	86.4901160388798	22543.567408083
