Frequency (Hz)	Z' (Ω)	-Z'' (Ω)	Z (Ω)	-Phase (°)	Time (s)
10000	98.9717730954858	51.055157159317	111.364450980674	27.2872061161647	12857.058059539
7943.3	99.3418710589332	62.530484071054	117.383426358452	32.188257093736	12858.2250795361
6309.6	99.7849146482584	77.2450367022254	126.189638586091	37.74400483899	12859.4771015329
5011.9	100.057696088847	96.8008284044479	139.219046564741	44.0521733778955	12860.7141245298
3981.1	100.895916184182	119.995215868768	156.776394058665	49.9417753710411	12861.9611485267
3162.3	101.543250677618	149.419629247323	180.657846114098	55.8005835069083	12863.1831715236
2511.9	103.517070807673	186.517648660628	213.318112710783	60.9697779701952	12864.4201945205
1995.3	103.716241208189	234.647061920556	256.546881404363	66.1541138000596	12865.6522145174
1584.9	110.15385729306	296.27651528915	316.091198530459	69.60516328812	12866.8592375143
1258.9	111.58467520918	366.829521208277	383.425400008179	73.0809345721271	12868.0712625112
1000	114.572276078443	463.734938645087	477.678657431916	76.1221828443054	12871.9293335015
794.33	120.819066080713	581.242766838559	593.666910591082	78.2575216595115	12873.1813564983
630.96	130.064261260365	729.135699516175	740.645380979417	79.8858789709769	12874.4183794952
501.19	143.629038022176	913.6849667908	924.905140596959	81.0663517870115	12875.6704024921
398.11	163.29532415251	1145.39122623521	1156.97295734459	81.8861734534491	12878.461454485
316.23	192.461092028159	1433.23844774105	1446.10294240343	82.3518416113794	12879.6284734821
251.19	234.985036662727	1790.2328232878	1805.5889701237	82.522135501894	12880.9004974789
199.53	296.61489738465	2232.68450551228	2252.30115626333	82.4324979722187	12882.1475234757
158.49	385.012182199815	2776.29289403312	2802.86221814435	82.104662927362	12883.4195464725
125.89	509.673942183026	3442.04461877541	3479.57449769093	81.5772430957605	12884.7365684692
100	681.059315222535	4246.37946812461	4300.64883223004	80.8881668550365	12885.9435934661
79.433	909.212178127944	5213.36967346523	5292.05915849994	80.1071084218641	12887.3106194627
63.096	1201.40862366662	6374.55474794082	6486.78124461703	79.3266969820311	12888.6826414592
50.119	1555.97551116455	7749.70611537144	7904.36617737117	78.6471766424393	12890.329673455
39.811	1968.9800903088	9390.39267190126	9594.60041526114	78.1577673194337	12891.8067014513
31.623	2430.30068597577	11377.1107871488	11633.7874867694	77.9420902806756	12893.3637284474
25.119	2934.26820933581	13786.6841415508	14095.4811745895	77.9848194810329	12894.8557584436
19.953	3461.93575509091	16728.3559280505	17082.824451124	78.3076860048587	12896.6627914391
15.849	4006.41762549879	20376.5953967323	20766.7287301597	78.8764765895783	12898.5248264344
12.589	4607.38616722822	24896.0550600972	25318.7986454602	79.5151859501059	12900.4118594296
10	5208.64924794489	30556.022831504	30996.7830309455	80.3262140541568	12902.6488994239
7.9433	5841.26251106747	37605.0935777488	38056.056163434	81.170709716514	12904.9059424182
6.3096	6564.16358283553	46468.5629227586	46929.9007419427	81.9595795944931	12907.2429884123
5.0119	7333.97934527212	57532.1344300139	57997.7046538057	82.7353319427045	12909.6050294064
3.9811	8156.63571115618	71412.0276123497	71876.3409880574	83.4839513809229	12911.9570744004
3.1623	9094.33357667093	88771.4696713361	89236.0954480457	84.1506498769509	12914.3941173943
2.5119	10308.5031978757	110542.283584248	111021.897381557	84.6723509159819	12916.8611633881
1.9953	11595.2094698819	137886.53545395	138373.21107116	85.1931697467562	12919.4582133815
1.5849	12932.7219204196	172294.387379257	172779.082121257	85.707327243274	12923.5172893713
1.2589	14699.4438704141	215099.443781887	215601.123293401	86.0906050116279	12926.2643393643
1	16897.6502195386	268613.841910892	269144.806097148	86.4004462237605	12931.1784323519
0.79433	19654.4980635525	336038.863994115	336613.156915451	86.6526541731223	12934.2254853442
0.63096	23167.8434291115	420617.133169751	421254.699303279	86.8472998948011	12937.7075513354
0.50119	27816.3004112993	526331.672950579	527066.197473835	86.9747682662706	12941.434621326
0.39811	33989.0702217315	659336.407369304	660211.901571911	87.0489905710357	12945.5766973156
0.31623	41628.0062690863	825288.708988213	826337.911564858	87.1124173207188	12950.3087843036
0.25119	52024.1432756933	1033862.69538406	1035170.79962215	87.1192966067129	12955.6808842901
0.19953	66037.9826773999	1293917.20522007	1295601.30793413	87.0783157189056	12961.8029972746
0.15849	85555.6226945373	1621752.88032735	1624008.0570689	86.9801588269532	12969.0351312563
0.12589	110540.360578885	2033891.0492935	2036892.72464534	86.8890806015683	12977.482288235
0.1	146108.58957941	2546305.04120664	2550493.49789863	86.7159331714386	12987.6394732094
