Frequency (Hz)	Z' (Ω)	-Z'' (Ω)	Z (Ω)	-Phase (°)	Time (s)
10000	93.2681804093088	52.0980712424174	106.832403811032	29.187007171076	72200.7118437107
7943.3	92.699533124804	63.2872192385055	112.242931004582	34.321879554182	72202.0638677073
6309.6	93.5711999281672	76.7311822847476	121.00927150765	39.3527771805014	72203.5008957037
5011.9	94.8063288276546	96.6298748843035	135.371979027912	45.5457605762174	72204.9579237
3981.1	94.5243458497258	118.949459249468	151.933623053159	51.5272482479136	72206.3849486964
3162.3	96.4420082422199	150.241294434156	178.531530848316	57.3030216294956	72207.8119736928
2511.9	96.6823230594783	189.077175813719	212.362072898786	62.9176187793494	72209.304001689
1995.3	99.1790613026998	236.786975913441	256.718830947629	67.2734550551852	72210.8210326852
1584.9	99.449711247922	296.855934933094	313.071383509091	71.4786346000325	72212.2280576817
1258.9	102.224962362958	368.871836232982	382.774573993623	74.5104216517746	72213.660083678
1000	107.013740160506	465.816058514453	477.950354067324	77.0617166806459	72217.7181616678
794.33	112.665782822309	584.350234355438	595.112405357357	79.0869851812001	72219.1601856642
630.96	120.988003952309	733.075349044311	742.992304453284	80.6282888468713	72220.5822106606
501.19	133.076217061077	919.192331870127	928.775442459655	81.7622302733561	72222.0592376568
398.11	150.877447857288	1152.70296813478	1162.53521968957	82.5429401680505	72225.150299649
316.23	177.174686825266	1443.63426057307	1454.46579469989	83.0031792470658	72226.5373206455
251.19	215.611156004635	1805.29654920454	1818.12645356792	83.1892801417309	72228.0743486416
199.53	271.530604898378	2253.07205651673	2269.37492743112	83.1280991516595	72229.5363766379
158.49	352.308891488419	2806.17347968349	2828.20281328987	82.8440822883442	72231.0284056342
125.89	466.903132577259	3484.66395688151	3515.80452067511	82.368505700328	72232.5454316304
100	623.821156585499	4309.18860625024	4354.10832199207	81.762781339143	72233.9824606267
79.433	835.44095552776	5307.28845976893	5372.64109962405	81.0542553666917	72235.5294866228
63.096	1109.71960355935	6502.66305215493	6596.67373517781	80.3154186013255	72237.1265166188
50.119	1437.27136785162	7938.15681632595	8067.22273309893	79.73728866317	72238.9885526141
39.811	1829.15661996949	9652.76424626948	9824.54434233143	79.2699270091219	72240.6655816099
31.623	2265.9139582078	11740.0430718193	11956.7126499792	79.0758232151832	72242.4576176053
25.119	2742.25700703389	14275.1269056706	14536.1350318999	79.1259290385674	72244.2296486009
19.953	3244.03908329501	17386.3126497309	17686.3692466299	79.430953865343	72246.2616855957
15.849	3781.98890294196	21244.5782006656	21578.5899211736	79.9058733994722	72248.3587245904
12.589	4305.40942630992	26046.812254634	26400.2458124221	80.6141579820594	72250.4507655851
10	4898.12578613311	32024.2472092753	32396.6671979937	81.3039731004488	72252.887808579
7.9433	5549.49555856657	39499.197596748	39887.1346644691	82.0024959221119	72255.3398565728
6.3096	6187.00108837372	48946.5263495308	49336.0053526109	82.7958327501728	72257.7718985667
5.0119	6918.65014385893	60660.3016987293	61053.5823846069	83.4932103447506	72260.3389465602
3.9811	7751.26044106107	75361.2179622561	75758.7962627431	84.1275064755984	72262.9259965536
3.1623	8673.16518634157	93891.809256533	94291.545961527	84.7223350775054	72265.4980455472
2.5119	9949.46881065638	116980.354702509	117402.705743689	85.138552008182	72268.2450925402
1.9953	11151.7950740045	146174.924426637	146599.696672625	85.6373127515972	72272.4341775296
1.5849	12847.2479446935	182455.685659979	182907.432898189	85.9722812931173	72275.2212225226
1.2589	14442.8918182964	228454.709847064	228910.793925016	86.382578761591	72278.2682785149
1	17214.1161554083	285276.208050923	285795.102608364	86.5468493309794	72283.5173765017
0.79433	20489.6106219387	356911.870095521	357499.520501106	86.7143679453974	72286.8044364934
0.63096	24787.977231362	446570.440064592	447257.869416186	86.8229188213364	72290.4315064842
0.50119	30604.8653241365	559282.084705631	560118.833868479	86.8678015841273	72294.3435774743
0.39811	37868.076309836	700064.441733816	701087.878788022	86.9037585889909	72298.6706574634
0.31623	49118.4484989552	876558.95175625	877934.062379949	86.7927545185662	72303.592749451
0.25119	62944.7655373177	1097420.97742815	1099224.65638645	86.71728317	72309.1648524369
0.19953	83073.2481788933	1374127.85409551	1376636.67100805	86.540379791111	72315.5919714207
0.15849	111081.557138639	1719095.4875858	1722680.58785551	86.3028995493555	72323.0241094019
0.12589	147179.814568271	2150674.14208251	2155704.33112677	86.0851090207329	72331.70626938
0.1	204093.589143985	2683662.42231655	2691411.93244059	85.6510047775786	72352.7706613268
