Frequency (Hz)	Z' (Ω)	-Z'' (Ω)	Z (Ω)	-Phase (°)	Time (s)
10000	97.4772172831522	51.6008809490005	110.292605391204	27.895111031701	26604.2805988306
7943.3	98.254005930353	62.8386437724737	116.629948265982	32.6010700484716	26605.4826168276
6309.6	98.1803751381893	76.8677410486423	124.691762663765	38.058233252468	26606.7846418243
5011.9	98.4767331341814	96.0027150088056	137.528863362724	44.2711664259608	26608.0816678211
3981.1	100.557548457644	120.935070674017	157.280360728035	50.2564665655265	26609.3586908178
3162.3	101.007135698114	150.311703444357	181.096796366699	56.0995108438204	26610.6257118146
2511.9	101.100303563455	187.446143119174	212.972599061186	61.6595053833874	26611.9027378114
1995.3	105.546754845423	234.671040763235	257.314233635257	65.7834661258616	26613.2097618081
1584.9	105.392797348051	296.452084792411	314.629115484588	70.4289997976202	26614.4667848049
1258.9	106.195973627753	371.537200030521	386.416195081502	74.0485466086933	26615.7388088017
1000	112.641700322194	464.318384401751	477.786264709364	76.3637203785091	26619.6768837918
794.33	118.79529166352	582.3130859181	594.307034581353	78.4695463487675	26620.9889047885
630.96	127.682711301536	730.141128238099	741.221250309322	80.080758504532	26622.2709297852
501.19	140.805391349888	916.25699342795	927.012964439453	81.2634422045067	26625.1119827781
398.11	160.213920013715	1147.10676255052	1158.24109098896	82.0490561625227	26627.1610197729
316.23	188.567754648667	1434.99476745409	1447.33126156864	82.5138504295097	26628.3730427698
251.19	229.9472823393	1792.75006435549	1807.43701021691	82.6908594214283	26629.7000647665
199.53	290.118910473156	2238.64346179615	2257.36428855796	82.6158600956816	26633.3181347573
158.49	376.762398007309	2785.62425397899	2810.98779593726	82.2973494439427	26634.5701577542
125.89	499.155796519749	3453.99936194647	3489.8808148024	81.7768133474012	26635.9321837507
100	666.978828875021	4262.79633015701	4314.66027753838	81.1073109687978	26637.2642057474
79.433	891.144549722904	5240.57642772707	5315.80472772932	80.3493347859017	26638.6812317438
63.096	1179.47460433043	6407.50007618735	6515.1529198171	79.5699137418641	26640.1132607402
50.119	1524.10622569956	7798.97866280862	7946.50665199245	78.9423991381933	26641.8352917358
39.811	1934.40128018811	9462.05087553312	9657.75932004782	78.4457873611199	26643.357319732
31.623	2397.2677504517	11471.1196022911	11718.936709336	78.1960468476919	26644.9943507279
25.119	2878.08727096881	13911.2497805333	14205.8529063095	78.3110350222501	26646.5763787239
19.953	3401.09370554489	16899.9710781502	17238.8068275101	78.6213019919342	26648.4684157191
15.849	3943.56023594172	20601.578820813	20975.6219751566	79.1635120123621	26650.3954487142
12.589	4519.34456791918	25215.6096744577	25617.4051491985	79.8388734161236	26652.3574877093
10	5116.45545215529	30924.3414110996	31344.7445053256	80.6054751822725	26654.6495267035
7.9433	5720.05961406228	38088.7587092939	38515.8749349309	81.4593104264411	26656.9615716976
6.3096	6433.95949369292	47137.0914079715	47574.1654805414	82.2274661697962	26659.3736166916
5.0119	7170.44047838433	58374.6627627435	58813.4038236021	82.9971638428272	26661.7356586856
3.9811	8014.21285401333	72460.0864131566	72901.9322835242	83.6886378159394	26664.1177046796
3.1623	8955.04272243064	90228.3077361865	90671.6069511097	84.3320298436116	26666.6347516732
2.5119	10161.667086417	112355.597143482	112814.182120173	84.8321140851851	26669.1217946669
1.9953	11319.7701838142	140262.172363116	140718.208462995	85.3859802376617	26671.7838456602
1.5849	12843.5071386235	175318.690147864	175788.50585514	85.8101070045961	26677.1949466466
1.2589	14597.5096073203	219206.308358965	219691.813482209	86.1901523029962	26679.9919996395
1	16883.6545017009	273700.984108934	274221.236397788	86.4700969823221	26685.0310916268
0.79433	19819.6915220546	342500.507593756	343073.487570826	86.688122709728	26688.1931496188
0.63096	23480.6341370794	428773.534019714	429415.979739033	86.8654809797407	26691.69021561
0.50119	28440.3171032249	537082.322056219	537834.800196336	86.9688266627654	26695.4872856004
0.39811	34881.2845293219	672363.508650032	673267.696963546	87.0302369299358	26699.6893605898
0.31623	43500.4796512696	842048.563177516	843171.438367791	87.0427118802448	26704.4514495777
0.25119	55084.4302717251	1054375.03742731	1055812.96355377	87.0093766202256	26709.8485495641
0.19953	69849.0524263527	1319225.70605144	1321073.56102216	86.9691900347469	26716.0256645485
0.15849	91682.4153100266	1654206.22674913	1656744.97310017	86.8276950455725	26723.3178005301
0.12589	119700.426058258	2071464.86429068	2074920.45052078	86.6928182438533	26731.8349605086
0.1	165879.133671627	2592992.395738	2598292.79553763	86.3396572325127	26742.0271454829
