Frequency (Hz)	Z' (Ω)	-Z'' (Ω)	Z (Ω)	-Phase (°)	Time (s)
10000	93.8924148556876	51.7850976924798	107.226311651815	28.8783409026642	59951.9410496359
7943.3	94.8882224746307	62.7609574125332	113.766042999363	33.4814428700698	59953.2780726325
6309.6	94.4837140758085	77.0120601070023	121.893517577776	39.1828882025779	59954.685101629
5011.9	94.6976404690763	95.9706459155024	134.825843174998	45.3825321820639	59956.0721276255
3981.1	96.036673780719	120.835608027195	154.351180358837	51.5233303095806	59957.454149622
3162.3	96.5688351413892	150.066782401707	178.453296694026	57.2384866310976	59958.8561786184
2511.9	97.4490956164332	188.769429327273	212.438752785374	62.6957033279656	59960.2632056149
1995.3	99.4796109154249	234.932450108936	255.12633949099	67.0502957647597	59961.6802296113
1584.9	101.317775117318	295.437966148652	312.328166191868	71.0710592698178	59963.0222536079
1258.9	101.728117111694	368.632285038535	382.411259488816	74.572573779279	59964.4092806044
1000	108.270220545936	465.48024908785	477.906165421573	76.9058882682601	59968.5173605941
794.33	114.054674876349	583.91805786823	594.952743640833	78.9477698985422	59969.9443825904
630.96	122.470535732495	732.483501930156	742.651407271587	80.5080022082601	59971.3314095869
501.19	134.880428575537	918.116136096267	927.970888214205	81.6424613046901	59972.7684355833
398.11	152.746973808132	1151.79937501919	1161.88357347117	82.445745232873	59975.7494905758
316.23	179.418366480113	1441.83032651022	1452.95066697908	82.9066952081934	59977.0865155724
251.19	218.676421858181	1803.56447993359	1816.77302125357	83.0868147089224	59978.5085405688
199.53	275.386681498133	2250.52472003048	2267.31103728951	83.0236525327996	59979.8955675653
158.49	357.136086267801	2802.72399316454	2825.38633924192	82.7382405272347	59981.3425935617
125.89	472.731117123767	3477.77532846375	3509.75724863817	82.2592739998237	59982.8596235578
100	631.970518700159	4301.86512028784	4348.0375170478	81.6426754488389	59984.3166515542
79.433	845.467754634918	5291.61241562292	5358.7291106476	80.9222892627332	59985.9186785501
63.096	1123.55725858347	6487.4868152644	6584.06151942288	80.1744998271447	59987.4907085461
50.119	1452.9866111179	7908.07428378933	8040.44830653229	79.5889022845577	59989.3127425415
39.811	1851.27588572023	9627.75166942656	9804.12283752071	79.1157057742675	59991.0097725373
31.623	2288.70387613734	11695.2987629087	11917.1380199417	78.9274700847169	59992.706805533
25.119	2767.97653655991	14199.7947457944	14467.0613785121	78.9696138336698	59994.6288395281
19.953	3270.73329279602	17281.3447864845	17588.1373062061	79.2827488802565	59996.6208755231
15.849	3792.81344024774	21124.3137358226	21462.1076458484	79.8211521939325	59998.637914518
12.589	4362.53393355771	25876.5342304636	26241.6982320466	80.4304713768318	60000.7749545126
10	4938.61413693789	31812.1030128437	32193.163990098	81.1756575206416	60003.1519975066
7.9433	5569.99623646829	39223.5172101614	39617.0311912704	81.9176641699691	60005.5490415006
6.3096	6269.01138543921	48582.4503080181	48985.2526959065	82.6472632097599	60007.9610864945
5.0119	6969.1500699819	60248.8592653412	60650.5902318586	83.4017649814392	60010.4731314881
3.9811	7802.44847658775	74840.0889269645	75245.7115909323	84.048133974231	60013.0451804816
3.1623	8768.493331234	93186.4370811845	93598.0690569279	84.6245103495186	60015.5872274752
2.5119	10036.4450582535	116214.533425777	116647.108874495	85.0641053993827	60018.1992754686
1.9953	11170.0308451137	145126.673729611	145555.903407941	85.5987668886517	60022.2783524583
1.5849	12880.6515327965	181567.412641916	182023.725149743	85.9421537596493	60025.0704054513
1.2589	14565.2296344415	226730.053356676	227197.409777104	86.3243468380885	60028.1124604436
1	17127.6092197835	283037.39623558	283555.149248611	86.5370495022005	60033.2865574305
0.79433	20317.0970657087	354297.299409833	354879.360913365	86.7179811206028	60036.5436174223
0.63096	24469.4162479241	443401.998394903	444076.665129016	86.8413005754401	60040.0906824133
0.50119	29920.2706893055	555164.030528854	555969.71445499	86.9150589255596	60044.0727574033
0.39811	37412.9489295479	695145.044749287	696151.105714193	86.9192934106068	60048.3998363924
0.31623	47008.6032680134	870617.703405297	871885.883739337	86.9093418657112	60053.28692538
0.25119	61069.5091211685	1090106.90348633	1091816.16858007	86.7935515967104	60058.839028366
0.19953	78954.8895010922	1365004.04740829	1367285.60440646	86.6895725012077	60065.2111463499
0.15849	104138.170603669	1708717.49062184	1711887.91143979	86.5124096111116	60072.5982863313
0.12589	144182.851808129	2136027.39326083	2140888.06795595	86.1383658146855	60081.2854453093
0.1	189688.315303669	2666129.99422278	2672869.39506162	85.9304096010329	60102.404835256
