Frequency (Hz)	Z' (Ω)	-Z'' (Ω)	Z (Ω)	-Phase (°)	Time (s)
10000	97.8449164834802	51.2307168656883	110.445525179753	27.6361493143591	13834.5411570711
7943.3	99.8413918656458	62.2702183755228	117.668532863314	31.9514356394081	13835.7231760682
6309.6	100.017577212705	76.857841276351	126.13739935943	37.5402368209131	13836.975200065
5011.9	99.2786520331482	97.044728717453	138.830580641885	44.3480712609084	13838.2172240619
3981.1	101.74457585861	119.964920090864	157.300797102417	49.6980762443522	13839.4592470587
3162.3	102.211828476132	149.302077149643	180.937470197945	55.604556041758	13840.6962700556
2511.9	102.951368552482	187.889801171673	214.246497453657	61.2801298670804	13841.9582920524
1995.3	104.911930696614	236.543393718904	258.76493254409	66.0817147405293	13843.2203150492
1584.9	107.6973773774	294.059044645429	313.160417089632	69.8850436572811	13844.4223380462
1258.9	110.123779130109	365.506243221416	381.735589857338	73.2329131660983	13845.6643610431
1000	114.556757240459	463.250741500292	477.204882760037	76.1100478476832	13849.5774350332
794.33	121.00156430197	581.074899209625	593.539735026224	78.2369755018414	13850.83445603
630.96	130.382880846527	728.653541936836	740.226775924065	79.8550462860612	13852.0964810268
501.19	144.152312460056	913.090549553458	924.399394672789	81.0285904754224	13853.3535060236
398.11	164.175698279271	1144.51418790251	1156.22938304457	81.8368500534092	13856.1595570166
316.23	193.871868388575	1431.94302805204	1445.00765982029	82.2895646736123	13857.3265770136
251.19	237.153422923727	1789.04133794513	1804.69129074226	82.4489555173418	13858.6086000104
199.53	299.891091292684	2230.6003215447	2250.66933624468	82.3428341929554	13859.7756220074
158.49	390.222422037896	2772.97442975159	2800.29654263924	81.9897419909675	13861.0476480042
125.89	517.573786115959	3435.86127002796	3474.62592100971	81.433446388	13862.3746720009
100	690.920346876737	4236.19476848476	4292.16926999227	80.7366636854419	13863.6716959976
79.433	922.5761622758	5199.3036112621	5280.52126378473	79.9380381138522	13865.0437229941
63.096	1218.12268350673	6343.87597158633	6459.76665328896	79.1306166984487	13866.4407469906
50.119	1576.04971379704	7708.27565424609	7867.74721646563	78.4444570183928	13868.0427769866
39.811	1992.57557819829	9337.76300763193	9547.99326673053	77.9543762139589	13869.5048039829
31.623	2458.88789149753	11314.4317593097	11578.5359911791	77.7389553496882	13871.0968339788
25.119	2949.96207063758	13679.8645800971	13994.3192456081	77.8309309204928	13872.603858975
19.953	3480.33344827377	16607.3247840588	16968.0864387941	78.1640297076942	13874.4058929705
15.849	4035.77665553399	20214.8931095093	20613.8156740144	78.7096965484367	13876.2729289658
12.589	4606.09819582556	24714.4263714691	25139.9882947537	79.4427448002037	13878.164964961
10	5203.42495764245	30299.3619884272	30742.9173663718	80.255432564784	13880.3870049554
7.9433	5860.31597954566	37294.1510965212	37751.7815392899	81.0696999815772	13882.6540449497
6.3096	6508.64770678433	46099.7343381758	46556.9328996382	81.9637410299768	13885.0010909437
5.0119	7271.21150941925	57105.143832762	57566.2050944402	82.74356285865	13887.3731349378
3.9811	8048.71999763388	70861.4580979455	71317.0956879709	83.5198945648366	13889.7301769318
3.1623	8954.95156570592	88170.9870479366	88624.5683462072	84.2007272534978	13892.2122229255
2.5119	10168.9007294799	109778.608270303	110248.579926504	84.7077377194541	13894.6692699193
1.9953	11200.7424237919	137064.709082565	137521.602327534	85.3282472530817	13897.2313179129
1.5849	12666.0857368662	171247.301088329	171715.07754979	85.7698941338184	13902.5924188993
1.2589	14428.9230217152	214126.872221244	214612.467547483	86.1449561025289	13905.2744648926
1	16506.756425253	267363.452060116	267872.522863366	86.4670991956448	13910.25356088
0.79433	19229.888377491	334813.728156446	335365.503844729	86.7128518356204	13913.3806168721
0.63096	22588.7043468193	418896.083798702	419504.682436272	86.9133511130946	13916.7926808635
0.50119	27202.8833405028	524660.625301095	525365.3667719	87.0319556605038	13920.5947498539
0.39811	33064.0439043186	656945.538059854	657777.067839901	87.1187368060452	13924.7418248434
0.31623	40979.138896808	822760.731364386	823780.620614484	87.1486326726457	13929.5089128314
0.25119	51466.2787705265	1030664.61518916	1031948.80050005	87.1413074389795	13934.8860128178
0.19953	64735.462740892	1292051.04143936	1293671.74113869	87.1317156014995	13941.0881278021
0.15849	84554.4008110301	1617446.04278474	1619654.6385006	87.007501807018	13948.3252647839
0.12589	110708.031212324	2026473.46385962	2029495.24953918	86.8729894886935	13956.7774207625
0.1	148061.276896705	2535730.77795241	2540049.7475387	86.6582946900313	13966.9346077369
