Frequency (Hz)	Z' (Ω)	-Z'' (Ω)	Z (Ω)	-Phase (°)	Time (s)
10000	95.3378432064029	51.3789481072577	108.300972552683	28.320872255715	42948.8002255647
7943.3	95.3945184572457	61.5597370222672	113.53288234666	32.83485461164	42950.0322475616
6309.6	96.6817355845581	77.9635584972287	124.200138684275	38.8824915632807	42951.3642735582
5011.9	96.8627021383533	96.1217931777979	136.461650983926	44.7800302671678	42952.7012965549
3981.1	97.7316379456912	119.393467715822	154.292816387402	50.6973514091998	42954.0283235515
3162.3	98.254768468152	149.879784710807	179.214813538636	56.7528672961692	42955.3653475481
2511.9	99.8054123250587	188.365355960319	213.172764806935	62.0831135712971	42956.7173715447
1995.3	101.823336256306	236.519345944123	257.50610247565	66.7077628571419	42958.0443975414
1584.9	102.9236456445	298.015664061579	315.288142591533	70.9469709491464	42959.2364185384
1258.9	105.770529233965	369.872060498908	384.698253170119	74.0413148767955	42960.5384405351
1000	110.172694257151	464.799369793638	477.678214617794	76.665123719504	42964.5665205249
794.33	116.105668864105	583.201001277245	594.646057948055	78.7405709344792	42965.8635425216
630.96	124.743663184347	731.623992696837	742.182355081493	80.3239788820315	42967.2555655181
501.19	137.309109908289	917.081109390794	927.303376929717	81.484697136538	42968.6275915146
398.11	155.917764941391	1150.47914190603	1160.9963847425	82.2820574340736	42971.5136475074
316.23	183.241110871281	1440.19911906615	1451.80949413904	82.7490352842745	42972.7556695042
251.19	223.131847939439	1800.13434937994	1813.91055385385	82.9340634491209	42974.1526955007
199.53	280.944667146929	2245.82564530369	2263.33001020665	82.869546283545	42975.5197214972
158.49	364.632357707566	2796.39834609183	2820.07100377145	82.5709139646719	42976.8967444938
125.89	482.542034466755	3470.74886837537	3504.13249212358	82.084843534864	42978.2987724902
100	645.67390911949	4287.53599981207	4335.88050418853	81.4359954628993	42979.6707964868
79.433	862.761996375509	5275.29763296687	5345.3833706083	80.7116474869312	42981.1228244831
63.096	1143.27238961771	6460.20838504502	6560.59175189771	79.9641924948363	42982.6698514792
50.119	1477.81819296861	7872.15287418205	8009.66525430131	79.3677628863791	42984.3868834749
39.811	1884.10335278385	9565.23055511907	9749.02461872749	78.8568634086841	42985.9389114709
31.623	2326.82321760787	11612.206920078	11843.0340639848	78.6692801881422	42987.6059464667
25.119	2808.39538633072	14095.9528389848	14372.9945065336	78.7322652171754	42989.1929734627
19.953	3317.98884802677	17137.9795322425	17456.2135769242	79.0428420238817	42991.1250104578
15.849	3850.94825175734	20917.7972763013	21269.3216941714	79.5686979113587	42993.0970444529
12.589	4399.91412807713	25608.8271939051	25984.0580853289	80.2510587505671	42995.0840804479
10	4997.34636956496	31475.2340478665	31869.4811552585	80.9784092915592	42997.406124442
7.9433	5653.01931282244	38823.7959001747	39233.1971097126	81.7155491966882	42999.7281664361
6.3096	6325.33711627675	47985.0236345557	48400.1279217671	82.4906236866929	43002.17021243
5.0119	7037.52826408633	59540.6253984828	59955.0905003926	83.2590813204193	43004.5772584239
3.9811	7828.09639904309	74020.5469667587	74433.3290031478	83.9630829031435	43007.0093044177
3.1623	8790.42872463997	92113.44915366	92531.9358499912	84.5487456116221	43009.5063484114
2.5119	10011.084672801	114745.881826162	115181.765971831	85.0138153859143	43012.1183974048
1.9953	11129.6699789754	143344.647621219	143776.067394724	85.5603062890531	43014.810448398
1.5849	12729.8592426337	179056.49932339	179508.437869322	85.93345064956	43020.3315513841
1.2589	14555.7676876326	223832.380449827	224305.16024116	86.2793076464993	43023.1936013769
1	16941.7900636043	279490.934722189	280003.940762343	86.5311691151705	43028.1926953643
0.79433	20056.9381928409	349797.547041472	350372.094616427	86.7183274948756	43031.3247543563
0.63096	23932.2211308296	437916.639910937	438570.102399993	86.8718873140933	43034.8368193475
0.50119	29343.6015116208	548342.544819183	549127.119534676	86.9368373330169	43038.7038893377
0.39811	36349.6145618808	686323.133455518	687285.048575188	86.9682860405504	43042.9959703269
0.31623	46062.2826825578	859614.616445251	860847.851070236	86.9327502076267	43047.7830573148
0.25119	58528.2646927552	1076288.72761385	1077878.92778205	86.8873381384052	43053.260160301
0.19953	76423.2379273934	1347217.45126987	1349383.33037777	86.7532774823307	43059.4572742853
0.15849	100156.398815757	1686656.80848974	1689627.91579938	86.6016749128248	43066.7894112668
0.12589	134342.089922014	2109931.13760097	2114203.68047706	86.3568202623052	43075.3215682453
0.1	182460.493255166	2637416.10649469	2643720.02118162	86.0424956676592	43096.3309591922
