Frequency (Hz)	Z' (Ω)	-Z'' (Ω)	Z (Ω)	-Phase (°)	Time (s)
10000	99.359173710647	50.8241236594101	111.603480887513	27.0906153332852	8072.62247061859
7943.3	100.167209838271	63.0526400828994	118.360066526713	32.1893421880615	8073.73449261578
6309.6	100.393911742157	77.3389165961866	126.729024044076	37.6090254830503	8074.95151461271
5011.9	100.3741891348	95.4420639432655	138.506914680167	43.5571666477758	8076.15853460966
3981.1	102.175405181198	119.430391047632	157.173253862521	49.4522624250248	8077.3705576066
3162.3	102.198757873651	150.316327218722	181.767940901148	55.7885582392004	8078.57758060355
2511.9	103.536499874062	188.070604104536	214.686652902356	61.1663671393425	8079.80460560045
1995.3	105.285017948944	234.857522546553	257.377137487412	65.8536333897285	8081.02162359738
1584.9	108.965436269616	294.582888241675	314.090025862387	69.700698542196	8082.2036465944
1258.9	110.846271567697	366.535517155988	382.929734099178	73.1738339407651	8083.38566859141
1000	115.756155466573	462.936832856394	477.18968842957	75.9612000233888	8087.23874258169
794.33	122.312195287191	580.404244328197	593.152054662342	78.0998263529406	8088.46576257859
630.96	131.940230559125	727.480994004964	739.348917006338	79.7202412402272	8089.66778457555
501.19	145.868273302227	911.749074938317	923.343884371933	80.9104325417631	8090.89480957245
398.11	166.580525928238	1142.59812036389	1154.67724333582	81.7052298905403	8093.66086156547
316.23	196.865155633764	1429.33013713247	1442.82380435652	82.1578520747649	8094.79288156261
251.19	241.332011482999	1785.92793431656	1802.15973940676	82.3042507798293	8096.05490355943
199.53	305.177268098329	2224.31884180309	2245.15644777022	82.1877756822513	8097.26692555637
158.49	397.25187709797	2765.5938895856	2793.97899347347	81.825905145297	8098.51895055321
125.89	525.488470432654	3423.36187557785	3463.45848303651	81.2731737172537	8099.80097454997
100	703.671724905961	4220.38036989552	4278.64048069379	80.5340453847237	8101.06799854677
79.433	938.999022181166	5176.59711725072	5261.0718373717	79.7187310621462	8102.37501954347
63.096	1238.42406384924	6311.83682908028	6432.18301347646	78.8992053461694	8103.74704754001
50.119	1599.70742337655	7662.02445547971	7827.2397814795	78.2069710435049	8105.2940775361
39.811	2021.8023391785	9281.80912145244	9499.45605104763	77.7115463916058	8106.73610253246
31.623	2489.62231791014	11229.8328036015	11502.493820154	77.4998622628576	8108.27313152858
25.119	2998.27381293634	13578.1569744854	13905.2505436295	77.5479961582418	8109.73515752489
19.953	3525.63594892184	16467.2325981486	16840.4233404585	77.9154119816532	8111.54219152032
15.849	4083.63396427371	20018.0314369481	20430.3120133984	78.4699917502306	8113.39922351564
12.589	4655.65772135904	24468.5133006093	24907.4946945802	79.2270266491551	8115.26626151092
10	5260.26387499993	30002.9232303702	30460.5610322941	80.0556851700276	8117.46329950538
7.9433	5919.76832610047	36895.9210939256	37367.8023223722	80.8848611748905	8119.67534249979
6.3096	6566.12583029428	45584.235211712	46054.7121178272	81.8032788818018	8121.98238449397
5.0119	7317.6471926089	56394.8407443763	56867.6184046691	82.6067579612153	8124.28942548814
3.9811	8134.52926794774	70010.8280835026	70481.8176223404	83.3725439709955	8126.62647048224
3.1623	9034.55460974623	87108.1363858249	87575.3995229708	84.0786515829374	8129.0585134761
2.5119	10177.2494497853	108430.418200786	108906.987827046	84.6379429017514	8131.57056246976
1.9953	11232.3426927656	135259.819714328	135725.400539177	85.2528950606034	8134.07260846344
1.5849	12630.8902509456	169057.572643074	169528.765277459	85.7271679817063	8139.32870545017
1.2589	14370.106657986	211378.453977916	211866.351201543	86.1108545258243	8141.99075544345
1	16287.5432122141	263861.178395825	264363.396725649	86.4677451862695	8146.94484643094
0.79433	18889.4758069471	330277.20691422	330816.936844714	86.7266603039485	8149.96690442331
0.63096	22199.5813985326	413605.409547247	414200.743868255	86.9276924734115	8153.35396341476
0.50119	26503.3689466718	517779.822388465	518457.68683486	87.0697833663442	8157.05103440543
0.39811	32068.697780032	648569.944622606	649362.282893823	87.1693016824826	8161.17310939502
0.31623	39487.4307399928	812780.863060714	813739.509022491	87.2185792022906	8165.79019438336
0.25119	49262.4982885726	1017566.20666551	1018757.95883285	87.2283560200061	8171.13729436986
0.19953	62397.3719077392	1274705.06555087	1276231.34116117	87.1975833732031	8177.35441135416
0.15849	80791.2876026239	1597437.83961977	1599479.56648454	87.1047017196973	8184.54154433602
0.12589	105300.608356361	2002043.0549484	2004810.36808656	86.9892125187317	8192.95869731477
0.1	136598.028814349	2508672.18158167	2512388.33306432	86.8833036183365	8203.07588528922
