Frequency (Hz)	Z' (Ω)	-Z'' (Ω)	Z (Ω)	-Phase (°)	Time (s)
10000	92.1934273180872	50.9600829448347	105.340201700964	28.931702247492	74851.5079270181
7943.3	92.948885461813	62.5506848056879	112.036081144664	33.9388926269332	74852.9199510145
6309.6	92.1488641765691	77.4962947355306	120.403857358342	40.0635076874406	74854.3569790109
5011.9	94.0614195302672	96.6487940395508	134.864895481917	45.7772868690731	74855.7790020073
3981.1	93.4584150355642	120.702825590645	152.655322365535	52.2499103823658	74857.2160310037
3162.3	95.6229517164763	151.539984658313	179.187376355627	57.747744105997	74858.6580570001
2511.9	96.2630797447612	187.416521482276	210.692982907506	62.8135274206503	74860.1800869962
1995.3	98.3314398781653	236.318094927889	255.959594582543	67.4079126729104	74861.6571139925
1584.9	97.8096916589567	296.893794389427	312.590244456496	71.7658754350353	74863.0641409889
1258.9	99.2905664028775	369.826134604177	382.922951013479	74.9716792084779	74864.4611649854
1000	106.670417115044	465.822142237382	477.879530934441	77.101997959438	74868.6392439749
794.33	112.382907329023	584.506307241124	595.21218154905	79.1165669291339	74870.0162679714
630.96	120.595357724251	733.038196822441	742.891807940655	80.6577010287725	74871.4432959678
501.19	132.705489221078	919.110793987518	928.641695431436	81.7841467955418	74872.8853189641
398.11	150.482831141943	1153.40138268697	1163.17661257984	82.5666786749639	74875.9263799565
316.23	176.745050133274	1444.14299638124	1454.91848800666	83.0224131371348	74877.3184039529
251.19	215.2104680771	1806.47492159089	1819.24907253151	83.2062115232296	74878.7954289492
199.53	270.932763203758	2254.01867207735	2270.24332093513	83.1459374139062	74880.2774559455
158.49	351.231947483933	2807.77531271664	2829.6582987411	82.869759074844	74881.7494849418
125.89	465.247679622342	3485.55496726919	3516.46823293612	82.3971679825469	74883.2815119379
100	622.235496819092	4310.60260574975	4355.28091381006	81.7860913566336	74884.803539934
79.433	832.686543062074	5309.7708348524	5374.6658684653	81.0873761470256	74886.39056993
63.096	1101.38775890143	6509.37206657958	6601.89213003548	80.3964925583535	74888.002599926
50.119	1439.92610769758	7942.47979158327	8071.94972948529	79.7242133476427	74889.9046349212
39.811	1826.95755770116	9663.40580412106	9834.59128041232	79.2940573843731	74891.5866679169
31.623	2261.47297505809	11744.143944415	11959.8987037541	79.1004359992821	74893.3786989124
25.119	2739.42266028127	14285.8203595204	14546.1025658473	79.1448388956862	74895.0607329082
19.953	3235.30020139879	17396.9902038323	17695.2659077339	79.4651109745971	74897.0727689031
15.849	3766.80312231871	21267.2681890328	21598.275440103	79.9560841712295	74899.1398058979
12.589	4300.07336616845	26082.162229622	26434.2546240054	80.6380643899925	74901.2518468925
10	4891.51843790019	32062.6139681124	32433.5962714053	81.3257585406631	74903.6788898864
7.9433	5514.46826737074	39559.8618958287	39942.3588873877	82.0643597323453	74906.1309368802
6.3096	6206.58028267703	49004.6163944773	49396.0936388212	82.7817514618618	74908.5529808741
5.0119	6916.27462121921	60741.7291377788	61134.2172051251	83.5040704455571	74911.0500268678
3.9811	7717.70365073472	75530.496702032	75923.7702020667	84.165767501788	74913.6320768613
3.1623	8722.7825407715	94048.0123871368	94451.6573132765	84.7010798591717	74916.2191218547
2.5119	10009.1420417329	117212.301639445	117638.882092733	85.1191665888381	74918.9561748478
1.9953	11161.2931325458	146473.151298443	146897.782541763	85.6424673008751	74924.4022778341
1.5849	12883.4028896478	183109.827822323	183562.499207049	85.9753653746936	74927.3343288267
1.2589	14771.7714119977	228741.254316991	229217.727624106	86.3050541698058	74931.9034158151
1	17253.5943447875	286073.330010208	286593.155293255	86.5485698511988	74937.0225088022
0.79433	20508.4450073356	357671.822772186	358259.304305969	86.7183265296891	74940.3045707939
0.63096	24805.8009325254	447703.680007716	448390.357671032	86.828670277033	74943.9816357846
0.50119	30674.2137157595	560538.134074387	561376.796045825	86.8677388849779	74948.0037127745
0.39811	38346.3534755146	701453.885050303	702501.242473657	86.8709283224074	74952.4007947634
0.31623	48975.106592292	878458.444755072	879822.595883526	86.808995272058	74957.3378837509
0.25119	63169.8951272072	1099593.61710651	1101406.62719623	86.712062981292	74962.9349887368
0.19953	83365.3255627725	1375441.19501789	1377965.26025094	86.5315527157357	74969.2271047209
0.15849	111510.832246339	1720495.18446446	1724105.08539174	86.2916628584402	74976.689240702
0.12589	151416.63143313	2152003.25338227	2157323.57305121	85.9752570956544	74985.40640568
0.1	202660.22487202	2690042.58223376	2697665.70593468	85.6916361694763	75006.5407956267
