Frequency (Hz)	Z' (Ω)	-Z'' (Ω)	Z (Ω)	-Phase (°)	Time (s)
10000	99.0888657453079	51.188834483868	111.529817046871	27.3206601708758	11408.8802461953
7943.3	99.3332669343258	62.1075571584225	117.151383158855	32.0154468760784	11410.0372651924
6309.6	99.6865382825707	77.4171165241038	126.217335757292	37.8331108693151	11411.2892871893
5011.9	100.24079021681	95.4414688117189	138.409862337295	43.5950400105295	11412.5313111861
3981.1	101.118969190713	120.535020585965	157.333204117412	50.006115597582	11413.758334183
3162.3	103.117707025837	149.230766557651	181.39207036045	55.35572253053	11414.97535618
2511.9	102.790735679109	187.92133238034	214.197017964898	61.3218647206406	11416.2073771768
1995.3	105.106999914126	234.721483875108	257.180202238587	65.8774251913287	11417.4344031737
1584.9	108.116967601354	294.259967273421	313.493551804606	69.8256633725221	11418.6164231708
1258.9	108.259365218643	372.190660038227	387.615760228134	73.7818332853871	11419.8234441677
1000	115.066123955811	463.176265313628	477.255136831542	76.0485387375468	11423.7115191579
794.33	121.512738779813	580.74468776653	593.320940178935	78.1821483026042	11424.9535411548
630.96	130.996890722596	728.225649928451	739.914037299403	79.8024071363311	11426.1755631517
501.19	144.897569970276	912.528464042394	923.960769443629	80.9775062136695	11427.4125871486
398.11	165.186835072651	1144.05383416861	1155.91775916681	81.7839984427751	11430.1836401416
316.23	195.010647611643	1430.2905580558	1443.523547832	82.2359734585617	11431.3406591386
251.19	238.882434736143	1787.53240972332	1803.42366997795	82.3882004894392	11432.6226811354
199.53	302.099166673862	2227.96059949502	2248.34880287896	82.278103134537	11433.8547051323
158.49	392.709249542926	2768.73818384044	2796.44983601219	81.9271921327972	11435.1367301291
125.89	520.544091015689	3431.13060181083	3470.39239242108	81.3733200468014	11436.4437541258
100	696.241179610719	4230.11914756031	4287.03391434475	80.6534076797553	11437.7107751226
79.433	928.829452290158	5189.75091306432	5272.21383207222	79.8529880346578	11439.0528021192
63.096	1226.42941475229	6335.49949075789	6453.1142022099	79.0441616424393	11440.4248261157
50.119	1587.75654095099	7699.88212224208	7861.87989794781	78.3486157839491	11442.0718591115
39.811	2005.15112521596	9315.02662746313	9528.39714250524	77.851890729087	11443.5238861079
31.623	2473.1115437807	11276.6297099036	11544.6376436102	77.6301316489601	11445.060915104
25.119	2969.95454515826	13642.633647743	13962.1661230211	77.7185261997563	11446.5429421003
19.953	3496.30617978866	16550.6621098993	16915.9266130734	78.0717136805744	11448.3449750957
15.849	4044.45649415221	20151.5088705002	20553.368047377	78.6513752496233	11450.207009091
12.589	4613.30596992453	24626.8940610663	25055.2689681656	79.3898670903332	11452.0790440863
10	5223.54517347616	30199.0589118503	30647.4890217902	80.1866218267055	11454.3010850807
7.9433	5863.64603614093	37155.487703559	37615.3241555417	81.0319019968684	11456.543128075
6.3096	6544.07438811673	45883.2208419241	46347.5443192623	81.8829573167976	11458.920171069
5.0119	7275.89059593954	56889.7215573939	57353.1080486654	82.7117430064869	11461.317213063
3.9811	8067.97215661881	70605.0886847538	71064.5532097538	83.4811441398223	11463.6992580569
3.1623	9003.11860558419	87765.8820193387	88226.448365888	84.1430240388703	11466.051303051
2.5119	10095.5608655627	109404.325212014	109869.134538716	84.7278176383184	11468.5683490446
1.9953	11150.2214402038	136388.716242865	136843.740655327	85.3262774803403	11471.1403960382
1.5849	12644.930558767	170434.649219683	170903.083422952	85.7568710750375	11475.3244760276
1.2589	14212.9998933581	213092.037715751	213565.507289496	86.1840877445095	11477.9915230209
1	16396.320742916	266139.22544005	266643.819826627	86.4745741206306	11482.9106170084
0.79433	19062.4594991033	333092.818933698	333637.832667928	86.7246113054153	11485.9526720008
0.63096	22451.5146544139	416911.591741856	417515.683344956	86.9174863328959	11489.3547339922
0.50119	26827.1212956543	522187.780611202	522876.441099295	87.059045174705	11493.1318019826
0.39811	32719.5379804517	653985.47365618	654803.457473273	87.1358238453618	11497.2438789722
0.31623	40287.6212767067	819122.930043873	820113.0818075	87.1842418631598	11501.8709639606
0.25119	50918.2942330023	1026996.04897728	1028257.53452262	87.1616089462274	11507.1580619472
0.19953	63446.2069926566	1285543.01271979	1287107.71061882	87.1745381983406	11513.2801779318
0.15849	82735.6953156085	1609805.06953176	1611929.76185984	87.057880466235	11520.4773099136
0.12589	107566.513412773	2018363.33978378	2021227.62849485	86.9493687631422	11528.9894658921
0.1	142250.892354354	2529398.24316223	2533395.11108863	86.7811319115031	11539.1216558665
