Frequency (Hz)	Z' (Ω)	-Z'' (Ω)	Z (Ω)	-Phase (°)	Time (s)
10000	96.5092299831727	51.4143203973763	109.350188906417	28.0460101968744	32653.3925995581
7943.3	98.0679916779671	63.4019968359811	116.77818372684	32.8830968230818	32654.5946225551
6309.6	98.1722388270041	76.9622423818411	124.74363802915	38.0947136377655	32655.9116465517
5011.9	97.7445828215287	96.2190258339466	137.157225122807	44.5493681774189	32657.2136705485
3981.1	98.5511360540123	120.320466913259	155.529229329284	50.6800517507474	32658.5156935452
3162.3	99.8119495508088	150.131542794818	180.282848366353	56.3828491026501	32659.7927165419
2511.9	101.414645555197	189.576978794077	214.998514464115	61.8553425477744	32661.0847415387
1995.3	102.100564006945	235.406490117237	256.594506488064	66.5526453564137	32662.3717665354
1584.9	103.42658159432	294.341705254742	311.98412977675	70.6394073239682	32663.5487865325
1258.9	105.819838231184	367.777572805429	382.698551371607	73.9480009993349	32664.8208105293
1000	111.918040938915	464.504669206684	477.797274586635	76.453319491981	32668.8188865192
794.33	117.994255517854	582.458809413802	594.290256523659	78.54802432897	32670.1459095158
630.96	126.885189998041	730.475144448941	741.413371944788	80.145915425882	32671.4379315125
501.19	139.860798008879	915.724586434177	926.343651686417	81.3161870566456	32672.7749585092
398.11	159.02852656552	1148.41746049579	1159.3760114101	82.1160344541138	32675.6710155019
316.23	187.25408284373	1437.11220058802	1449.26035225579	82.5762496195736	32676.9080334987
251.19	228.528857880532	1796.74705799137	1811.22208171301	82.7514509888854	32678.2450594954
199.53	288.38890478948	2240.25883852679	2258.74474520763	82.6646461180233	32679.5520844921
158.49	374.210953458078	2788.51737317285	2813.51434653794	82.3567362425282	32680.9291084886
125.89	495.937837392511	3456.44183429952	3491.83970028026	81.8348045163105	32682.2961324851
100	662.73105544479	4268.5067331527	4319.64838648019	81.1746847959458	32683.6531614817
79.433	885.635671782254	5246.87348835939	5321.093115703	80.419179948245	32685.0551864782
63.096	1167.84047955536	6414.91601405599	6520.35266324454	79.6822534914756	32686.5422114744
50.119	1525.28608843453	7811.86146026323	7959.37667948425	78.951850136326	32688.2692464701
39.811	1924.24338934723	9480.82686250505	9674.12996699155	78.5270024107476	32689.7912744662
31.623	2378.55717592411	11492.6357901813	11736.1923827491	78.306947465024	32691.4383024621
25.119	2865.29925805576	13935.8093987795	14227.3231297151	78.38150462973	32692.9703334582
19.953	3382.87221717557	16948.1983307128	17282.5128698032	78.7120675965504	32694.8323684535
15.849	3929.87353870409	20657.6052867299	21028.0898374659	79.2288400273504	32696.7694024486
12.589	4496.93551447179	25288.8964117464	25685.6129135623	79.9169165319847	32698.7114384437
10	5081.5239502461	31056.8237871996	31469.7980515619	80.7075929447775	32700.968478438
7.9433	5714.64405159211	38229.5372955754	38654.2970246542	81.4982387396187	32703.2455204322
6.3096	6359.03412876834	47300.600714055	47726.1368954298	82.3431356688929	32705.6725674261
5.0119	7139.76629609259	58632.4842411359	59065.5946473907	83.0571883101611	32708.1196134199
3.9811	7956.75768394425	72813.0181713873	73246.4716424469	83.7636580393913	32710.5866574137
3.1623	8847.06114828394	90654.7626594662	91085.435080509	84.4261155504932	32713.0337044075
2.5119	10033.0351056233	112953.711396578	113398.424643785	84.9240634392871	32715.635753401
1.9953	11226.8886645502	140931.857350785	141378.327354047	85.4453321575978	32718.3078003942
1.5849	12739.4477133574	176136.343880868	176596.447200278	85.8631605164564	32723.7589023805
1.2589	14665.930168648	220360.074130379	220847.575894457	86.1923297656908	32726.4959513735
1	16807.0606116013	275059.794432515	275572.799455351	86.5033862485159	32731.5150493609
0.79433	19750.6948812339	344147.231919581	344713.514655578	86.7153839752373	32734.622102353
0.63096	23544.7643359885	430767.665505179	431410.636832727	86.8714581922907	32738.1741683441
0.50119	28645.3250244689	539517.462460031	540277.379634821	86.9607719763085	32741.9362373346
0.39811	35419.1200293074	675739.732884651	676667.348600973	86.9995686509017	32746.1933163238
0.31623	44779.3518926248	845588.812884929	846773.659741532	86.9686525053255	32751.0404083116
0.25119	56186.4715428309	1059519.0813828	1061007.82438146	86.9644387701395	32756.4625082979
0.19953	73175.2867687053	1325809.24766607	1327827.0910742	86.8408837209505	32762.6296222823
0.15849	96162.6701842893	1661950.10799536	1664729.83411807	86.6884813688066	32769.891755264
0.12589	127775.614885654	2077240.47190706	2081166.64058601	86.4800460767113	32778.3689122426
0.1	178984.679454645	2603931.28678404	2610075.41304313	86.0678832941053	32799.2533011898
