Frequency (Hz)	Z' (Ω)	-Z'' (Ω)	Z (Ω)	-Phase (°)	Time (s)
10000	94.0412611128792	50.5518187514479	106.76724765011	28.2602233106776	58071.4152333838
7943.3	94.8102151515797	62.5999033173914	113.612168329082	33.4354016331561	58072.7472543804
6309.6	95.6675021185673	77.1673696113473	122.910837172075	38.8903596541312	58074.1442813769
5011.9	95.2074516619344	95.8631084121662	135.108084163762	45.1966091329532	58075.5213073734
3981.1	94.8887039131244	120.282465393695	153.204887688018	51.7307178178312	58076.88833237
3162.3	97.433758923482	150.158628131455	178.999863073355	57.0215817659394	58078.2703573665
2511.9	98.167839260252	188.633547147542	212.648864973436	62.5068280852286	58079.7273853628
1995.3	101.251701761063	235.392021144873	256.244630632877	66.7254893234021	58081.1794123591
1584.9	102.313800554068	295.514713073441	312.725213928611	70.9030027011548	58082.5214363557
1258.9	102.261754757316	365.349742473785	379.391487531951	74.3630140941432	58083.9134623522
1000	108.646983204681	465.4068596755	477.92019416686	76.8599009609546	58088.0265403418
794.33	114.393664519939	583.673562905774	594.777890071092	78.9112051070991	58089.4485653382
630.96	122.896499596643	732.454708968638	742.693375696485	80.4752244324797	58090.8355883347
501.19	135.259446277711	918.088269763131	927.998485388857	81.6190587168128	58092.2426173312
398.11	153.392199353019	1151.57784102445	1161.74897923815	82.4127634742353	58095.2386743236
316.23	180.017994693764	1441.12106915846	1452.32104384189	82.8797649676462	58096.5456943203
251.19	219.375491944645	1802.4931416814	1815.79380224585	83.0608475725689	58097.9927233167
199.53	276.536864835157	2250.74227170383	2267.66695333495	82.9954743291741	58099.3997503131
158.49	358.405385058763	2800.78044457841	2823.61922340317	82.707705968842	58100.8267743095
125.89	474.175971034916	3476.53331409172	3508.72152435847	82.2331634764531	58102.2838023058
100	634.91181606171	4297.246018765	4343.89644903817	81.5954365329488	58103.7408303022
79.433	849.030869462434	5289.64930257396	5357.35411948112	80.881347293602	58105.2428572984
63.096	1125.88734785736	6478.04591449163	6575.15788330037	80.1404544627217	58106.8048872944
50.119	1467.68235816109	7905.25135114372	8040.34143735307	79.4822686547419	58108.56191629
39.811	1856.90639762713	9609.01615279065	9786.79175185312	79.0626240550996	58110.1889472859
31.623	2297.88766061067	11672.4643225184	11896.4999500379	78.8629417504494	58111.9409822815
25.119	2779.78177404026	14178.0715459315	14448.0067647008	78.9071808186565	58113.5780092773
19.953	3284.38108597387	17258.6819321283	17568.416580679	79.2252712535395	58115.5400482724
15.849	3809.30321282901	21062.5311204343	21404.2287449591	79.7484797483984	58117.5570862673
12.589	4376.43775167972	25833.6668925036	26201.7471269983	80.3849072228435	58119.6891242619
10	4959.78942265105	31754.3776096234	32139.3840714409	81.1225677938533	58122.0761672559
7.9433	5592.16404897762	39122.8036558445	39520.4512201523	81.8653163323427	58124.4932122498
6.3096	6276.88425130859	48430.2387203745	48835.3079074637	82.6152479455974	58126.8952562437
5.0119	7005.93535281255	60099.3717795145	60506.343621641	83.3508966569894	58129.4323062373
3.9811	7846.15215873736	74665.9384753973	75077.0568956314	84.0011796089946	58131.929350231
3.1623	8765.19895671395	93033.3255114091	93445.3228816862	84.6177264989216	58134.5513982244
2.5119	9995.36813072993	115813.871063803	116244.398208481	85.067285120284	58137.2584482175
1.9953	11203.2406631557	144622.772649429	145056.05457948	85.5704138691281	58143.6315682014
1.5849	12956.2920129494	180785.42454532	181249.097186045	85.9008098196769	58146.4086201944
1.2589	14587.5890185791	226013.737626677	226484.011244404	86.3070847555546	58149.4106731869
1	17117.4878100325	282257.359035043	282775.927402535	86.5295498158899	58154.5597741739
0.79433	20269.7594426007	353204.521150904	353785.665211721	86.7155028959619	58157.8168311656
0.63096	24472.6907648699	441899.628690625	442576.76670854	86.8301602214643	58161.4338971565
0.50119	29959.762876644	553447.278610036	554257.591371088	86.9014317298447	58165.2959701467
0.39811	37226.6939349775	693052.647215969	694051.726137463	86.9253639169339	58169.548046136
0.31623	47206.8239406877	867502.671602309	868786.147140774	86.8852121999599	58174.4101381237
0.25119	61225.4024180617	1086369.66476816	1088093.56143198	86.774348235077	58179.9372411098
0.19953	79252.3580395197	1359082.4996862	1361391.26529007	86.6626829483959	58186.2143560939
0.15849	106629.61539716	1700882.33941712	1704221.40798102	86.4127782421376	58193.6114920753
0.12589	142409.782120051	2129252.40664932	2134009.4557582	86.1736121668694	58202.2386510535
0.1	194532.481103214	2656945.4377187	2664057.42153175	85.8124704680734	58223.3080450003
