Frequency (Hz)	Z' (Ω)	-Z'' (Ω)	Z (Ω)	-Phase (°)	Time (s)
10000	100.20864177177	51.3753377807919	112.61082193925	27.1434750353101	4815.22715984272
7943.3	101.230088744453	62.0584451603948	118.738289877089	31.5101076374753	4816.3441798399
6309.6	100.211769785672	76.6698583822455	126.177121491696	37.4188214119323	4817.55120183685
5011.9	101.277602956348	94.9050318332254	138.795237410544	43.1395239487073	4818.76322183379
3981.1	101.350946631107	119.647557056121	156.804184550411	49.7327614487424	4819.96524383076
3162.3	102.763398735485	149.061121252126	181.051191624384	55.4174479551542	4821.16726882772
2511.9	103.593009309299	186.907379229386	213.69576502157	61.0026833514442	4822.3642908247
1995.3	105.811630361522	233.166868528785	256.052513557831	65.5913499737947	4823.56131382168
1584.9	107.643318599263	295.266321068995	314.275809436045	69.9699911958836	4824.71833481876
1258.9	110.50545777062	369.551521710931	385.719824997315	73.3519756351002	4825.88535381581
1000	116.35599041165	462.585284038041	476.994613715114	75.8810574060998	4829.73842580608
794.33	123.042504726693	580.128808072224	593.033634733071	78.0252966905421	4830.94044980305
630.96	132.836228742765	727.109902669798	739.144285121033	79.6467682067988	4832.14246980001
501.19	147.134501144527	911.271724626441	923.073516861304	80.8281430678554	4833.35949479694
398.11	168.022914610621	1141.71532421857	1154.01281682213	81.628042428247	4835.99554279029
316.23	198.690058500597	1427.66023571074	1441.41995545248	82.0769345259725	4837.11756378745
251.19	243.681046028289	1783.39715935505	1799.96829977339	82.2193630121701	4838.36958678429
199.53	308.444566930437	2222.23747806201	2243.54127659205	82.0978843965404	4839.57160878126
158.49	401.316340063837	2760.06960507291	2789.09286859537	81.7271225505035	4840.82862977808
125.89	532.471235491599	3418.33020631543	3459.55300812611	81.1462230768044	4842.10565677486
100	711.213865636981	4208.95796983632	4268.624175835	80.4089742108419	4843.36267977168
79.433	948.012314146139	5161.62966647014	5247.96609759985	79.5927409153651	4844.67470376837
63.096	1252.10279092912	6298.80824138678	6422.05159281787	78.7570708351232	4846.02672676496
50.119	1618.63298957912	7638.63678872775	7808.24850687136	78.0359548586586	4847.56875476107
39.811	2040.45065852002	9241.88381037085	9464.45218986549	77.5497980562184	4848.99078375748
31.623	2511.93031947652	11177.5900617691	11456.3656330821	77.3343881267563	4850.51780975362
25.119	3018.28864288538	13502.3891871376	13835.627202722	77.3994055958393	4851.97983974993
19.953	3552.42112187499	16379.2126807001	16760.0209983982	77.7628771584405	4853.74187174548
15.849	4104.416507755	19918.6448866305	20337.1248948524	78.3566555014123	4855.58390574083
12.589	4692.6530963253	24308.6536310236	24757.4561382128	79.0737653549428	4857.42594073618
10	5300.19280051886	29794.745535675	30262.4999836149	79.9131589786171	4859.60798073067
7.9433	5928.98655031911	36653.3587237417	37129.7937948106	80.8115192265142	4861.8150227251
6.3096	6593.60732089118	45239.0160662471	45717.0015655475	81.7075045967913	4864.1120647193
5.0119	7350.53209348064	56020.880613231	56501.0565099377	82.5248901999271	4866.37910271357
3.9811	8155.61628313651	69525.6290970761	70002.3369488616	83.3095661709696	4868.7461477076
3.1623	9023.55430148548	86423.5907814831	86893.3920145664	84.0393009124239	4871.17819270146
2.5119	10174.4296834051	107585.321073582	108065.352124945	84.5975599864642	4873.67023969517
1.9953	11290.0283532807	134339.95551722	134813.531919413	85.1961091724806	4876.24228968867
1.5849	12586.8819836768	167920.911527443	168391.989495577	85.7132850063634	4881.5383876753
1.2589	14187.2775285418	209890.355920424	210369.295174163	86.1330451588421	4884.1904356686
1	16232.8455880701	262050.050853801	262552.346072866	86.4553083405069	4889.12452565615
0.79433	18807.2663514839	327974.858208562	328513.654030608	86.7180466576843	4892.14658264852
0.63096	21994.2078977142	410441.606262381	411030.482242243	86.9326424778912	4895.56864663988
0.50119	26274.9429905976	514170.916381046	514841.824137554	87.0746401281075	4899.31071563043
0.39811	31746.8798597652	643998.225779061	644780.256511789	87.1778013488706	4903.39779162011
0.31623	38669.2630556076	806427.234458263	807353.823537899	87.2546936747389	4908.08987760826
0.25119	48738.4460322219	1010777.70376088	1011952.07521984	87.2394068220658	4913.35697359497
0.19953	61013.8831014817	1265624.37565602	1267094.21677545	87.2399918573199	4919.53408957937
0.15849	79660.0891067487	1587268.70404795	1589266.39322882	87.1269132353186	4926.7312235612
0.12589	99694.3323282868	1989572.84952375	1992069.0458567	87.1313988543667	4935.15837653992
0.1	137344.350602521	2490553.88273788	2494338.0110689	86.8435579067358	4945.20056351457
