Frequency (Hz)	Z' (Ω)	-Z'' (Ω)	Z (Ω)	-Phase (°)	Time (s)
10000	98.0555809448206	51.3468203759111	110.686010485257	27.6388097945853	18825.186563471
7943.3	99.0739545668656	63.0737717111911	117.447644299036	32.4821852797238	18826.368582468
6309.6	99.4362670905335	77.2529984433775	125.91900961091	37.8439797990253	18827.6406054648
5011.9	99.6087067939302	95.7096865602348	138.138476068826	43.8563916971125	18828.9126314616
3981.1	100.243260358033	119.418282014122	155.914839981359	49.9889018794046	18830.1696564584
3162.3	101.297101860603	149.666961786211	180.724382128346	55.9092012509019	18831.4166754552
2511.9	102.06578383406	188.157082452551	214.057263148712	61.5223882918642	18832.683700452
1995.3	102.325340153786	234.406975115924	255.767678217138	66.4173561633457	18833.9457244489
1584.9	106.692303401387	293.313889547886	312.115820500664	70.01125083415	18835.1727474458
1258.9	108.703867209717	368.334110648914	384.039773739484	73.5574578852799	18836.4247714426
1000	113.880998216021	463.74099025388	477.5192014949	76.2028797474565	18840.3528434327
794.33	120.255367784155	581.755731517005	594.054782519077	78.3208205740319	18841.6448674294
630.96	129.451471315048	729.238632921059	740.639363773089	79.9339460192667	18842.8868874263
501.19	142.882073958419	914.175417116719	925.274002833315	81.116761162802	18844.1539124231
398.11	162.810330693344	1146.04559365391	1157.55246382789	81.9145104896292	18846.9899674159
316.23	191.948750636411	1433.72188177981	1446.51400171762	82.3745031746696	18848.161987413
251.19	234.677586558518	1792.14952855889	1807.44944669188	82.5397061087349	18849.4790114096
199.53	296.447387862519	2232.82958007198	2252.42291486632	82.4372078605253	18850.7460354064
158.49	385.379352797003	2777.24553311148	2803.85627248436	82.0999050944053	18852.0280594032
125.89	510.957241655904	3443.38363856011	3481.08721308503	81.5595770827919	18853.3800813998
100	683.546433025539	4246.63792398403	4301.29856944637	80.8560002758959	18854.6971063965
79.433	912.165285289014	5213.24334102215	5292.44288022064	80.0753785990086	18856.0941313929
63.096	1205.96268112839	6367.02801315329	6480.23083759777	79.2748029436221	18857.5111603894
50.119	1565.40289508543	7745.31363986452	7901.92189304686	78.5738878872676	18859.1981923851
39.811	1974.60326204926	9387.17442542911	9592.6066184289	78.1209507101533	18860.6852183813
31.623	2436.29698904304	11365.117466308	11623.3144172305	77.900834223646	18862.2822463773
25.119	2927.12156199724	13762.4039268973	14070.245288757	77.9927016842694	18863.8942763732
19.953	3453.73164441512	16701.2051900816	17054.5746670166	78.3161911119411	18865.7313113686
15.849	4008.15258719562	20361.6744878151	20752.4233551165	78.8638288656447	18867.6183453638
12.589	4572.83869021635	24905.8414966657	25322.1601437116	79.5960800141681	18869.6353853587
10	5174.77701726303	30548.700072706	30983.8892541033	80.3856848673924	18871.8824243531
7.9433	5828.13287568736	37614.3221690713	38063.1628356782	81.1923715558932	18874.1344653474
6.3096	6524.71950323959	46497.5694197117	46953.1247792611	82.0121899998206	18876.3965073417
5.0119	7236.4591237258	57593.2923019127	58046.1338835147	82.8384524967955	18878.8035533356
3.9811	8065.73436745476	71501.199424932	71954.6912305948	83.5639241590295	18881.2305993295
3.1623	8935.42551802125	89006.889956723	89454.2804395424	84.2672684147646	18883.7476463231
2.5119	10071.0232282895	110820.49451685	111277.165284814	84.8074002647378	18886.3046913167
1.9953	11413.1408965535	138314.815054927	138784.897769186	85.2828864924731	18888.9217393101
1.5849	12730.2820191241	172740.529991959	173208.980085299	85.7851509841183	18894.487847296
1.2589	14441.8686093804	216179.300877222	216661.158717236	86.1780316445496	18897.264897289
1	16590.6497231026	269779.412434975	270289.069390523	86.4809079068597	18902.2639912764
0.79433	19377.4308140401	337723.687369676	338279.135974307	86.7161643964014	18905.4610482683
0.63096	22877.9296583312	422554.500710859	423173.375505188	86.900919892715	18908.9831142594
0.50119	27580.3646404129	529168.48313788	529886.742672566	87.0164324678112	18912.72018225
0.39811	33499.6582486253	662843.3707178	663689.355954508	87.1067714720619	18916.8922582394
0.31623	41674.831313128	830070.686282764	831116.198729706	87.1258005748571	18921.6543462274
0.25119	52585.8511593947	1039699.12491089	1041028.11781557	87.1045641684635	18927.0514472138
0.19953	66353.8043230286	1301453.65176318	1303144.05766816	87.0813375259704	18933.298565198
0.15849	88111.3923758594	1630964.9993596	1633343.33396333	86.9076540200216	18940.5806991796
0.12589	114626.412617467	2046191.57084692	2049399.70700557	86.7936763270197	18949.0578551582
0.1	150526.661718114	2559375.78238025	2563798.48492866	86.634093835302	18959.2200431326
