Frequency (Hz)	Z' (Ω)	-Z'' (Ω)	Z (Ω)	-Phase (°)	Time (s)
10000	93.1844568029319	51.2304562263229	106.3386224982	28.8008817968295	75516.2452333398
7943.3	93.5143675928665	62.9307929163247	112.717441611186	33.9387081082524	75517.6072583364
6309.6	94.2965272056372	77.0497058045446	121.772296552255	39.2522632633144	75519.1142863326
5011.9	94.0761330973119	96.2704888227077	134.604330675897	45.6604884882502	75520.541312329
3981.1	94.2734061354808	120.452890290544	152.958732616778	51.9512091506449	75522.0283403252
3162.3	95.4946585135688	150.206687295767	177.992355771228	57.5536337821832	75523.4603673216
2511.9	95.3735617363209	189.371458673913	212.03222783001	63.2687036716178	75524.9123933179
1995.3	97.9887132902763	235.809187889481	255.358103504433	67.4350442680972	75526.3544183143
1584.9	100.364845575121	292.905951067177	309.623962893516	71.0858674879512	75527.7564443107
1258.9	101.339800887943	370.402110754561	384.01494618757	74.6986688122653	75529.2034723071
1000	106.650593194307	465.87823011786	477.929779702466	77.1058154574768	75533.3515522966
794.33	112.348035266881	584.514674477789	595.213815118738	79.1200154409615	75534.8285772929
630.96	120.628571696303	733.228123060659	743.084606728297	80.6575512703412	75536.2906042892
501.19	132.567357550924	920.456319208184	929.953729955589	81.8044165434927	75539.3216622816
398.11	150.449717194102	1152.09643105072	1161.87835156852	82.5599726443505	75541.510703276
316.23	176.655396839462	1442.40259790192	1453.18009333555	83.0175857413034	75542.8727272726
251.19	214.613752403417	1803.984376582	1816.70545044392	83.2156068874802	75544.3447522689
199.53	271.333631731947	2251.63993084107	2267.9295222442	83.128710638095	75545.7917812652
158.49	351.27701349547	2804.97312157917	2826.88339925649	82.8618030021769	75547.3138092614
125.89	464.783626485393	3486.11070608301	3516.95772998702	82.4058594003782	75551.0668802519
100	622.067448808966	4312.10348811965	4356.74240724895	81.7910986747688	75552.4989032483
79.433	833.17662187764	5311.47163115019	5376.42206041868	81.0850245997579	75554.0759312443
63.096	1101.75565485848	6510.73909784876	6603.30138061781	80.3953239652585	75555.7029622402
50.119	1435.74302822652	7951.39164571006	8079.97445209877	79.7646732244689	75557.5799982355
39.811	1827.10340769142	9673.8377104082	9844.8688619866	79.3045017592472	75560.149048229
31.623	2264.51807686587	11757.7514127163	11973.8364947783	79.0984398545057	75561.8310782247
25.119	2735.703552267	14291.7207633092	14551.1977617752	79.1635963627309	75563.5281082204
19.953	3234.3625723605	17401.7343326782	17699.7587281464	79.4709028257493	75565.5551462153
15.849	3762.25312800954	21253.6432654957	21584.0658972347	79.9616694197161	75567.67718621
12.589	4328.55527015329	26057.8434205476	26414.912349969	80.5685272802013	75569.7892262046
10	4906.32105442301	32073.6224885418	32446.7139449678	81.302850205241	75572.2162681985
7.9433	5529.28399021042	39549.5603897767	39934.2047431646	82.0412658132273	75574.7033141922
6.3096	6180.60329637784	48960.2525124003	49348.8214974299	82.8052007119615	75577.175360186
5.0119	6917.28016477559	60737.2568827516	61129.8874407548	83.5026597972265	75579.6724061797
3.9811	7759.00674628548	75510.6447147423	75908.2317731413	84.1332301060257	75582.2944541731
3.1623	8698.88797031414	94006.4086986603	94408.0268215559	84.7131875881772	75584.9215051664
2.5119	9954.16639136808	117223.057782902	117644.934886805	85.1462896121294	75587.7035551594
1.9953	11147.8469387792	146454.98473012	146878.64733742	85.6471589156862	75591.9176361487
1.5849	12995.0597322335	183023.179250405	183483.938589649	85.9386856951919	75594.7446871416
1.2589	14329.9609353866	228468.051688704	228917.012087005	86.4109986783361	75597.7367421341
1	17262.9079154552	285749.089328706	286270.064872111	86.5428022982093	75602.915841121
0.79433	20481.1961228912	357663.930666657	358249.866286852	86.7226051098084	75606.2429001126
0.63096	24885.4338566296	447578.708744575	448269.99156724	86.8176238853711	75610.1349711028
0.50119	30804.3020760836	560521.567708135	561367.377830579	86.8543889048573	75614.1270470927
0.39811	38402.4450345889	701423.965771161	702474.431949503	86.8662269538845	75618.4641260817
0.31623	49570.0780076666	877968.378749804	879366.628158157	86.7685121646838	75623.4012180693
0.25119	63103.3748215456	1098785.73552111	1100596.26044183	86.7131080991924	75628.9983230551
0.19953	83739.1866728812	1376118.97085304	1378664.45276807	86.517748027644	75635.4354380389
0.15849	109227.144026449	1719593.13649969	1723058.65369958	86.3655019040458	75642.8775790201
0.12589	148215.525481877	2155062.14311771	2160152.93039473	86.0656482630088	75651.5447369982
0.1	203435.013370487	2698450.48057669	2706108.05416	85.6886516215363	75672.7091309448
